* Fiiting funtion = par[0] + par[1]*x && y=a*x+b (y=Energy, x=Ch), so a = par[1], b = par[0];  0.0 isn't a peak
* SSDNum CHNum    par0(a)   err_par0     par1(b)      err_par1       peak1     peak2     peak3      peak4     peak5   peak6     peak7     peak8      peak9     peak10    peak11 
* SSD1, SSD2 的数据已经替换成 LowGain
 0        0     0.00034536  0.00000053  -0.02948458  0.00094268   2977.5    2689.5    2400.5     2113.5     1825.5     1535.5     1245.5    958.5     668.5      375.5      219.5    
 0        1     0.00034749  0.00000060  -0.02666276  0.00106447   2950.5    2664.5    2377.5     2092.5     1806.5     1518.5     1230.5    944.5     656.5      365.5      208.5    
 0        2     0.00035243  0.00000057  -0.02425042  0.00099850   2902.5    2620.5    2337.5     2056.5     1774.5     1489.5     1205.5    924.5     640.5      353.5      199.5    
 0        3     0.00035376  0.00000073  -0.03845459  0.00122974   2933.5    2652.5    2369.5     2088.5     1806.5     1523.5     1239.5    959.5     675.5      388.5      234.5    
 0        4     0.00035358  0.00000056  -0.02259497  0.00095999   2888.5    2607.5    2325.5     2044.5     1763.5     1480.5     1197.5    916.5     633.5      347.5      194.5    
 0        5     0.00034376  0.00000051  -0.03274119  0.00091470   3000.5    2711.5    2421.5     2132.5     1843.5     1552.5     1260.5    972.5     680.5      386.5      230.5    
 0        6     0.00034797  0.00000056  -0.03542945  0.00100532   2971.5    2686.5    2399.5     2114.5     1829.5     1541.5     1253.5    968.5     680.5      389.5      234.5    
 0        7     0.00034781  0.00000055  -0.03078843  0.00097017   2959.5    2674.5    2387.5     2102.5     1816.5     1528.5     1240.5    955.5     667.5      376.5      221.5    
 0        8     0.00035128  0.00000070  -0.02613379  0.00123146   2916.5    2634.5    2350.5     2068.5     1785.5     1500.5     1215.5    933.5     648.5      361.5      202.5    
 0        9     0.00034827  0.00000062  -0.02452816  0.00109624   2937.5    2652.5    2366.5     2081.5     1796.5     1508.5     1221.5    936.5     649.5      358.5      201.5    
 0        10    0.00035184  0.00000062  -0.03186489  0.00109870   2928.5    2646.5    2363.5     2081.5     1798.5     1514.5     1229.5    948.5     663.5      375.5      220.5    
 0        11    0.00034571  0.00000059  -0.02176091  0.00104416   2951.5    2664.5    2375.5     2089.5     1801.5     1511.5     1222.5    935.5     645.5      353.5      195.5    
 0        12    0.00034349  0.00000053  -0.03256666  0.00095780   3002.5    2713.5    2422.5     2133.5     1844.5     1552.5     1261.5    972.5     681.5      386.5      229.5    
 0        13    0.00034711  0.00000056  -0.03146954  0.00100124   2967.5    2681.5    2394.5     2108.5     1822.5     1533.5     1245.5    959.5     670.5      379.5      223.5    
 0        14    0.00034969  0.00000056  -0.02961280  0.00099640   2940.5    2656.5    2371.5     2087.5     1803.5     1516.5     1230.5    947.5     660.5      371.5      216.5    
 0        15    0.00034770  0.00000057  -0.03305342  0.00100907   2967.5    2681.5    2394.5     2109.5     1823.5     1535.5     1247.5    962.5     674.5      383.5      227.5    
 1        0     0.00027377  0.00000027  -0.01587572  0.00059833   3705.5    3344.5    2980.5     2616.5     2250.5     1889.5     1522.5    1155.5    788.5      423.5      233.5    
 1        1     0.00027313  0.00000014  -0.02078577  0.00031713   3738.5    3371.5    3004.5     2637.5     2270.5     1908.5     1541.5    1175.5    809.5      444.5      255.5    
 1        2     0.00026805  0.00000013  -0.01629154  0.00028906   3790.5    3418.5    3045.5     2671.5     2297.5     1928.5     1554.5    1180.5    807.5      435.5      243.5    
 1        3     0.00026622  0.00000021  -0.01926331  0.00048672   3823.5    3453.5    3078.5     2702.5     2326.5     1954.5     1577.5    1200.5    823.5      448.5      254.5    
 1        4     0.00026809  0.00000022  -0.02197410  0.00049475   3807.5    3438.5    3066.5     2694.5     2320.5     1951.5     1576.5    1201.5    828.5      455.5      262.5    
 1        5     0.00027447  0.00000023  -0.01626298  0.00049780   3698.5    3337.5    2974.5     2610.5     2245.5     1885.5     1519.5    1153.5    788.5      423.5      235.5    
 1        6     0.00027129  0.00000015  -0.02328324  0.00033440   3770.5    3403.5    3034.5     2665.5     2296.5     1931.5     1561.5    1192.5    823.5      456.5      265.5    
 1        7     0.00027116  0.00000017  -0.02233034  0.00039121   3767.5    3401.5    3032.5     2664.5     2294.5     1929.5     1559.5    1189.5    820.5      452.5      261.5    
 1        8     0.00026701  0.00000022  -0.01940851  0.00050446   3813.5    3442.5    3069.5     2695.5     2320.5     1949.5     1573.5    1197.5    822.5      447.5      253.5    
 1        9     0.00026734  0.00000015  -0.02246855  0.00034947   3822.5    3450.5    3076.5     2702.5     2327.5     1957.5     1582.5    1206.5    832.5      459.5      266.5    
 1        10    0.00026914  0.00000016  -0.02111222  0.00035282   3792.5    3422.5    3050.5     2679.5     2306.5     1939.5     1566.5    1193.5    822.5      451.5      259.5    
 1        11    0.00026168  0.00000023  -0.01909055  0.00053624   3887.5    3514.5    3131.5     2749.5     2365.5     1987.5     1603.5    1220.5    837.5      455.5      258.5    
 1        12    0.00026613  0.00000021  -0.01793419  0.00046953   3820.5    3448.5    3074.5     2698.5     2322.5     1950.5     1572.5    1195.5    819.5      443.5      249.5    
 1        13    0.00026875  0.00000018  -0.02192911  0.00039875   3799.5    3430.5    3058.5     2686.5     2313.5     1945.5     1572.5    1198.5    826.5      454.5      262.5    
 1        14    0.00026855  0.00000019  -0.01744750  0.00042309   3785.5    3415.5    3044.5     2672.5     2299.5     1930.5     1556.5    1182.5    810.5      438.5      245.5    
 1        15    0.00028211  0.00000024  -0.01800869  0.00050642   3605.5    3253.5    2899.5     2545.5     2190.5     1840.5     1484.5    1128.5    773.5      419.5      234.5  
* 以上数据已经替换成 LowGain 
 2        0     0.00028015  0.00000021  -0.01935622  0.00047091   3636.5    3280.5    2924.5     2567.5     2213.5     1855.5     1498.5    1142.5    782.5      421.5      0.0      
 2        1     0.00027640  0.00000013  -0.01930090  0.00030755   3687.5    3325.5    2963.5     2601.5     2241.5     1879.5     1518.5    1157.5    793.5      428.5      0.0      
 2        2     0.00027555  0.00000021  -0.01936855  0.00049047   3696.5    3335.5    2973.5     2611.5     2250.5     1886.5     1523.5    1161.5    795.5      428.5      0.0      
 2        3     0.00028185  0.00000014  -0.02137280  0.00031453   3623.5    3268.5    2913.5     2558.5     2205.5     1850.5     1496.5    1142.5    785.5      427.5      0.0      
 2        4     0.00028618  0.00000016  -0.02219697  0.00036052   3571.5    3221.5    2872.5     2522.5     2175.5     1825.5     1476.5    1128.5    776.5      423.5      0.0      
 2        5     0.00028601  0.00000016  -0.02498604  0.00035310   3582.5    3233.5    2884.5     2534.5     2186.5     1836.5     1487.5    1138.5    786.5      433.5      0.0      
 2        6     0.00027780  0.00000018  -0.02408384  0.00041586   3684.5    3325.5    2966.5     2606.5     2248.5     1887.5     1527.5    1169.5    806.5      442.5      0.0      
 2        7     0.00027542  0.00000018  -0.02659460  0.00042565   3725.5    3363.5    3001.5     2637.5     2277.5     1912.5     1550.5    1188.5    822.5      455.5      0.0      
 2        8     0.00027922  0.00000016  -0.02152602  0.00037214   3657.5    3299.5    2942.5     2583.5     2227.5     1868.5     1510.5    1154.5    793.5      431.5      0.0      
 2        9     0.00027936  0.00000018  -0.02058675  0.00041615   3651.5    3294.5    2937.5     2579.5     2223.5     1864.5     1506.5    1150.5    789.5      427.5      0.0      
 2        10    0.00028154  0.00000015  -0.02690462  0.00034590   3646.5    3291.5    2936.5     2581.5     2228.5     1872.5     1517.5    1163.5    805.5      447.5      0.0      
 2        11    0.00028310  0.00000020  -0.02250387  0.00045464   3609.5    3257.5    2905.5     2552.5     2201.5     1847.5     1493.5    1141.5    785.5      428.5      0.0      
 2        12    0.00028183  0.00000020  -0.02482731  0.00045508   3634.5    3280.5    2926.5     2571.5     2219.5     1863.5     1508.5    1155.5    797.5      438.5      0.0      
 2        13    0.00028499  0.00000021  -0.02314841  0.00048133   3587.5    3238.5    2888.5     2537.5     2188.5     1837.5     1486.5    1136.5    782.5      427.5      0.0      
 2        14    0.00028394  0.00000018  -0.02736037  0.00041551   3616.5    3265.5    2913.5     2561.5     2211.5     1858.5     1506.5    1155.5    800.5      444.5      0.0      
 2        15    0.00028063  0.00000021  -0.01963251  0.00048748   3630.5    3276.5    2920.5     2564.5     2210.5     1853.5     1496.5    1141.5    782.5      421.5      0.0      
 3        0     0.00031523  0.00000046  -0.03522252  0.00096108   3274.5    2970.5    2653.5     2334.5     2016.5     1700.5     1381.5    1061.5    745.5      426.5      0.0      
 3        1     0.00032617  0.00000051  -0.02455002  0.00099908   3131.5    2837.5    2531.5     2224.5     1916.5     1610.5     1303.5    993.5     687.5      378.5      0.0      
 3        2     0.00031498  0.00000049  -0.02610115  0.00100942   3247.5    2943.5    2626.5     2308.5     1989.5     1672.5     1354.5    1033.5    716.5      397.5      0.0      
 3        3     0.00033754  0.00000052  -0.02641897  0.00099495   3031.5    2748.5    2451.5     2154.5     1857.5     1561.5     1264.5    965.5     670.5      371.5      0.0      
 3        4     0.00030840  0.00000040  -0.02851930  0.00083168   3326.5    3014.5    2689.5     2364.5     2039.5     1715.5     1390.5    1063.5    740.5      414.5      0.0      
 3        5     0.00033272  0.00000050  -0.02466645  0.00096677   3070.5    2782.5    2481.5     2180.5     1879.5     1579.5     1277.5    974.5     674.5      371.5      0.0      
 3        6     0.00031169  0.00000044  -0.02381457  0.00089995   3275.5    2967.5    2646.5     2324.5     2003.5     1682.5     1360.5    1037.5    717.5      394.5      0.0      
 3        7     0.00031315  0.00000049  -0.02419598  0.00100090   3260.5    2954.5    2635.5     2315.5     1995.5     1676.5     1356.5    1033.5    714.5      393.5      0.0      
 3        8     0.00030876  0.00000049  -0.02260064  0.00101716   3301.5    2991.5    2667.5     2343.5     2018.5     1695.5     1370.5    1043.5    719.5      393.5      0.0      
 3        9     0.00032025  0.00000042  -0.02222852  0.00084848   3183.5    2883.5    2570.5     2257.5     1943.5     1632.5     1319.5    1004.5    693.5      379.5      0.0      
 3        10    0.00031914  0.00000045  -0.03132036  0.00092312   3222.5    2921.5    2608.5     2293.5     1979.5     1667.5     1352.5    1036.5    724.5      408.5      0.0      
 3        11    0.00033282  0.00000052  -0.02545003  0.00101179   3071.5    2783.5    2483.5     2182.5     1881.5     1581.5     1279.5    976.5     676.5      373.5      0.0      
 3        12    0.00030854  0.00000044  -0.03085502  0.00093397   3331.5    3020.5    2696.5     2371.5     2046.5     1722.5     1397.5    1070.5    747.5      421.5      0.0      
 3        13    0.00030121  0.00000039  -0.02331584  0.00084022   3388.5    3069.5    2736.5     2403.5     2070.5     1739.5     1406.5    1071.5    740.5      407.5      0.0      
 3        14    0.00030089  0.00000041  -0.02329079  0.00088256   3391.5    3072.5    2739.5     2406.5     2072.5     1741.5     1407.5    1072.5    741.5      407.5      0.0      
 3        15    0.00035024  0.00000056  -0.02545143  0.00103236   2918.5    2645.5    2360.5     2073.5     1787.5     1502.5     1216.5    927.5     642.5      355.5      0.0      
 
