*Energy (MeV/u)1	0 - [He-base] F.Hubert et al, AD&ND Tables 46(1990)1	Energy (MeV/u)2	1 - [H -base] J.F.Ziegler et al, Pergamon Press, NY (low energy)	Energy (MeV/u)3	2 - ATIMA 1.2  LS-theory (recommended for high energy)	Energy (MeV/u)4	3 - ATIMA 1.2  without LS-correction	Energy (MeV/u)5	4 - Range straggling - method [0] - LISE	Energy (MeV/u)6	5 - Range straggling - method [1] - Atima	Energy (MeV/u)7	6 - Lateral range - method [0] - LISE	Energy (MeV/u)8	7 - Lateral range - method [1] - Atima	Energy (MeV/u)9	8 - Lateral range - method [2] - PDG	
0.001000	0.0744944 	0.001000	0.0744944 	0.001000	0.0602611 	0.001000	0.0602611 	0.001000	0         	0.001000	0         	0.001000	0.000163183	0.001000	0.000259946	0.001000	0.000123388
0.002000	0.151479  	0.002000	0.148989  	0.002000	0.120522  	0.002000	0.120522  	0.002000	0.00793273	0.002000	0.00793273	0.002000	0.000477875	0.002000	0.000735402	0.002000	0.000375407
0.005000	0.34865   	0.005000	0.339782  	0.005000	0.272782  	0.005000	0.272782  	0.005000	0.0093583 	0.005000	0.0093583 	0.005000	0.00163189	0.005000	0.00242946	0.005000	0.00132382
0.008000	0.5179    	0.008000	0.503557  	0.008000	0.402915  	0.008000	0.402915  	0.008000	0.00941734	0.008000	0.00941734	0.008000	0.00292118	0.008000	0.00427618	0.008000	0.00240508
0.010000	0.620879  	0.010000	0.603206  	0.010000	0.482147  	0.010000	0.482147  	0.010000	0.00962477	0.010000	0.00962477	0.010000	0.00382359	0.010000	0.0055538 	0.010000	0.00316864
0.015000	0.854089  	0.015000	0.828873  	0.015000	0.662249  	0.015000	0.662249  	0.015000	0.0106943 	0.015000	0.0106943 	0.015000	0.00617143	0.015000	0.00884334	0.015000	0.00517039
0.020000	1.04718   	0.020000	1.01572   	0.020000	0.817013  	0.020000	0.817013  	0.020000	0.0119538 	0.020000	0.0119538 	0.020000	0.00846829	0.020000	0.0120403 	0.020000	0.00713777
0.025000	1.20773   	0.025000	1.17108   	0.025000	0.950989  	0.025000	0.950989  	0.025000	0.0130722 	0.025000	0.0130722 	0.025000	0.0106385 	0.025000	0.0150519 	0.025000	0.00900062
0.030000	1.34565   	0.030000	1.30453   	0.030000	1.07027   	0.030000	1.07027   	0.030000	0.0140336 	0.030000	0.0140336 	0.030000	0.0127094 	0.030000	0.0179178 	0.030000	0.0107818
0.035000	1.4674    	0.035000	1.42234   	0.035000	1.17909   	0.035000	1.17909   	0.035000	0.0148732 	0.035000	0.0148732 	0.035000	0.0147159 	0.035000	0.0206866 	0.035000	0.0125111
0.040000	1.57719   	0.040000	1.52859   	0.040000	1.27977   	0.040000	1.27977   	0.040000	0.0156127 	0.040000	0.0156127 	0.040000	0.016676  	0.040000	0.0233848 	0.040000	0.0142033
0.045000	1.67794   	0.045000	1.62607   	0.045000	1.37402   	0.045000	1.37402   	0.045000	0.0162726 	0.045000	0.0162726 	0.045000	0.0185894 	0.045000	0.0260129 	0.045000	0.0158578
0.050000	1.77175   	0.050000	1.71685   	0.050000	1.46308   	0.050000	1.46308   	0.050000	0.0168698 	0.050000	0.0167516 	0.050000	0.0202158 	0.050000	0.0282179 	0.050000	0.0172648
0.055000	1.86026   	0.055000	1.8025    	0.055000	1.54791   	0.055000	1.54791   	0.055000	0.0174171 	0.055000	0.0171231 	0.055000	0.0216433 	0.055000	0.0300467 	0.055000	0.0185003
0.060000	1.94459   	0.060000	1.8841    	0.060000	1.62927   	0.060000	1.62927   	0.060000	0.0179249 	0.060000	0.0174667 	0.060000	0.0229281 	0.060000	0.0316727 	0.060000	0.0196129
0.070000	2.1039    	0.070000	2.03826   	0.070000	1.78384   	0.070000	1.78384   	0.070000	0.0188519 	0.070000	0.0180932 	0.070000	0.0252157 	0.070000	0.0345133 	0.070000	0.0215951
0.080000	2.25447   	0.080000	2.18395   	0.080000	1.93035   	0.080000	1.93035   	0.080000	0.0196968 	0.080000	0.0186652 	0.080000	0.0272864 	0.080000	0.037029  	0.080000	0.023391
0.090000	2.39934   	0.090000	2.32414   	0.090000	2.07121   	0.090000	2.07121   	0.090000	0.0204891 	0.090000	0.0192041 	0.090000	0.029239  	0.090000	0.039358  	0.090000	0.0250866
0.100000	2.54051   	0.100000	2.46074   	0.100000	2.20811   	0.100000	2.20811   	0.100000	0.0212485 	0.100000	0.0197235 	0.100000	0.0310633 	0.100000	0.0415075 	0.100000	0.0266733
0.120000	2.81668   	0.120000	2.72798   	0.120000	2.47458   	0.120000	2.47458   	0.120000	0.0227189 	0.120000	0.0207386 	0.120000	0.0345771 	0.120000	0.045583  	0.120000	0.0297363
0.140000	3.08936   	0.140000	2.99184   	0.140000	2.73612   	0.140000	2.73612   	0.140000	0.0241751 	0.140000	0.0217569 	0.140000	0.0379639 	0.140000	0.0494553 	0.140000	0.0326976
0.160000	3.36142   	0.160000	3.2551    	0.160000	2.99628   	0.160000	2.99628   	0.160000	0.0256508 	0.160000	0.0228017 	0.160000	0.0412612 	0.160000	0.0531861 	0.160000	0.0355899
0.180000	3.63229   	0.180000	3.51721   	0.180000	3.25705   	0.180000	3.25705   	0.180000	0.0271629 	0.180000	0.0238841 	0.180000	0.0444781 	0.180000	0.0567961 	0.180000	0.0384201
0.200000	3.90272   	0.200000	3.77889   	0.200000	3.51957   	0.200000	3.51957   	0.200000	0.0287182 	0.200000	0.0250086 	0.200000	0.0476078 	0.200000	0.0602881 	0.200000	0.041182
0.250000	4.57973   	0.250000	4.43401   	0.250000	4.1869    	0.250000	4.1869    	0.250000	0.0327996 	0.250000	0.0280025 	0.250000	0.0554751 	0.250000	0.0689876 	0.250000	0.0481536
0.300000	5.26052   	0.300000	5.09278   	0.300000	4.87218   	0.300000	4.87218   	0.300000	0.0371253 	0.300000	0.0312237 	0.300000	0.0632144 	0.300000	0.0774758 	0.300000	0.0550529
0.350000	5.94361   	0.350000	5.75377   	0.350000	5.57399   	0.350000	5.57399   	0.350000	0.0416146 	0.350000	0.0345993 	0.350000	0.0707274 	0.350000	0.0856332 	0.350000	0.061786
0.400000	6.6308    	0.400000	6.41873   	0.400000	6.28796   	0.400000	6.28796   	0.400000	0.0461606 	0.400000	0.0380369 	0.400000	0.0782206 	0.400000	0.0936883 	0.400000	0.0685303
0.450000	7.32128   	0.450000	7.08687   	0.450000	7.01511   	0.450000	7.01511   	0.450000	0.0507739 	0.450000	0.0415347 	0.450000	0.0855377 	0.450000	0.101523  	0.450000	0.0751467
0.500000	8.01933   	0.500000	7.76234   	0.500000	7.75637   	0.500000	7.75637   	0.500000	0.0554664 	0.500000	0.0450951 	0.500000	0.0928123 	0.500000	0.109226  	0.500000	0.0817482
0.600000	9.45107   	0.600000	9.14777   	0.600000	9.2862    	0.600000	9.2862    	0.600000	0.0651678 	0.600000	0.0524445 	0.600000	0.106972  	0.600000	0.124096  	0.600000	0.0946705
0.700000	10.9424   	0.700000	10.5909   	0.700000	10.8813   	0.700000	10.8813   	0.700000	0.0753136 	0.700000	0.0600947 	0.700000	0.12061   	0.700000	0.138237  	0.700000	0.107199
0.800000	12.5054   	0.800000	12.1033   	0.800000	12.5422   	0.800000	12.5422   	0.800000	0.0859085 	0.800000	0.0680318 	0.800000	0.133666  	0.800000	0.151622  	0.800000	0.119265
0.900000	14.1461   	0.900000	13.691    	0.900000	14.2696   	0.900000	14.2696   	0.900000	0.096961  	0.900000	0.0762509 	0.900000	0.146152  	0.900000	0.164319  	0.900000	0.130865
1.000000	15.8658   	1.000000	15.355    	1.000000	16.0639   	1.000000	16.0639   	1.000000	0.108481  	1.000000	0.084751  	1.000000	0.158211  	1.000000	0.176453  	1.000000	0.142118
1.250000	20.5236   	1.250000	19.8622   	1.250000	20.8543   	1.250000	20.8543   	1.250000	0.139581  	1.250000	0.107629  	1.250000	0.186692  	1.250000	0.204771  	1.250000	0.168877
1.500000	25.7011   	1.500000	24.8722   	1.500000	26.0879   	1.500000	26.0879   	1.500000	0.174108  	1.500000	0.134036  	1.500000	0.213771  	1.500000	0.231269  	1.500000	0.194513
1.750000	31.3839   	1.750000	30.3712   	1.750000	31.7562   	1.750000	31.7562   	1.750000	0.211935  	1.750000	0.163288  	1.750000	0.239958  	1.750000	0.256645  	1.750000	0.219457
2.000000	37.5734   	2.000000	36.3605   	2.000000	37.8558   	2.000000	37.8558   	2.000000	0.253064  	2.000000	0.194911  	2.000000	0.258451  	2.000000	0.281323  	2.000000	0.237312
2.250000	44.293    	2.250000	42.8627   	2.250000	44.3856   	2.250000	44.3856   	2.250000	0.297529  	2.250000	0.228684  	2.250000	0.265115  	2.250000	0.305644  	2.250000	0.244127
2.500000	51.5164   	2.500000	49.8555   	2.500000	51.3449   	2.500000	51.3449   	2.500000	0.34537   	2.500000	0.26449   	2.500000	0.273458  	2.500000	0.325646  	2.500000	0.252508
3.000000	66.8305   	3.000000	65.2397   	3.000000	66.5472   	3.000000	66.5472   	3.000000	0.451258  	3.000000	0.341927  	3.000000	0.295405  	3.000000	0.34605   	3.000000	0.27424
3.500000	83.9015   	3.500000	82.4088   	3.500000	83.4493   	3.500000	83.4493   	3.500000	0.570796  	3.500000	0.426902  	3.500000	0.324423  	3.500000	0.373822  	3.500000	0.302691
4.000000	102.702   	4.000000	101.299   	4.000000	102.034   	4.000000	102.034   	4.000000	0.703932  	4.000000	0.519205  	4.000000	0.360278  	4.000000	0.408555  	4.000000	0.337663
4.500000	123.205   	4.500000	121.865   	4.500000	122.28    	4.500000	122.28    	4.500000	0.850508  	4.500000	0.618572  	4.500000	0.402597  	4.500000	0.449769  	4.500000	0.378813
5.000000	145.388   	5.000000	144.073   	5.000000	144.164   	5.000000	144.164   	5.000000	1.01032   	5.000000	0.724765  	5.000000	0.450942  	5.000000	0.496939  	5.000000	0.425732
5.500000	169.226   	5.500000	167.891   	5.500000	167.662   	5.500000	167.662   	5.500000	1.18314   	5.500000	0.837587  	5.500000	0.504917  	5.500000	0.549603  	5.500000	0.478051
6.000000	194.699   	6.000000	193.294   	6.000000	192.75    	6.000000	192.75    	6.000000	1.36876   	6.000000	0.956852  	6.000000	0.564154  	6.000000	0.607329  	6.000000	0.535427
6.500000	221.786   	6.500000	220.255   	6.500000	219.406   	6.500000	219.406   	6.500000	1.56695   	6.500000	1.08239   	6.500000	0.628378  	6.500000	0.669796  	6.500000	0.597607
7.000000	250.469   	7.000000	248.753   	7.000000	247.608   	7.000000	247.608   	7.000000	1.77751   	7.000000	1.21403   	7.000000	0.697315  	7.000000	0.736678  	7.000000	0.664334
7.500000	280.731   	7.500000	278.766   	7.500000	277.337   	7.500000	277.337   	7.500000	2.00026   	7.500000	1.35164   	7.500000	0.770771  	7.500000	0.807743  	7.500000	0.735431
8.000000	312.554   	8.000000	310.276   	8.000000	308.572   	8.000000	308.572   	8.000000	2.23502   	8.000000	1.49509   	8.000000	0.848568  	8.000000	0.882781  	8.000000	0.810733
8.500000	345.923   	8.500000	343.262   	8.500000	341.297   	8.500000	341.297   	8.500000	2.48163   	8.500000	1.64428   	8.500000	0.930565  	8.500000	0.961622  	8.500000	0.890109
9.000000	380.824   	9.000000	377.709   	9.000000	375.494   	9.000000	375.494   	9.000000	2.73995   	9.000000	1.7991    	9.000000	1.01664   	9.000000	1.04412   	9.000000	0.97345
9.500000	417.241   	9.500000	413.6     	9.500000	411.148   	9.500000	411.148   	9.500000	3.00983   	9.500000	1.95943   	9.500000	1.1067    	9.500000	1.13016   	9.500000	1.06066
10.000000	455.162   	10.000000	450.914   	10.000000	448.242   	10.000000	448.242   	10.000000	3.29115   	10.000000	2.12516   	10.000000	1.20064   	10.000000	1.21963   	10.000000	1.15165
11.000000	535.465   	11.000000	529.447   	11.000000	526.767   	11.000000	526.753   	11.000000	3.88908   	11.000000	2.4733    	11.000000	1.40013   	11.000000	1.40872   	11.000000	1.34496
12.000000	621.634   	12.000000	613.577   	12.000000	611.049   	12.000000	610.994   	12.000000	4.53445   	12.000000	2.84404   	12.000000	1.61498   	12.000000	1.61112   	12.000000	1.55325
13.000000	713.581   	13.000000	703.252   	13.000000	701.02    	13.000000	700.902   	13.000000	5.22675   	13.000000	3.23697   	13.000000	1.84494   	13.000000	1.82649   	13.000000	1.77631
14.000000	811.223   	14.000000	798.417   	14.000000	796.623   	14.000000	796.424   	14.000000	5.9656    	14.000000	3.65163   	14.000000	2.08979   	14.000000	2.05455   	14.000000	2.01395
15.000000	914.484   	15.000000	899.022   	15.000000	897.808   	15.000000	897.509   	15.000000	6.75075   	15.000000	4.08798   	15.000000	2.3494    	15.000000	2.29511   	15.000000	2.26604
16.000000	1023.29   	16.000000	1005.01   	16.000000	1004.53   	16.000000	1004.12   	16.000000	7.58197   	16.000000	4.54589   	16.000000	2.62363   	16.000000	2.54798   	16.000000	2.53246
17.000000	1137.57   	17.000000	1116.35   	17.000000	1116.75   	17.000000	1116.21   	17.000000	8.45906   	17.000000	5.025     	17.000000	2.91239   	17.000000	2.81301   	17.000000	2.81313
18.000000	1257.27   	18.000000	1232.97   	18.000000	1234.43   	18.000000	1233.76   	18.000000	9.3819    	18.000000	5.52512   	18.000000	3.21559   	18.000000	3.09008   	18.000000	3.10799
19.000000	1382.31   	19.000000	1354.84   	19.000000	1357.54   	19.000000	1356.73   	19.000000	10.3504   	19.000000	6.04619   	19.000000	3.53317   	19.000000	3.3791    	19.000000	3.41698
20.000000	1512.65   	20.000000	1481.9    	20.000000	1486.06   	20.000000	1485.09   	20.000000	11.3647   	20.000000	6.58821   	20.000000	3.86511   	20.000000	3.68      	20.000000	3.74009
21.000000	1648.23   	21.000000	1614.13   	21.000000	1619.96   	21.000000	1618.83   	21.000000	12.4246   	21.000000	7.15113   	21.000000	4.21136   	21.000000	3.99272   	21.000000	4.07729
22.000000	1788.99   	22.000000	1751.47   	22.000000	1759.21   	22.000000	1757.93   	22.000000	13.5302   	22.000000	7.73484   	22.000000	4.5719    	22.000000	4.31718   	22.000000	4.42856
23.000000	1934.88   	23.000000	1893.88   	23.000000	1903.8    	23.000000	1902.35   	23.000000	14.6813   	23.000000	8.33924   	23.000000	4.94666   	23.000000	4.65331   	23.000000	4.79385
24.000000	2085.86   	24.000000	2041.32   	24.000000	2053.7    	24.000000	2052.09   	24.000000	15.8777   	24.000000	8.96427   	24.000000	5.33563   	24.000000	5.00106   	24.000000	5.17316
25.000000	2241.88   	25.000000	2193.76   	25.000000	2208.89   	25.000000	2207.13   	25.000000	17.1197   	25.000000	9.60996   	25.000000	5.7388    	25.000000	5.3604    	25.000000	5.56648
27.000000	2568.84   	27.000000	2513.48   	27.000000	2535.1    	27.000000	2533.03   	27.000000	19.7403   	27.000000	10.9632   	27.000000	6.5877    	27.000000	6.11373   	27.000000	6.3952
29.000000	2915.42   	29.000000	2852.72   	29.000000	2882.28   	29.000000	2879.95   	29.000000	22.5427   	29.000000	12.3986   	29.000000	7.49321   	29.000000	6.91297   	29.000000	7.27993
31.000000	3281.3    	31.000000	3211.23   	31.000000	3250.12   	31.000000	3247.57   	31.000000	25.5219   	31.000000	13.9135   	31.000000	8.45444   	31.000000	7.75724   	31.000000	8.21989
33.000000	3666.18   	33.000000	3588.74   	33.000000	3637.24   	33.000000	3634.58   	33.000000	28.6494   	33.000000	15.4923   	33.000000	9.46636   	33.000000	8.64224   	33.000000	9.21027
35.000000	4069.77   	35.000000	3984.99   	35.000000	4043.23   	35.000000	4040.52   	35.000000	31.9208   	35.000000	17.1332   	35.000000	10.5272   	35.000000	9.56637   	35.000000	10.2494
38.000000	4709.64   	38.000000	4613.98   	38.000000	4687.03   	38.000000	4684.37   	38.000000	37.0958   	38.000000	19.7106   	38.000000	12.2076   	38.000000	11.0236   	38.000000	11.8972
41.000000	5390.14   	41.000000	5283.81   	41.000000	5371.83   	41.000000	5369.42   	41.000000	42.5867   	41.000000	22.4236   	41.000000	13.992    	41.000000	12.5634   	41.000000	13.6493
44.000000	6110.46   	44.000000	5993.75   	44.000000	6096.94   	44.000000	6094.9    	44.000000	48.3903   	44.000000	25.2724   	44.000000	15.878    	44.000000	14.1834   	44.000000	15.5034
47.000000	6869.86   	47.000000	6743.09   	47.000000	6861.62   	47.000000	6860.09   	47.000000	54.5006   	47.000000	28.252    	47.000000	17.8631   	47.000000	15.8815   	47.000000	17.4576
50.000000	7667.61   	50.000000	7531.16   	50.000000	7665.21   	50.000000	7664.32   	50.000000	60.9119   	50.000000	31.3604   	50.000000	19.9453   	50.000000	17.656    	50.000000	19.5099
55.000000	9080.65   	55.000000	8928.94   	55.000000	9089.13   	55.000000	9089.68   	55.000000	72.2483   	55.000000	36.8196   	55.000000	23.6253   	55.000000	20.7782   	55.000000	23.1435
60.000000	10595.5   	60.000000	10429.7   	60.000000	10616.3   	60.000000	10618.9   	60.000000	84.373    	60.000000	42.6169   	60.000000	27.5595   	60.000000	24.0997   	60.000000	27.0365
65.000000	12209.6   	65.000000	12030.8   	65.000000	12244.4   	65.000000	12249.2   	65.000000	97.2692   	65.000000	48.7411   	65.000000	31.7412   	65.000000	27.6149   	65.000000	31.1834
70.000000	13920.4   	70.000000	13729.7   	70.000000	13970.9   	70.000000	13978.3   	70.000000	110.907   	70.000000	55.1831   	70.000000	36.1622   	70.000000	31.3174   	70.000000	35.5772
75.000000	15725.6   	75.000000	15524     	75.000000	15793.3   	75.000000	15803.8   	75.000000	125.261   	75.000000	61.9304   	75.000000	40.8149   	75.000000	35.2014   	75.000000	40.2115
80.000000	17623.1   	80.000000	17411.6   	80.000000	17709.5   	80.000000	17723.5   	80.000000	140.308   	80.000000	68.9769   	80.000000	45.6923   	80.000000	39.2613   	80.000000	45.0803
85.000000	19610.9   	85.000000	19390.2   	85.000000	19717.3   	85.000000	19735.4   	85.000000	156.025   	85.000000	76.3082   	85.000000	50.7877   	85.000000	43.4923   	85.000000	50.178
90.000000	21687.1   	90.000000	21457.9   	90.000000	21815.1   	90.000000	21837.4   	90.000000	172.395   	90.000000	83.9196   	90.000000	56.0955   	90.000000	47.8899   	90.000000	55.4998
95.000000	23849.8   	95.000000	23612.6   	95.000000	24000.7   	95.000000	24027.6   	95.000000	189.396   	95.000000	91.8032   	95.000000	61.6094   	95.000000	52.4495   	95.000000	61.0405
100.000000	26097.4   	100.000000	25852.5   	100.000000	26272.3   	100.000000	26304.2   	100.000000	207.005   	100.000000	99.95     	100.000000	67.3228   	100.000000	57.1664   	100.000000	66.7944
105.000000	28428.3   	105.000000	28175.8   	105.000000	28628     	105.000000	28665.4   	105.000000	225.202   	105.000000	108.353   	105.000000	73.23     	105.000000	62.0362   	105.000000	72.7566
110.000000	30840.9   	110.000000	30580.7   	110.000000	31066.3   	110.000000	31109.6   	110.000000	243.972   	110.000000	117.008   	110.000000	79.326    	110.000000	67.0554   	110.000000	78.9229
115.000000	33333.7   	115.000000	33065.6   	115.000000	33585.8   	115.000000	33635.1   	115.000000	263.3     	115.000000	125.908   	115.000000	85.6059   	115.000000	72.2204   	115.000000	85.2893
120.000000	35905.4   	120.000000	35628.9   	120.000000	36184.5   	120.000000	36240.4   	120.000000	283.162   	120.000000	135.039   	120.000000	92.0637   	120.000000	77.5269   	120.000000	91.8503
125.000000	38554.5   	125.000000	38268.9   	125.000000	38861     	125.000000	38923.9   	125.000000	303.542   	125.000000	144.401   	125.000000	98.6944   	125.000000	82.9714   	125.000000	98.6019
130.000000	41279.8   	130.000000	40984.2   	130.000000	41614     	130.000000	41684.2   	130.000000	324.43    	130.000000	153.987   	130.000000	105.494   	130.000000	88.5509   	130.000000	105.541
135.000000	44080     	135.000000	43773.4   	135.000000	44442.1   	135.000000	44519.8   	135.000000	345.808   	135.000000	163.793   	135.000000	112.458   	135.000000	94.2621   	135.000000	112.662
140.000000	46954     	140.000000	46635     	140.000000	47343.6   	140.000000	47429.3   	140.000000	367.657   	140.000000	173.814   	140.000000	119.58    	140.000000	100.101   	140.000000	119.962
145.000000	49900.6   	145.000000	49567.6   	145.000000	50317.3   	145.000000	50411.4   	145.000000	389.961   	145.000000	184.04    	145.000000	126.857   	145.000000	106.065   	145.000000	127.437
150.000000	52918.6   	150.000000	52570     	150.000000	53362     	150.000000	53464.8   	150.000000	412.714   	150.000000	194.468   	150.000000	134.285   	150.000000	112.151   	150.000000	135.083
155.000000	56049.6   	155.000000	55640.8   	155.000000	56476.5   	155.000000	56588.3   	155.000000	435.9     	155.000000	205.093   	155.000000	141.86    	155.000000	118.357   	155.000000	142.897
160.000000	59248.4   	160.000000	58778.9   	160.000000	59659.4   	160.000000	59780.5   	160.000000	459.501   	160.000000	215.909   	160.000000	149.577   	160.000000	124.679   	160.000000	150.876
165.000000	62512.5   	165.000000	61982.9   	165.000000	62909.5   	165.000000	63040.3   	165.000000	483.509   	165.000000	226.914   	165.000000	157.433   	165.000000	131.115   	165.000000	159.015
170.000000	65840.7   	170.000000	65251.7   	170.000000	66225.9   	170.000000	66366.5   	170.000000	507.913   	170.000000	238.105   	170.000000	165.424   	170.000000	137.662   	170.000000	167.312
175.000000	69231.9   	175.000000	68584.2   	175.000000	69607.2   	175.000000	69758     	175.000000	532.696   	175.000000	249.476   	175.000000	173.547   	175.000000	144.318   	175.000000	175.763
180.000000	72685     	180.000000	71979.2   	180.000000	73052.2   	180.000000	73213.7   	180.000000	557.843   	180.000000	261.017   	180.000000	181.796   	180.000000	151.079   	180.000000	184.364
185.000000	76199     	185.000000	75435.7   	185.000000	76559.7   	185.000000	76732.4   	185.000000	583.346   	185.000000	272.722   	185.000000	190.169   	185.000000	157.944   	185.000000	193.113
190.000000	79772.9   	190.000000	78952.6   	190.000000	80129.1   	190.000000	80313.1   	190.000000	609.197   	190.000000	284.596   	190.000000	198.663   	190.000000	164.909   	190.000000	202.007
195.000000	83405.6   	195.000000	82528.9   	195.000000	83759.4   	195.000000	83954.9   	195.000000	635.388   	195.000000	296.637   	195.000000	207.276   	195.000000	171.974   	195.000000	211.044
200.000000	87096.3   	200.000000	86163.6   	200.000000	87449.1   	200.000000	87656.6   	200.000000	661.902   	200.000000	308.834   	200.000000	216.002   	200.000000	179.136   	200.000000	220.219
210.000000	94647.8   	210.000000	93604.2   	210.000000	95003.8   	210.000000	95236     	210.000000	715.864   	210.000000	333.688   	210.000000	233.785   	210.000000	193.74    	210.000000	238.976
220.000000	102420    	220.000000	101267    	220.000000	102786    	220.000000	103044    	220.000000	771.016   	220.000000	359.152   	220.000000	251.99    	220.000000	208.705   	220.000000	258.256
230.000000	110406    	230.000000	109144    	230.000000	110788    	230.000000	111073    	230.000000	827.274   	230.000000	385.174   	230.000000	270.593   	230.000000	224.015   	230.000000	278.038
240.000000	118600    	240.000000	117230    	240.000000	119003    	240.000000	119315    	240.000000	884.582   	240.000000	411.74    	240.000000	289.574   	240.000000	239.656   	240.000000	298.303
250.000000	126996    	250.000000	125517    	250.000000	127424    	250.000000	127766    	250.000000	942.855   	250.000000	438.823   	250.000000	308.91    	250.000000	255.611   	250.000000	319.03
260.000000	135587    	260.000000	133999    	260.000000	136044    	260.000000	136417    	260.000000	1002.03   	260.000000	466.403   	260.000000	328.582   	260.000000	271.867   	260.000000	340.201
270.000000	144367    	270.000000	142671    	270.000000	144859    	270.000000	145263    	270.000000	1062.08   	270.000000	494.471   	270.000000	348.574   	270.000000	288.412   	270.000000	361.8
280.000000	153332    	280.000000	151526    	280.000000	153862    	280.000000	154299    	280.000000	1122.92   	280.000000	523.002   	280.000000	368.867   	280.000000	305.232   	280.000000	383.808
290.000000	162477    	290.000000	160560    	290.000000	163046    	290.000000	163517    	290.000000	1184.51   	290.000000	551.986   	290.000000	389.445   	290.000000	322.316   	290.000000	406.211
300.000000	171796    	300.000000	169766    	300.000000	172409    	300.000000	172914    	300.000000	1246.81   	300.000000	581.402   	300.000000	410.292   	300.000000	339.654   	300.000000	428.993
310.000000	181284    	310.000000	179140    	310.000000	181942    	310.000000	182483    	310.000000	1309.75   	310.000000	611.207   	310.000000	431.392   	310.000000	357.232   	310.000000	452.138
320.000000	190938    	320.000000	188676    	320.000000	191642    	320.000000	192219    	320.000000	1373.3    	320.000000	641.411   	320.000000	452.733   	320.000000	375.041   	320.000000	475.634
330.000000	200752    	330.000000	198372    	330.000000	201505    	330.000000	202119    	330.000000	1437.43   	330.000000	672.007   	330.000000	474.3     	330.000000	393.072   	330.000000	499.466
340.000000	210722    	340.000000	208220    	340.000000	211524    	340.000000	212176    	340.000000	1502.07   	340.000000	702.955   	340.000000	496.079   	340.000000	411.313   	340.000000	523.618
350.000000	220845    	350.000000	218219    	350.000000	221696    	350.000000	222387    	350.000000	1567.2    	350.000000	734.24    	350.000000	518.058   	350.000000	429.757   	350.000000	548.081
360.000000	231117    	360.000000	228362    	360.000000	232016    	360.000000	232747    	360.000000	1632.79   	360.000000	765.865   	360.000000	540.227   	360.000000	448.394   	360.000000	572.843
370.000000	241532    	370.000000	238647    	370.000000	242481    	370.000000	243253    	370.000000	1698.8    	370.000000	797.831   	370.000000	562.573   	370.000000	467.216   	370.000000	597.889
380.000000	252089    	380.000000	249070    	380.000000	253085    	380.000000	253899    	380.000000	1765.18   	380.000000	830.124   	380.000000	585.086   	380.000000	486.213   	380.000000	623.209
390.000000	262783    	390.000000	259626    	390.000000	263826    	390.000000	264682    	390.000000	1831.93   	390.000000	862.724   	390.000000	607.755   	390.000000	505.381   	390.000000	648.794
400.000000	273611    	400.000000	270312    	400.000000	274700    	400.000000	275599    	400.000000	1899      	400.000000	895.61    	400.000000	630.572   	400.000000	524.709   	400.000000	674.632
410.000000	284570    	410.000000	281125    	410.000000	285703    	410.000000	286645    	410.000000	1966.37   	410.000000	928.776   	410.000000	653.525   	410.000000	544.191   	410.000000	700.711
420.000000	295656    	420.000000	292061    	420.000000	296830    	420.000000	297818    	420.000000	2034      	420.000000	962.218   	420.000000	676.606   	420.000000	563.82    	420.000000	727.023
430.000000	306866    	430.000000	303117    	430.000000	308080    	430.000000	309113    	430.000000	2101.9    	430.000000	995.932   	430.000000	699.809   	430.000000	583.59    	430.000000	753.56
440.000000	318197    	440.000000	314290    	440.000000	319449    	440.000000	320527    	440.000000	2170.01   	440.000000	1029.89   	440.000000	723.124   	440.000000	603.495   	440.000000	780.312
450.000000	329647    	450.000000	325577    	450.000000	330934    	450.000000	332058    	450.000000	2238.32   	450.000000	1064.08   	450.000000	746.541   	450.000000	623.526   	450.000000	807.267
460.000000	341213    	460.000000	336974    	460.000000	342530    	460.000000	343702    	460.000000	2306.81   	460.000000	1098.49   	460.000000	770.056   	460.000000	643.68    	460.000000	834.42
470.000000	352891    	470.000000	348480    	470.000000	354236    	470.000000	355456    	470.000000	2375.46   	470.000000	1133.14   	470.000000	793.66    	470.000000	663.95    	470.000000	861.763
480.000000	364679    	480.000000	360092    	480.000000	366049    	480.000000	367318    	480.000000	2444.26   	480.000000	1168.02   	480.000000	817.349   	480.000000	684.332   	480.000000	889.289
490.000000	376574    	490.000000	371806    	490.000000	377966    	490.000000	379284    	490.000000	2513.17   	490.000000	1203.13   	490.000000	841.114   	490.000000	704.818   	490.000000	916.987
500.000000	388575    	500.000000	383620    	500.000000	389984    	500.000000	391351    	500.000000	2582.19   	500.000000	1238.46   	500.000000	864.948   	500.000000	725.405   	500.000000	944.85
520.000000	412881    	520.000000	407538    	520.000000	414313    	520.000000	415782    	520.000000	2720.47   	520.000000	1309.7    	520.000000	912.805   	520.000000	766.86    	520.000000	1001.05
540.000000	437578    	540.000000	431828    	540.000000	439018    	540.000000	440589    	540.000000	2858.99   	540.000000	1381.7    	540.000000	960.878   	540.000000	808.663   	540.000000	1057.83
560.000000	462649    	560.000000	456472    	560.000000	464077    	560.000000	465754    	560.000000	2997.62   	560.000000	1454.44   	560.000000	1009.12   	560.000000	850.775   	560.000000	1115.15
580.000000	488076    	580.000000	481451    	580.000000	489474    	580.000000	491259    	580.000000	3136.28   	580.000000	1527.88   	580.000000	1057.51   	580.000000	893.166   	580.000000	1172.95
600.000000	513844    	600.000000	506751    	600.000000	515194    	600.000000	517088    	600.000000	3274.88   	600.000000	1601.93   	600.000000	1106      	600.000000	935.809   	600.000000	1231.2
620.000000	539937    	620.000000	532356    	620.000000	541219    	620.000000	543224    	620.000000	3413.32   	620.000000	1676.58   	620.000000	1154.56   	620.000000	978.673   	620.000000	1289.85
640.000000	566340    	640.000000	558252    	640.000000	567534    	640.000000	569653    	640.000000	3551.53   	640.000000	1751.79   	640.000000	1203.16   	640.000000	1021.73   	640.000000	1348.87
660.000000	593040    	660.000000	584425    	660.000000	594128    	660.000000	596362    	660.000000	3689.48   	660.000000	1827.55   	660.000000	1251.79   	660.000000	1064.97   	660.000000	1408.22
680.000000	620024    	680.000000	610863    	680.000000	620987    	680.000000	623336    	680.000000	3827.08   	680.000000	1903.83   	680.000000	1300.42   	680.000000	1108.35   	680.000000	1467.86
700.000000	647279    	700.000000	637552    	700.000000	648095    	700.000000	650563    	700.000000	3964.27   	700.000000	1980.59   	700.000000	1349.02   	700.000000	1151.87   	700.000000	1527.77
720.000000	674793    	720.000000	664483    	720.000000	675445    	720.000000	678032    	720.000000	4101.02   	720.000000	2057.84   	720.000000	1397.58   	720.000000	1195.49   	720.000000	1587.92
740.000000	702555    	740.000000	691643    	740.000000	703024    	740.000000	705731    	740.000000	4237.3    	740.000000	2135.55   	740.000000	1446.07   	740.000000	1239.21   	740.000000	1648.28
760.000000	730554    	760.000000	719022    	760.000000	730821    	760.000000	733650    	760.000000	4373.05   	760.000000	2213.69   	760.000000	1494.49   	760.000000	1283.01   	760.000000	1708.82
780.000000	758778    	780.000000	746611    	780.000000	758826    	780.000000	761778    	780.000000	4508.24   	780.000000	2292.25   	780.000000	1542.82   	780.000000	1326.87   	780.000000	1769.52
800.000000	787219    	800.000000	774399    	800.000000	787030    	800.000000	790107    	800.000000	4642.83   	800.000000	2371.21   	800.000000	1591.04   	800.000000	1370.77   	800.000000	1830.36
820.000000	815867    	820.000000	802378    	820.000000	815424    	820.000000	818628    	820.000000	4776.83   	820.000000	2450.58   	820.000000	1639.14   	820.000000	1414.71   	820.000000	1891.32
840.000000	844712    	840.000000	830539    	840.000000	843998    	840.000000	847327    	840.000000	4910.15   	840.000000	2530.3    	840.000000	1687.1    	840.000000	1458.66   	840.000000	1952.37
860.000000	873746    	860.000000	858874    	860.000000	872739    	860.000000	876195    	860.000000	5042.74   	860.000000	2610.3    	860.000000	1734.92   	860.000000	1502.61   	860.000000	2013.48
880.000000	902960    	880.000000	887375    	880.000000	901641    	880.000000	905226    	880.000000	5174.58   	880.000000	2690.56   	880.000000	1782.57   	880.000000	1546.54   	880.000000	2074.64
900.000000	932346    	900.000000	916035    	900.000000	930695    	900.000000	934411    	900.000000	5305.67   	900.000000	2771.08   	900.000000	1830.05   	900.000000	1590.45   	900.000000	2135.83
920.000000	961896    	920.000000	944847    	920.000000	959897    	920.000000	963743    	920.000000	5436      	920.000000	2851.89   	920.000000	1877.36   	920.000000	1634.33   	920.000000	2197.03
940.000000	991603    	940.000000	973802    	940.000000	989240    	940.000000	993217    	940.000000	5565.58   	940.000000	2932.99   	940.000000	1924.49   	940.000000	1678.17   	940.000000	2258.24
960.000000	1.02146e+06	960.000000	1.0029e+06	960.000000	1.01872e+06	960.000000	1.02283e+06	960.000000	5694.39   	960.000000	3014.39   	960.000000	1971.43   	960.000000	1721.97   	960.000000	2319.45
980.000000	1.05146e+06	980.000000	1.03212e+06	980.000000	1.04832e+06	980.000000	1.05256e+06	980.000000	5822.42   	980.000000	3096.04   	980.000000	2018.17   	980.000000	1765.7    	980.000000	2380.63
1000.000000	1.08159e+06	1000.000000	1.06147e+06	1000.000000	1.07805e+06	1000.000000	1.08242e+06	1000.000000	5949.66   	1000.000000	3177.92   	1000.000000	2064.72   	1000.000000	1809.37   	1000.000000	2441.77
1020.000000	1.11186e+06	1020.000000	1.09094e+06	1020.000000	1.1079e+06	1020.000000	1.1124e+06	1020.000000	6076.1    	1020.000000	3260.01   	1020.000000	2111.06   	1020.000000	1852.97   	1020.000000	2502.87
1040.000000	1.14224e+06	1040.000000	1.12053e+06	1040.000000	1.13785e+06	1040.000000	1.1425e+06	1040.000000	6201.76   	1040.000000	3342.31   	1040.000000	2157.2    	1040.000000	1896.49   	1040.000000	2563.91
1060.000000	1.17275e+06	1060.000000	1.15023e+06	1060.000000	1.16792e+06	1060.000000	1.1727e+06	1060.000000	6326.63   	1060.000000	3424.82   	1060.000000	2203.13   	1060.000000	1939.93   	1060.000000	2624.89
1080.000000	1.20337e+06	1080.000000	1.18003e+06	1080.000000	1.19808e+06	1080.000000	1.203e+06 	1080.000000	6450.73   	1080.000000	3507.53   	1080.000000	2248.84   	1080.000000	1983.29   	1080.000000	2685.8
1100.000000	1.23409e+06	1100.000000	1.20992e+06	1100.000000	1.22835e+06	1100.000000	1.2334e+06	1100.000000	6574.04   	1100.000000	3590.46   	1100.000000	2294.35   	1100.000000	2026.55   	1100.000000	2746.63
1120.000000	1.26491e+06	1120.000000	1.23992e+06	1120.000000	1.25871e+06	1120.000000	1.2639e+06	1120.000000	6696.57   	1120.000000	3673.6    	1120.000000	2339.63   	1120.000000	2069.72   	1120.000000	2807.37
1140.000000	1.29583e+06	1140.000000	1.27e+06  	1140.000000	1.28916e+06	1140.000000	1.29449e+06	1140.000000	6818.31   	1140.000000	3756.97   	1140.000000	2384.7    	1140.000000	2112.78   	1140.000000	2868.01
1160.000000	1.32684e+06	1160.000000	1.30017e+06	1160.000000	1.3197e+06	1160.000000	1.32516e+06	1160.000000	6939.27   	1160.000000	3840.55   	1160.000000	2429.55   	1160.000000	2155.74   	1160.000000	2928.56
1180.000000	1.35793e+06	1180.000000	1.33042e+06	1180.000000	1.35032e+06	1180.000000	1.35592e+06	1180.000000	7059.44   	1180.000000	3924.36   	1180.000000	2474.18   	1180.000000	2198.59   	1180.000000	2988.99
1200.000000	1.38911e+06	1200.000000	1.36075e+06	1200.000000	1.38101e+06	1200.000000	1.38675e+06	1200.000000	7178.83   	1200.000000	4008.37   	1200.000000	2518.59   	1200.000000	2241.33   	1200.000000	3049.31
1220.000000	1.42036e+06	1220.000000	1.39115e+06	1220.000000	1.41179e+06	1220.000000	1.41767e+06	1220.000000	7297.45   	1220.000000	4092.59   	1220.000000	2562.77   	1220.000000	2283.96   	1220.000000	3109.51
1240.000000	1.45169e+06	1240.000000	1.42163e+06	1240.000000	1.44263e+06	1240.000000	1.44865e+06	1240.000000	7415.3    	1240.000000	4177      	1240.000000	2606.73   	1240.000000	2326.47   	1240.000000	3169.59
1260.000000	1.48308e+06	1260.000000	1.45217e+06	1260.000000	1.47355e+06	1260.000000	1.47971e+06	1260.000000	7532.4    	1260.000000	4261.59   	1260.000000	2650.47   	1260.000000	2368.85   	1260.000000	3229.53
1280.000000	1.51454e+06	1280.000000	1.48277e+06	1280.000000	1.50453e+06	1280.000000	1.51083e+06	1280.000000	7648.74   	1280.000000	4346.35   	1280.000000	2693.99   	1280.000000	2411.12   	1280.000000	3289.35
1300.000000	1.54606e+06	1300.000000	1.51343e+06	1300.000000	1.53557e+06	1300.000000	1.54201e+06	1300.000000	7764.34   	1300.000000	4431.29   	1300.000000	2737.28   	1300.000000	2453.26   	1300.000000	3349.03
1320.000000	1.57764e+06	1320.000000	1.54415e+06	1320.000000	1.56668e+06	1320.000000	1.57326e+06	1320.000000	7879.19   	1320.000000	4516.38   	1320.000000	2780.35   	1320.000000	2495.28   	1320.000000	3408.57
1340.000000	1.60926e+06	1340.000000	1.57492e+06	1340.000000	1.59784e+06	1340.000000	1.60456e+06	1340.000000	7993.3    	1340.000000	4601.64   	1340.000000	2823.2    	1340.000000	2537.17   	1340.000000	3467.97
1360.000000	1.64094e+06	1360.000000	1.60575e+06	1360.000000	1.62906e+06	1360.000000	1.63592e+06	1360.000000	8106.67   	1360.000000	4687.06   	1360.000000	2865.83   	1360.000000	2578.93   	1360.000000	3527.21
1380.000000	1.67266e+06	1380.000000	1.63662e+06	1380.000000	1.66034e+06	1380.000000	1.66734e+06	1380.000000	8219.31   	1380.000000	4772.64   	1380.000000	2908.24   	1380.000000	2620.55   	1380.000000	3586.31
1400.000000	1.70443e+06	1400.000000	1.66753e+06	1400.000000	1.69166e+06	1400.000000	1.6988e+06	1400.000000	8331.22   	1400.000000	4858.37   	1400.000000	2950.42   	1400.000000	2662.05   	1400.000000	3645.25
1420.000000	1.73624e+06	1420.000000	1.69849e+06	1420.000000	1.72303e+06	1420.000000	1.73032e+06	1420.000000	8442.41   	1420.000000	4944.26   	1420.000000	2992.39   	1420.000000	2703.41   	1420.000000	3704.03
1440.000000	1.76808e+06	1440.000000	1.72949e+06	1440.000000	1.75445e+06	1440.000000	1.76188e+06	1440.000000	8552.88   	1440.000000	5030.31   	1440.000000	3034.14   	1440.000000	2744.63   	1440.000000	3762.66
1460.000000	1.79996e+06	1460.000000	1.76053e+06	1460.000000	1.78591e+06	1460.000000	1.79348e+06	1460.000000	8662.65   	1460.000000	5116.52   	1460.000000	3075.66   	1460.000000	2785.72   	1460.000000	3821.12
1480.000000	1.83186e+06	1480.000000	1.7916e+06	1480.000000	1.81741e+06	1480.000000	1.82513e+06	1480.000000	8771.72   	1480.000000	5202.88   	1480.000000	3116.97   	1480.000000	2826.67   	1480.000000	3879.42
1500.000000	1.8638e+06	1500.000000	1.8227e+06	1500.000000	1.84896e+06	1500.000000	1.85682e+06	1500.000000	8880.11   	1500.000000	5289.41   	1500.000000	3158.07   	1500.000000	2867.48   	1500.000000	3937.56
1520.000000	1.89576e+06	1520.000000	1.85384e+06	1520.000000	1.88054e+06	1520.000000	1.88855e+06	1520.000000	8987.81   	1520.000000	5376.09   	1520.000000	3198.95   	1520.000000	2908.16   	1520.000000	3995.54
1540.000000	1.92774e+06	1540.000000	1.885e+06 	1540.000000	1.91217e+06	1540.000000	1.92031e+06	1540.000000	9094.84   	1540.000000	5462.92   	1540.000000	3239.62   	1540.000000	2948.69   	1540.000000	4053.34
1560.000000	1.95974e+06	1560.000000	1.91619e+06	1560.000000	1.94382e+06	1560.000000	1.95211e+06	1560.000000	9201.2    	1560.000000	5549.91   	1560.000000	3280.08   	1560.000000	2989.09   	1560.000000	4110.98
1580.000000	1.99176e+06	1580.000000	1.9474e+06	1580.000000	1.97551e+06	1580.000000	1.98395e+06	1580.000000	9306.89   	1580.000000	5637.04   	1580.000000	3320.33   	1580.000000	3029.35   	1580.000000	4168.45
1600.000000	2.0238e+06	1600.000000	1.97864e+06	1600.000000	2.00724e+06	1600.000000	2.01581e+06	1600.000000	9411.93   	1600.000000	5724.3    	1600.000000	3360.37   	1600.000000	3069.47   	1600.000000	4225.75
1620.000000	2.05585e+06	1620.000000	2.00989e+06	1620.000000	2.03899e+06	1620.000000	2.04771e+06	1620.000000	9516.32   	1620.000000	5811.7    	1620.000000	3400.2    	1620.000000	3109.45   	1620.000000	4282.87
1640.000000	2.08791e+06	1640.000000	2.04117e+06	1640.000000	2.07078e+06	1640.000000	2.07964e+06	1640.000000	9620.06   	1640.000000	5899.23   	1640.000000	3439.82   	1640.000000	3149.28   	1640.000000	4339.83
1660.000000	2.11997e+06	1660.000000	2.07246e+06	1660.000000	2.10259e+06	1660.000000	2.1116e+06	1660.000000	9723.16   	1660.000000	5986.88   	1660.000000	3479.24   	1660.000000	3188.98   	1660.000000	4396.61
1680.000000	2.15205e+06	1680.000000	2.10377e+06	1680.000000	2.13443e+06	1680.000000	2.14358e+06	1680.000000	9825.63   	1680.000000	6074.66   	1680.000000	3518.46   	1680.000000	3228.54   	1680.000000	4453.21
1700.000000	2.18413e+06	1700.000000	2.13509e+06	1700.000000	2.16629e+06	1700.000000	2.17558e+06	1700.000000	9927.47   	1700.000000	6162.55   	1700.000000	3557.47   	1700.000000	3267.95   	1700.000000	4509.64
1750.000000	2.26433e+06	1750.000000	2.21344e+06	1750.000000	2.24605e+06	1750.000000	2.25571e+06	1750.000000	10179.4   	1750.000000	6382.81   	1750.000000	3654.13   	1750.000000	3365.87   	1750.000000	4649.93
1800.000000	2.34452e+06	1800.000000	2.29184e+06	1800.000000	2.32594e+06	1800.000000	2.33596e+06	1800.000000	10427.5   	1800.000000	6603.82   	1800.000000	3749.56   	1800.000000	3462.91   	1800.000000	4789.13
1850.000000	2.42467e+06	1850.000000	2.37028e+06	1850.000000	2.40595e+06	1850.000000	2.41633e+06	1850.000000	10672     	1850.000000	6825.62   	1850.000000	3843.78   	1850.000000	3559.07   	1850.000000	4927.22
1900.000000	2.50476e+06	1900.000000	2.44872e+06	1900.000000	2.48606e+06	1900.000000	2.49681e+06	1900.000000	10912.9   	1900.000000	7048.24   	1900.000000	3936.83   	1900.000000	3654.37   	1900.000000	5064.2
1950.000000	2.58476e+06	1950.000000	2.52716e+06	1950.000000	2.56626e+06	1950.000000	2.57737e+06	1950.000000	11150.3   	1950.000000	7271.69   	1950.000000	4028.72   	1950.000000	3748.81   	1950.000000	5200.08
2000.000000	2.66464e+06	2000.000000	2.60557e+06	2000.000000	2.64654e+06	2000.000000	2.658e+06 	2000.000000	11384.4   	2000.000000	7495.98   	2000.000000	4119.48   	2000.000000	3842.39   	2000.000000	5334.87
2100.000000	2.82402e+06	2100.000000	2.76226e+06	2100.000000	2.80727e+06	2100.000000	2.81945e+06	2100.000000	11842.8   	2100.000000	7947.03   	2100.000000	4297.72   	2100.000000	4027.02   	2100.000000	5601.16
2200.000000	2.98273e+06	2200.000000	2.91867e+06	2200.000000	2.96818e+06	2200.000000	2.98108e+06	2200.000000	12288.8   	2200.000000	8401.27   	2200.000000	4471.73   	2200.000000	4208.33   	2200.000000	5863.14
2300.000000	3.14067e+06	2300.000000	3.07472e+06	2300.000000	3.12919e+06	2300.000000	3.14281e+06	2300.000000	12723     	2300.000000	8858.58   	2300.000000	4641.7    	2300.000000	4386.4    	2300.000000	6120.86
2400.000000	3.29773e+06	2400.000000	3.23032e+06	2400.000000	3.29025e+06	2400.000000	3.30459e+06	2400.000000	13146     	2400.000000	9318.87   	2400.000000	4807.81   	2400.000000	4561.31   	2400.000000	6374.42
2500.000000	3.45382e+06	2500.000000	3.38539e+06	2500.000000	3.45131e+06	2500.000000	3.46637e+06	2500.000000	13558.4   	2500.000000	9782.04   	2500.000000	4970.23   	2500.000000	4733.15   	2500.000000	6623.92
2600.000000	3.60887e+06	2600.000000	3.53988e+06	2600.000000	3.61233e+06	2600.000000	3.62811e+06	2600.000000	13960.8   	2600.000000	10248     	2600.000000	5129.13   	2600.000000	4902.02   	2600.000000	6869.44
2700.000000	3.76281e+06	2700.000000	3.69374e+06	2700.000000	3.77328e+06	2700.000000	3.78978e+06	2700.000000	14353.7   	2700.000000	10716.8   	2700.000000	5284.67   	2700.000000	5067.99   	2700.000000	7111.1
2800.000000	3.91559e+06	2800.000000	3.84692e+06	2800.000000	3.93413e+06	2800.000000	3.95134e+06	2800.000000	14737.6   	2800.000000	11188.2   	2800.000000	5437      	2800.000000	5231.17   	2800.000000	7349
2900.000000	4.06716e+06	2900.000000	3.99939e+06	2900.000000	4.09486e+06	2900.000000	4.11277e+06	2900.000000	15112.9   	2900.000000	11662.4   	2900.000000	5586.27   	2900.000000	5391.63   	2900.000000	7583.24
3000.000000	4.21749e+06	3000.000000	4.1511e+06	3000.000000	4.25544e+06	3000.000000	4.27405e+06	3000.000000	15480     	3000.000000	12139.3   	3000.000000	5732.6    	3000.000000	5549.47   	3000.000000	7813.93
3200.000000	4.51429e+06	3200.000000	4.45218e+06	3200.000000	4.57609e+06	3200.000000	4.5961e+06	3200.000000	16191.2   	3200.000000	13101     	3200.000000	6016.95   	3200.000000	5857.59   	3200.000000	8265.05
3400.000000	4.80581e+06	3400.000000	4.74999e+06	3400.000000	4.89599e+06	3400.000000	4.91737e+06	3400.000000	16874     	3400.000000	14073.5   	3400.000000	6290.99   	3400.000000	6156.18   	3400.000000	8703.16
3600.000000	5.09192e+06	3600.000000	5.04442e+06	3600.000000	5.21504e+06	3600.000000	5.23779e+06	3600.000000	17530.8   	3600.000000	15056.5   	3600.000000	6555.56   	3600.000000	6445.82   	3600.000000	9129
3800.000000	5.37259e+06	3800.000000	5.33539e+06	3800.000000	5.5332e+06	3800.000000	5.5573e+06	3800.000000	18163.8   	3800.000000	16050.2   	3800.000000	6811.4    	3800.000000	6727.08   	3800.000000	9543.29
4000.000000	5.64779e+06	4000.000000	5.62284e+06	4000.000000	5.85044e+06	4000.000000	5.87588e+06	4000.000000	18775     	4000.000000	17054.4   	4000.000000	7059.18   	4000.000000	7000.46   	4000.000000	9946.69
4200.000000	5.91754e+06	4200.000000	5.90677e+06	4200.000000	6.16672e+06	4200.000000	6.1935e+06	4200.000000	19366     	4200.000000	18069.2   	4200.000000	7299.51   	4200.000000	7266.45   	4200.000000	10339.8
4400.000000	6.18189e+06	4400.000000	6.18718e+06	4400.000000	6.48204e+06	4400.000000	6.51015e+06	4400.000000	19938.3   	4400.000000	19094.3   	4400.000000	7532.92   	4400.000000	7525.48   	4400.000000	10723.3
4600.000000	6.4409e+06	4600.000000	6.46407e+06	4600.000000	6.7964e+06	4600.000000	6.82583e+06	4600.000000	20493.3   	4600.000000	20129.7   	4600.000000	7759.92   	4600.000000	7777.96   	4600.000000	11097.6
4800.000000	6.69466e+06	4800.000000	6.73748e+06	4800.000000	7.10981e+06	4800.000000	7.14055e+06	4800.000000	21032.2   	4800.000000	21175.1   	4800.000000	7980.93   	4800.000000	8024.28   	4800.000000	11463.3
5000.000000	6.94325e+06	5000.000000	7.00744e+06	5000.000000	7.42227e+06	5000.000000	7.45432e+06	5000.000000	21556.1   	5000.000000	22230.5   	5000.000000	8196.38   	5000.000000	8264.78   	5000.000000	11820.8
5250.000000	7.24688e+06	5250.000000	7.34011e+06	5250.000000	7.81152e+06	5250.000000	7.84519e+06	5250.000000	22191.3   	5250.000000	23563.5   	5250.000000	8458.4    	5250.000000	8557.71   	5250.000000	12256.8
5500.000000	7.5428e+06	5500.000000	7.66755e+06	5500.000000	8.19934e+06	5500.000000	8.23463e+06	5500.000000	22806.3   	5500.000000	24911.6   	5500.000000	8712.94   	5500.000000	8842.63   	5500.000000	12681.6
6000.000000	8.11241e+06	6000.000000	8.30718e+06	6000.000000	8.97081e+06	6000.000000	9.00927e+06	6000.000000	23981.7   	6000.000000	27651.8   	6000.000000	9201.81   	6000.000000	9390.54   	6000.000000	13500
6500.000000	8.65383e+06	6500.000000	8.92721e+06	6500.000000	9.73694e+06	6500.000000	9.77852e+06	6500.000000	25092.6   	6500.000000	30449.5   	6500.000000	9666.94   	6500.000000	9912.19   	6500.000000	14281.1
7000.000000	9.16882e+06	7000.000000	9.52858e+06	7000.000000	1.0498e+07	7000.000000	1.05427e+07	7000.000000	26147.1   	7000.000000	33303.2   	7000.000000	10111.6   	7000.000000	10410.7   	7000.000000	15029.1
7500.000000	9.65908e+06	7500.000000	1.01122e+07	7500.000000	1.12543e+07	7500.000000	1.1302e+07	7500.000000	27152.1   	7500.000000	36211.5   	7500.000000	10538.3   	7500.000000	10888.6   	7500.000000	15747.7
8000.000000	1.01262e+07	8000.000000	1.0679e+07	8000.000000	1.20061e+07	8000.000000	1.20567e+07	8000.000000	28113.1   	8000.000000	39173.3   	8000.000000	10949.4   	8000.000000	11348.2   	8000.000000	16439.9
8500.000000	1.05718e+07	8500.000000	1.12298e+07	8500.000000	1.27536e+07	8500.000000	1.28072e+07	8500.000000	29034.8   	8500.000000	42187.1   	8500.000000	11346.7   	8500.000000	11791.4   	8500.000000	17108.5
9000.000000	1.09971e+07	9000.000000	1.17654e+07	9000.000000	1.3497e+07	9000.000000	1.35536e+07	9000.000000	29921.3   	9000.000000	45249.9   	9000.000000	11731.7   	9000.000000	12219.9   	9000.000000	17755.7
9500.000000	1.14035e+07	9500.000000	1.22867e+07	9500.000000	1.42367e+07	9500.000000	1.42961e+07	9500.000000	30775.8   	9500.000000	48360.2   	9500.000000	12105.9   	9500.000000	12635     	9500.000000	18383.5
10000.000000	1.17922e+07	10000.000000	1.27942e+07	10000.000000	1.49728e+07	10000.000000	1.50349e+07	10000.000000	31601.2   	10000.000000	51518.5   	10000.000000	12470.3   	10000.000000	13038     	10000.000000	18993.8
11000.000000	1.25209e+07	11000.000000	1.3771e+07	11000.000000	1.64347e+07	11000.000000	1.65024e+07	11000.000000	33174.4   	11000.000000	57978.1   	11000.000000	13173.8   	11000.000000	13812     	11000.000000	20167.5
12000.000000	1.31912e+07	12000.000000	1.47007e+07	12000.000000	1.78842e+07	12000.000000	1.79573e+07	12000.000000	34657     	12000.000000	64618.3   	12000.000000	13848.6   	12000.000000	14549     	12000.000000	21287.1
13000.000000	1.38097e+07	13000.000000	1.55875e+07	13000.000000	1.93223e+07	13000.000000	1.94008e+07	13000.000000	36061.8   	13000.000000	71431.3   	13000.000000	14499.7   	13000.000000	15254.8   	13000.000000	22360.8
14000.000000	1.43822e+07	14000.000000	1.64353e+07	14000.000000	2.07501e+07	14000.000000	2.08338e+07	14000.000000	37399.2   	14000.000000	78416.7   	14000.000000	15131     	14000.000000	15934     	14000.000000	23395.3
15000.000000	1.49137e+07	15000.000000	1.72474e+07	15000.000000	2.21683e+07	15000.000000	2.22571e+07	15000.000000	38677.5   	15000.000000	85574.3   	15000.000000	15745.4   	15000.000000	16590.3   	15000.000000	24396
16000.000000	1.54085e+07	16000.000000	1.80267e+07	16000.000000	2.35778e+07	16000.000000	2.36716e+07	16000.000000	39903.2   	16000.000000	92898.1   	16000.000000	16345.5   	16000.000000	17226.7   	16000.000000	25367.2
17000.000000	1.58702e+07	17000.000000	1.87758e+07	17000.000000	2.49792e+07	17000.000000	2.50778e+07	17000.000000	41082.1   	17000.000000	100378    	17000.000000	16933.2   	17000.000000	17845.7   	17000.000000	26312.6
18000.000000	1.63021e+07	18000.000000	1.94969e+07	18000.000000	2.6373e+07	18000.000000	2.64763e+07	18000.000000	42218.5   	18000.000000	108002    	18000.000000	17509.9   	18000.000000	18449.3   	18000.000000	27235.3
19000.000000	1.6707e+07	19000.000000	2.01922e+07	19000.000000	2.77597e+07	19000.000000	2.78677e+07	19000.000000	43316.6   	19000.000000	115762    	19000.000000	18077     	19000.000000	19039.4   	19000.000000	28137.7
20000.000000	1.70873e+07	20000.000000	2.08634e+07	20000.000000	2.91397e+07	20000.000000	2.92523e+07	20000.000000	44379.6   	20000.000000	123649    	20000.000000	18635.5   	20000.000000	19617.3   	20000.000000	29022.1
21000.000000	1.74453e+07	21000.000000	2.15122e+07	21000.000000	3.05134e+07	21000.000000	3.06306e+07	21000.000000	45410.5   	21000.000000	131660    	21000.000000	19186.3   	21000.000000	20184.2   	21000.000000	29890.2
22000.000000	1.77828e+07	22000.000000	2.21401e+07	22000.000000	3.18813e+07	22000.000000	3.2003e+07	22000.000000	46412     	22000.000000	139801    	22000.000000	19730     	22000.000000	20741.4   	22000.000000	30743.7
23000.000000	1.81015e+07	23000.000000	2.27484e+07	23000.000000	3.32435e+07	23000.000000	3.33697e+07	23000.000000	47386.4   	23000.000000	148075    	23000.000000	20267.2   	23000.000000	21289.6   	23000.000000	31584
24000.000000	1.8403e+07	24000.000000	2.33383e+07	24000.000000	3.46005e+07	24000.000000	3.47311e+07	24000.000000	48335.5   	24000.000000	156468    	24000.000000	20798.5   	24000.000000	21829.6   	24000.000000	32412.1
25000.000000	1.86886e+07	25000.000000	2.3911e+07	25000.000000	3.59525e+07	25000.000000	3.60873e+07	25000.000000	49261.1   	25000.000000	164984    	25000.000000	21324.2   	25000.000000	22362.1   	25000.000000	33229.2
26000.000000	1.89595e+07	26000.000000	2.44674e+07	26000.000000	3.72998e+07	26000.000000	3.74388e+07	26000.000000	50164.9   	26000.000000	173625    	26000.000000	21844.6   	26000.000000	22887.6   	26000.000000	34036
27000.000000	1.92169e+07	27000.000000	2.50085e+07	27000.000000	3.86425e+07	27000.000000	3.87857e+07	27000.000000	51048.3   	27000.000000	182384    	27000.000000	22360.2   	27000.000000	23406.8   	27000.000000	34833.4
28000.000000	1.94617e+07	28000.000000	2.55351e+07	28000.000000	3.99809e+07	28000.000000	4.01281e+07	28000.000000	51912.5   	28000.000000	191255    	28000.000000	22871     	28000.000000	23919.9   	28000.000000	35622
29000.000000	1.96947e+07	29000.000000	2.60479e+07	29000.000000	4.13152e+07	29000.000000	4.14664e+07	29000.000000	52758.6   	29000.000000	200238    	29000.000000	23377.3   	29000.000000	24427.5   	29000.000000	36402.4
30000.000000	1.99169e+07	30000.000000	2.65478e+07	30000.000000	4.26455e+07	30000.000000	4.28006e+07	30000.000000	53587.8   	30000.000000	209330    	30000.000000	23879.4   	30000.000000	24929.7   	30000.000000	37175.1
32000.000000	2.03315e+07	32000.000000	2.75111e+07	32000.000000	4.5295e+07	32000.000000	4.54577e+07	32000.000000	55198.8   	32000.000000	227838    	32000.000000	24871.1   	32000.000000	25919.6   	32000.000000	38699.1
34000.000000	2.07106e+07	34000.000000	2.84298e+07	34000.000000	4.79306e+07	34000.000000	4.81005e+07	34000.000000	56752.2   	34000.000000	246759    	34000.000000	25847.1   	34000.000000	26891.6   	34000.000000	40197.2
36000.000000	2.10585e+07	36000.000000	2.93078e+07	36000.000000	5.05532e+07	36000.000000	5.07301e+07	36000.000000	58253.4   	36000.000000	266075    	36000.000000	26808.3   	36000.000000	27847.1   	36000.000000	41671.6
38000.000000	2.13788e+07	38000.000000	3.01487e+07	38000.000000	5.31638e+07	38000.000000	5.33473e+07	38000.000000	59707.4   	38000.000000	285769    	38000.000000	27754.8   	38000.000000	28787.2   	38000.000000	43124
40000.000000	2.16746e+07	40000.000000	3.09557e+07	40000.000000	5.57632e+07	40000.000000	5.5953e+07	40000.000000	61118     	40000.000000	305830    	40000.000000	28687.4   	40000.000000	29712.9   	40000.000000	44555.9
42000.000000	2.19485e+07	42000.000000	3.17313e+07	42000.000000	5.83521e+07	42000.000000	5.85478e+07	42000.000000	62489     	42000.000000	326245    	42000.000000	29606.2   	42000.000000	30625.2   	42000.000000	45968.6
44000.000000	2.22029e+07	44000.000000	3.24781e+07	44000.000000	6.09311e+07	44000.000000	6.11325e+07	44000.000000	63823.2   	44000.000000	347000    	44000.000000	30511.9   	44000.000000	31524.5   	44000.000000	47363
46000.000000	2.24397e+07	46000.000000	3.31981e+07	46000.000000	6.35008e+07	46000.000000	6.37076e+07	46000.000000	65123.5   	46000.000000	368084    	46000.000000	31404.6   	46000.000000	32411.5   	46000.000000	48740
48000.000000	2.26606e+07	48000.000000	3.38933e+07	48000.000000	6.60616e+07	48000.000000	6.62735e+07	48000.000000	66392.1   	48000.000000	389487    	48000.000000	32284.6   	48000.000000	33286.8   	48000.000000	50100.4
50000.000000	2.2867e+07	50000.000000	3.45654e+07	50000.000000	6.86139e+07	50000.000000	6.88308e+07	50000.000000	67631.3   	50000.000000	411199    	50000.000000	33152.4   	50000.000000	34150.6   	50000.000000	51444.7
