*Energy (MeV/u)1	0 - [He-base] F.Hubert et al, AD&ND Tables 46(1990)1	Energy (MeV/u)2	1 - [H -base] J.F.Ziegler et al, Pergamon Press, NY (low energy)	Energy (MeV/u)3	2 - ATIMA 1.2  LS-theory (recommended for high energy)	Energy (MeV/u)4	3 - ATIMA 1.2  without LS-correction	Energy (MeV/u)5	4 - Range straggling - method [0] - LISE	Energy (MeV/u)6	5 - Range straggling - method [1] - Atima	Energy (MeV/u)7	6 - Lateral range - method [0] - LISE	Energy (MeV/u)8	7 - Lateral range - method [1] - Atima	Energy (MeV/u)9	8 - Lateral range - method [2] - PDG
0.001000	0.203535  	0.001000	0.203535  	0.001000	0.222101  	0.001000	0.222101  	0.001000	0         	0.001000	0         	0.001000	0.00172061	0.001000	0.00249167	0.001000	0.00155958
0.002000	0.41019   	0.002000	0.40707   	0.002000	0.444201  	0.002000	0.444201  	0.002000	0.0437856 	0.002000	0.0437856 	0.002000	0.00504228	0.002000	0.00705805	0.002000	0.0046674
0.005000	0.776791  	0.005000	0.768135  	0.005000	0.842015  	0.005000	0.842015  	0.005000	0.047442  	0.005000	0.047442  	0.005000	0.0126405 	0.005000	0.0174512 	0.005000	0.0117797
0.008000	1.01898   	0.008000	1.00667   	0.008000	1.10622   	0.008000	1.10622   	0.008000	0.0474907 	0.008000	0.0474907 	0.008000	0.01855   	0.008000	0.0246931 	0.008000	0.0173522
0.010000	1.15067   	0.010000	1.13637   	0.010000	1.25013   	0.010000	1.25013   	0.010000	0.0476284 	0.010000	0.0476284 	0.010000	0.0221506 	0.010000	0.0285439 	0.010000	0.0207572
0.015000	1.42102   	0.015000	1.40264   	0.015000	1.54879   	0.015000	1.54879   	0.015000	0.048198  	0.015000	0.048198  	0.015000	0.0305532 	0.015000	0.0365957 	0.015000	0.0288948
0.020000	1.64561   	0.020000	1.62384   	0.020000	1.79497   	0.020000	1.79497   	0.020000	0.0488613 	0.020000	0.0488613 	0.020000	0.0378359 	0.020000	0.0435777 	0.020000	0.0363563 	
0.025000	1.84273   	0.025000	1.81798   	0.025000	2.00877   	0.025000	2.00877   	0.025000	0.0495098 	0.025000	0.0495098 	0.025000	0.0444303 	0.025000	0.0499854 	0.025000	0.0430756
0.030000	2.01991   	0.030000	1.99248   	0.030000	2.19113   	0.030000	2.19113   	0.030000	0.050035  	0.030000	0.050035  	0.030000	0.0503881 	0.030000	0.055796  	0.030000	0.049118
0.035000	2.18209   	0.035000	2.15222   	0.035000	2.34957   	0.035000	2.34957   	0.035000	0.050453  	0.035000	0.050453  	0.035000	0.0558854 	0.035000	0.0611269 	0.035000	0.0546627
0.040000	2.33283   	0.040000	2.30068   	0.040000	2.49533   	0.040000	2.49533   	0.040000	0.0508317 	0.040000	0.0508317 	0.040000	0.0611674 	0.040000	0.0662469 	0.040000	0.0600001
0.045000	2.47466   	0.045000	2.44037   	0.045000	2.63298   	0.045000	2.63298   	0.045000	0.0511921 	0.045000	0.0511921 	0.045000	0.0663752 	0.045000	0.0712658 	0.045000	0.0652559
0.050000	2.60944   	0.050000	2.57311   	0.050000	2.7646    	0.050000	2.7646    	0.050000	0.0515409 	0.050000	0.0516069 	0.050000	0.0714847 	0.050000	0.076211  	0.050000	0.0704164
0.055000	2.73853   	0.055000	2.70025   	0.055000	2.89134   	0.055000	2.89134   	0.055000	0.0518802 	0.055000	0.0520376 	0.055000	0.0765691 	0.055000	0.0811385 	0.055000	0.0755487
0.060000	2.86296   	0.060000	2.8228    	0.060000	3.014     	0.060000	3.014     	0.060000	0.0522115 	0.060000	0.0524474 	0.060000	0.0816307 	0.060000	0.0860663 	0.060000	0.0806553
0.070000	3.10092   	0.070000	3.05716   	0.070000	3.24936   	0.070000	3.24936   	0.070000	0.0528538 	0.070000	0.0532175 	0.070000	0.0911031 	0.070000	0.0953855 	0.070000	0.0901993
0.080000	3.32793   	0.080000	3.28075   	0.080000	3.47436   	0.080000	3.47436   	0.080000	0.0534761 	0.080000	0.0539388 	0.080000	0.099944  	0.080000	0.104176  	0.080000	0.0991001
0.090000	3.54707   	0.090000	3.49658   	0.090000	3.69166   	0.090000	3.69166   	0.090000	0.0540855 	0.090000	0.0546266 	0.090000	0.108214  	0.090000	0.112442  	0.090000	0.107405
0.100000	3.76048   	0.100000	3.70677   	0.100000	3.90321   	0.100000	3.90321   	0.100000	0.0546885 	0.100000	0.055292  	0.100000	0.115705  	0.100000	0.120019  	0.100000	0.11491
0.120000	4.17604   	0.120000	4.11605   	0.120000	4.31466   	0.120000	4.31466   	0.120000	0.0558954 	0.120000	0.0565876 	0.120000	0.129492  	0.120000	0.134064  	0.120000	0.128723
0.140000	4.58325   	0.140000	4.51711   	0.140000	4.71715   	0.140000	4.71715   	0.140000	0.05713   	0.140000	0.0578732 	0.140000	0.141823  	0.140000	0.1467    	0.140000	0.141055
0.160000	4.98751   	0.160000	4.91527   	0.160000	5.11602   	0.160000	5.11602   	0.160000	0.0584161 	0.160000	0.0591792 	0.160000	0.152724  	0.160000	0.157951  	0.160000	0.151948
0.180000	5.39238   	0.180000	5.31403   	0.180000	5.51485   	0.180000	5.51485   	0.180000	0.0597717 	0.180000	0.0605261 	0.180000	0.16218   	0.180000	0.167803  	0.180000	0.16139
0.200000	5.80028   	0.200000	5.71577   	0.200000	5.91611   	0.200000	5.91611   	0.200000	0.0612104 	0.200000	0.0619285 	0.200000	0.170207  	0.200000	0.176249  	0.200000	0.169399
0.250000	6.84326   	0.250000	6.743     	0.250000	6.93998   	0.250000	6.93998   	0.250000	0.0652338 	0.250000	0.0657384 	0.250000	0.19099   	0.250000	0.198009  	0.250000	0.190145
0.300000	7.93027   	0.300000	7.81359   	0.300000	8.00463   	0.300000	8.00463   	0.300000	0.0699424 	0.300000	0.0700485 	0.300000	0.210762  	0.300000	0.218727  	0.300000	0.209884
0.350000	9.06829   	0.350000	8.93443   	0.350000	9.11737   	0.350000	9.11737   	0.350000	0.0753843 	0.350000	0.0748949 	0.350000	0.228065  	0.350000	0.23704   	0.350000	0.227157
0.400000	10.2605   	0.400000	10.1086   	0.400000	10.2816   	0.400000	10.2816   	0.400000	0.0815711 	0.400000	0.0802816 	0.400000	0.245484  	0.400000	0.255433  	0.400000	0.244547
0.450000	11.508    	0.450000	11.3373   	0.450000	11.4988   	0.450000	11.4988   	0.450000	0.0884926 	0.450000	0.0861952 	0.450000	0.262111  	0.450000	0.273056  	0.450000	0.261156
0.500000	12.8112   	0.500000	12.6209   	0.500000	12.7695   	0.500000	12.7695   	0.500000	0.0961257 	0.500000	0.0926131 	0.500000	0.278466  	0.500000	0.290425  	0.500000	0.277499
0.600000	15.5838   	0.600000	15.3515   	0.600000	15.471    	0.600000	15.471    	0.600000	0.113405  	0.600000	0.106851  	0.600000	0.309889  	0.600000	0.32394   	0.600000	0.308909
0.700000	18.5737   	0.700000	18.2963   	0.700000	18.383    	0.700000	18.383    	0.700000	0.133157  	0.700000	0.122772  	0.700000	0.340578  	0.700000	0.356789  	0.700000	0.339609
0.800000	21.775    	0.800000	21.4492   	0.800000	21.5004   	0.800000	21.5004   	0.800000	0.155146  	0.800000	0.14017   	0.800000	0.371235  	0.800000	0.389615  	0.800000	0.370319
0.900000	25.1812   	0.900000	24.804    	0.900000	24.8176   	0.900000	24.8176   	0.900000	0.179173  	0.900000	0.158872  	0.900000	0.401915  	0.900000	0.422486  	0.900000	0.401075
1.000000	28.7863   	1.000000	28.3547   	1.000000	28.3292   	1.000000	28.3292   	1.000000	0.205082  	1.000000	0.178741  	1.000000	0.433186  	1.000000	0.45592   	1.000000	0.432457
1.250000	38.6346   	1.250000	38.0543   	1.250000	37.927    	1.250000	37.927    	1.250000	0.277346  	1.250000	0.232894  	1.250000	0.513163  	1.250000	0.541131  	1.250000	0.512877
1.500000	49.6229   	1.500000	48.8767   	1.500000	48.6459   	1.500000	48.6459   	1.500000	0.359389  	1.500000	0.292684  	1.500000	0.597226  	1.500000	0.62996   	1.500000	0.597596
1.750000	61.6998   	1.750000	60.7711   	1.750000	60.4387   	1.750000	60.4387   	1.750000	0.450514  	1.750000	0.357529  	1.750000	0.687785  	1.750000	0.72454   	1.750000	0.689019
2.000000	74.8262   	2.000000	73.6994   	2.000000	73.2698   	2.000000	73.2698   	2.000000	0.550311  	2.000000	0.427069  	2.000000	0.785545  	2.000000	0.825422  	2.000000	0.787843
2.250000	88.9713   	2.250000	87.6309   	2.250000	87.1109   	2.250000	87.1109   	2.250000	0.658508  	2.250000	0.501074  	2.250000	0.890667  	2.250000	0.932704  	2.250000	0.894205
2.500000	104.124   	2.500000	102.54    	2.500000	101.938   	2.500000	101.938   	2.500000	0.7749    	2.500000	0.5794    	2.500000	1.00311   	2.500000	1.0463    	2.500000	1.00806
3.000000	137.76    	3.000000	135.205   	3.000000	134.47    	3.000000	134.47    	3.000000	1.03159   	3.000000	0.748564  	3.000000	1.2496    	3.000000	1.29198   	3.000000	1.2578
3.500000	174.873   	3.500000	171.54    	3.500000	170.722   	3.500000	170.722   	3.500000	1.31916   	3.500000	0.933625  	3.500000	1.52411   	3.500000	1.56146   	3.500000	1.53609
4.000000	215.358   	4.000000	211.412   	4.000000	210.567   	4.000000	210.567   	4.000000	1.63647   	4.000000	1.13372   	4.000000	1.82559   	4.000000	1.85366   	4.000000	1.8418
4.500000	259.126   	4.500000	254.705   	4.500000	253.895   	4.500000	253.895   	4.500000	1.9825    	4.500000	1.34815   	4.500000	2.15301   	4.500000	2.16758   	4.500000	2.17386
5.000000	306.098   	5.000000	301.313   	5.000000	300.608   	5.000000	300.608   	5.000000	2.35629   	5.000000	1.57632   	5.000000	2.50538   	5.000000	2.50225   	5.000000	2.53125
5.500000	356.209   	5.500000	351.143   	5.500000	350.616   	5.500000	350.616   	5.500000	2.75699   	5.500000	1.81765   	5.500000	2.88182   	5.500000	2.85684   	5.500000	2.91306
6.000000	409.395   	6.000000	404.112   	6.000000	403.838   	6.000000	403.838   	6.000000	3.18382   	6.000000	2.07166   	6.000000	3.28152   	6.000000	3.23055   	6.000000	3.31845
6.500000	465.605   	6.500000	460.143   	6.500000	460.202   	6.500000	460.202   	6.500000	3.63608   	6.500000	2.33792   	6.500000	3.7038    	6.500000	3.62273   	6.500000	3.74674
7.000000	524.787   	7.000000	519.168   	7.000000	519.643   	7.000000	519.643   	7.000000	4.11316   	7.000000	2.61602   	7.000000	4.14799   	7.000000	4.0327    	7.000000	4.19722
7.500000	586.896   	7.500000	581.124   	7.500000	582.099   	7.500000	582.099   	7.500000	4.61449   	7.500000	2.90564   	7.500000	4.61353   	7.500000	4.45995   	7.500000	4.66934
8.000000	651.891   	8.000000	645.954   	8.000000	647.517   	8.000000	647.517   	8.000000	5.13956   	8.000000	3.20647   	8.000000	5.09989   	8.000000	4.90395   	8.000000	5.16255
8.500000	719.733   	8.500000	713.605   	8.500000	715.846   	8.500000	715.846   	8.500000	5.68793   	8.500000	3.51826   	8.500000	5.60663   	8.500000	5.36429   	8.500000	5.6764
9.000000	790.386   	9.000000	784.031   	9.000000	787.04    	9.000000	787.04    	9.000000	6.25918   	9.000000	3.84076   	9.000000	6.13332   	9.000000	5.84055   	9.000000	6.21046
9.500000	863.816   	9.500000	857.187   	9.500000	861.056   	9.500000	861.056   	9.500000	6.85293   	9.500000	4.1737    	9.500000	6.67959   	9.500000	6.33237   	9.500000	6.76434
10.000000	939.991   	10.000000	933.014   	10.000000	937.855   	10.000000	937.855   	10.000000	7.46883   	10.000000	4.51679   	10.000000	7.24506   	10.000000	6.8394    	10.000000	7.33768
11.000000	1100.46   	11.000000	1091.02   	11.000000	1099.45   	11.000000	1099.44   	11.000000	8.7612    	11.000000	5.23355   	11.000000	8.42639   	11.000000	7.89608   	11.000000	8.53616
12.000000	1271.56   	12.000000	1258.38   	12.000000	1271.36   	12.000000	1271.33   	12.000000	10.1301   	12.000000	5.99797   	12.000000	9.67466   	12.000000	9.00637   	12.000000	9.80189
13.000000	1453.11   	13.000000	1435.09   	13.000000	1453.33   	13.000000	1453.27   	13.000000	11.5744   	13.000000	6.80848   	13.000000	10.9901   	13.000000	10.1643   	13.000000	11.1357
14.000000	1644.91   	14.000000	1621.12   	14.000000	1645.16   	14.000000	1645.06   	14.000000	13.0927   	14.000000	7.66085   	14.000000	12.3706   	14.000000	11.37     	14.000000	12.5353
15.000000	1846.79   	15.000000	1816.43   	15.000000	1846.65   	15.000000	1846.51   	15.000000	14.684    	15.000000	8.55224   	15.000000	13.8143   	15.000000	12.6247   	15.000000	13.9991
16.000000	2058.61   	16.000000	2020.97   	16.000000	2057.63   	16.000000	2057.44   	16.000000	16.347    	16.000000	9.4808    	16.000000	15.3197   	16.000000	13.9268   	16.000000	15.5255
17.000000	2280.2    	17.000000	2234.67   	17.000000	2277.94   	17.000000	2277.71   	17.000000	18.0808   	17.000000	10.4451   	17.000000	16.8856   	17.000000	15.2753   	17.000000	17.1133
18.000000	2511.44   	18.000000	2457.48   	18.000000	2507.42   	18.000000	2507.16   	18.000000	19.884    	18.000000	11.4437   	18.000000	18.5108   	18.000000	16.669    	18.000000	18.7613
19.000000	2752.2    	19.000000	2689.33   	19.000000	2745.95   	19.000000	2745.65   	19.000000	21.7557   	19.000000	12.475    	19.000000	20.1942   	19.000000	18.1069   	19.000000	20.4684
20.000000	3002.35   	20.000000	2930.16   	20.000000	2993.39   	20.000000	2993.06   	20.000000	23.695    	20.000000	13.5379   	20.000000	21.9349   	20.000000	19.5882   	20.000000	22.2338
21.000000	3261.78   	21.000000	3179.91   	21.000000	3249.63   	21.000000	3249.28   	21.000000	25.7011   	21.000000	14.6319   	21.000000	23.7321   	21.000000	21.1123   	21.000000	24.0566
22.000000	3530.37   	22.000000	3438.5    	22.000000	3514.58   	22.000000	3514.2    	22.000000	27.7734   	22.000000	15.7563   	22.000000	25.5852   	22.000000	22.6785   	22.000000	25.9363
23.000000	3808.03   	23.000000	3705.88   	23.000000	3788.11   	23.000000	3787.71   	23.000000	29.9104   	23.000000	16.9101   	23.000000	27.493    	23.000000	24.2859   	23.000000	27.8719
24.000000	4094.66   	24.000000	3981.99   	24.000000	4070.09   	24.000000	4069.69   	24.000000	32.1111   	24.000000	18.0926   	24.000000	29.4547   	24.000000	25.9338   	24.000000	29.8624
25.000000	4390.15   	25.000000	4266.75   	25.000000	4360.44   	25.000000	4360.06   	25.000000	34.3745   	25.000000	19.3033   	25.000000	31.4697   	25.000000	27.6216   	25.000000	31.9072
27.000000	5007.38   	27.000000	4862.02   	27.000000	4965.83   	27.000000	4965.58   	27.000000	39.0862   	27.000000	21.8063   	27.000000	35.6563   	27.000000	31.1144   	27.000000	36.1569
29.000000	5659.03   	29.000000	5491.19   	29.000000	5603.57   	29.000000	5603.55   	29.000000	44.0393   	29.000000	24.414    	29.000000	40.0472   	29.000000	34.7596   	29.000000	40.6155
31.000000	6344.45   	31.000000	6153.81   	31.000000	6273.28   	31.000000	6273.54   	31.000000	49.2343   	31.000000	27.1282   	31.000000	44.6405   	31.000000	38.5554   	31.000000	45.2815
33.000000	7063.05   	33.000000	6849.42   	33.000000	6975.66   	33.000000	6976.29   	33.000000	54.6939   	33.000000	29.9593   	33.000000	49.4448   	33.000000	42.5084   	33.000000	50.1638
35.000000	7814.26   	35.000000	7577.58   	35.000000	7710.42   	35.000000	7711.5    	35.000000	60.416    	35.000000	32.9063   	35.000000	54.46     	35.000000	46.6182   	35.000000	55.2624
38.000000	9001.07   	38.000000	8729.93   	38.000000	8872.28   	38.000000	8874.11   	38.000000	69.4781   	38.000000	37.5388   	38.000000	62.373    	38.000000	53.0732   	38.000000	63.3119
41.000000	10258.4   	41.000000	9953.18   	41.000000	10104.3   	41.000000	10107.1   	41.000000	79.0941   	41.000000	42.4111   	41.000000	70.7447   	41.000000	59.8687   	41.000000	71.834
44.000000	11584.7   	44.000000	11246     	44.000000	11405.3   	44.000000	11409.1   	44.000000	89.2514   	44.000000	47.5188   	44.000000	79.5668   	44.000000	66.9981   	44.000000	80.8218
47.000000	12978.5   	47.000000	12607.2   	47.000000	12773.8   	47.000000	12778.7   	47.000000	99.932    	47.000000	52.8557   	47.000000	88.8287   	47.000000	74.453    	47.000000	90.2653
50.000000	14438.5   	50.000000	14035.5   	50.000000	14208.4   	50.000000	14214.6   	50.000000	111.119   	50.000000	58.4098   	50.000000	98.519    	50.000000	82.2248   	50.000000	100.154
55.000000	17015.6   	55.000000	16562.1   	55.000000	16743.5   	55.000000	16752.2   	55.000000	130.858   	55.000000	68.134    	55.000000	115.599   	55.000000	95.8638   	55.000000	117.605
60.000000	19767.5   	60.000000	19266.8   	60.000000	19454.1   	60.000000	19465.9   	60.000000	151.916   	60.000000	78.4166   	60.000000	133.801   	60.000000	110.331   	60.000000	136.232
65.000000	22689.5   	65.000000	22144.9   	65.000000	22335.8   	65.000000	22350.8   	65.000000	174.247   	65.000000	89.2474   	65.000000	153.089   	65.000000	125.6     	65.000000	156.004
70.000000	25776.8   	70.000000	25191.8   	70.000000	25383.9   	70.000000	25402.6   	70.000000	197.795   	70.000000	100.592   	70.000000	173.423   	70.000000	141.638   	70.000000	176.881
75.000000	29025.3   	75.000000	28403.2   	75.000000	28594.6   	75.000000	28617.3   	75.000000	222.525   	75.000000	112.445   	75.000000	194.77    	75.000000	158.425   	75.000000	198.839
80.000000	32431     	80.000000	31775.1   	80.000000	31963.7   	80.000000	31990.8   	80.000000	248.388   	80.000000	124.776   	80.000000	217.096   	80.000000	175.934   	80.000000	221.843
85.000000	35990.3   	85.000000	35303.6   	85.000000	35487.5   	85.000000	35519.5   	85.000000	275.344   	85.000000	137.57    	85.000000	240.367   	85.000000	194.142   	85.000000	245.866
90.000000	39699.6   	90.000000	38984.9   	90.000000	39162.9   	90.000000	39199.9   	90.000000	303.366   	90.000000	150.819   	90.000000	264.559   	90.000000	213.031   	90.000000	270.885
95.000000	43555.8   	95.000000	42815.5   	95.000000	42986.2   	95.000000	43028.7   	95.000000	332.404   	95.000000	164.503   	95.000000	289.638   	95.000000	232.578   	95.000000	296.871
100.000000	47555.6   	100.000000	46792     	100.000000	46954     	100.000000	47002.6   	100.000000	362.428   	100.000000	178.612   	100.000000	315.576   	100.000000	252.764   	100.000000	323.799
105.000000	51696.3   	105.000000	50911.1   	105.000000	51063.8   	105.000000	51118.6   	105.000000	393.412   	105.000000	193.139   	105.000000	342.352   	105.000000	273.573   	105.000000	351.648
110.000000	55974.9   	110.000000	55169.7   	110.000000	55312.6   	110.000000	55373.7   	110.000000	425.325   	110.000000	208.065   	110.000000	369.94    	110.000000	294.988   	110.000000	380.399
115.000000	60388.9   	115.000000	59564.8   	115.000000	59697.4   	115.000000	59765.1   	115.000000	458.131   	115.000000	223.373   	115.000000	398.314   	115.000000	316.993   	115.000000	410.026
120.000000	64935.7   	120.000000	64093.4   	120.000000	64215     	120.000000	64290     	120.000000	491.792   	120.000000	239.059   	120.000000	427.446   	120.000000	339.567   	120.000000	440.505
125.000000	69613     	125.000000	68752.7   	125.000000	68863.2   	125.000000	68945.9   	125.000000	526.291   	125.000000	255.107   	125.000000	457.32    	125.000000	362.699   	125.000000	471.821
130.000000	74418.4   	130.000000	73540.1   	130.000000	73639.7   	130.000000	73730     	130.000000	561.605   	130.000000	271.518   	130.000000	487.914   	130.000000	386.375   	130.000000	503.955
135.000000	79349.6   	135.000000	78452.9   	135.000000	78541.6   	135.000000	78640.1   	135.000000	597.697   	135.000000	288.279   	135.000000	519.205   	135.000000	410.58    	135.000000	536.886
140.000000	84404.6   	140.000000	83488.5   	140.000000	83566.3   	140.000000	83673.6   	140.000000	634.539   	140.000000	305.368   	140.000000	551.168   	140.000000	435.296   	140.000000	570.592
145.000000	89581.4   	145.000000	88644.6   	145.000000	88712     	145.000000	88828.3   	145.000000	672.117   	145.000000	322.783   	145.000000	583.79    	145.000000	460.516   	145.000000	605.061
150.000000	94877.9   	150.000000	93918.7   	150.000000	93976.4   	150.000000	94101.9   	150.000000	710.407   	150.000000	340.52    	150.000000	617.052   	150.000000	486.226   	150.000000	640.275
155.000000	100369    	155.000000	99308.6   	155.000000	99357.3   	155.000000	99492.1   	155.000000	749.388   	155.000000	358.568   	155.000000	650.936   	155.000000	512.415   	155.000000	676.219
160.000000	105974    	160.000000	104812    	160.000000	104853    	160.000000	104997    	160.000000	789.036   	160.000000	376.921   	160.000000	685.424   	160.000000	539.071   	160.000000	712.878
165.000000	111688    	165.000000	110427    	165.000000	110460    	165.000000	110614    	165.000000	829.321   	165.000000	395.568   	165.000000	720.494   	165.000000	566.178   	165.000000	750.228
170.000000	117510    	170.000000	116151    	170.000000	116177    	170.000000	116342    	170.000000	870.22    	170.000000	414.502   	170.000000	756.13    	170.000000	593.726   	170.000000	788.257
175.000000	123437    	175.000000	121982    	175.000000	122003    	175.000000	122178    	175.000000	911.724   	175.000000	433.722   	175.000000	792.319   	175.000000	621.707   	175.000000	826.952
180.000000	129467    	180.000000	127919    	180.000000	127935    	180.000000	128121    	180.000000	953.814   	180.000000	453.214   	180.000000	829.045   	180.000000	650.111   	180.000000	866.299
185.000000	135599    	185.000000	133959    	185.000000	133971    	185.000000	134169    	185.000000	996.471   	185.000000	472.965   	185.000000	866.294   	185.000000	678.927   	185.000000	906.285
190.000000	141832    	190.000000	140100    	190.000000	140111    	190.000000	140320    	190.000000	1039.68   	190.000000	492.979   	190.000000	904.05    	190.000000	708.147   	190.000000	946.896
195.000000	148162    	195.000000	146341    	195.000000	146351    	195.000000	146572    	195.000000	1083.41   	195.000000	513.255   	195.000000	942.299   	195.000000	737.758   	195.000000	988.117
200.000000	154590    	200.000000	152680    	200.000000	152690    	200.000000	152923    	200.000000	1127.65   	200.000000	533.773   	200.000000	981.023   	200.000000	767.751   	200.000000	1029.93
210.000000	167728    	210.000000	165644    	210.000000	165658    	210.000000	165917    	210.000000	1217.58   	210.000000	575.5     	210.000000	1059.84   	210.000000	828.844   	210.000000	1115.29
220.000000	181234    	220.000000	178980    	220.000000	179004    	220.000000	179289    	220.000000	1309.36   	220.000000	618.16    	220.000000	1140.42   	220.000000	891.366   	220.000000	1202.9
230.000000	195097    	230.000000	192674    	230.000000	192715    	230.000000	193026    	230.000000	1402.89   	230.000000	661.733   	230.000000	1222.65   	230.000000	955.251   	230.000000	1292.65
240.000000	209305    	240.000000	206715    	240.000000	206778    	240.000000	207117    	240.000000	1498.03   	240.000000	706.137   	240.000000	1306.45   	240.000000	1020.43   	240.000000	1384.45
250.000000	223848    	250.000000	221092    	250.000000	221181    	250.000000	221550    	250.000000	1594.65   	250.000000	751.332   	250.000000	1391.7    	250.000000	1086.84   	250.000000	1478.21
260.000000	238715    	260.000000	235792    	260.000000	235915    	260.000000	236314    	260.000000	1692.68   	260.000000	797.302   	260.000000	1478.34   	260.000000	1154.44   	260.000000	1573.85
270.000000	253898    	270.000000	250807    	270.000000	250970    	270.000000	251399    	270.000000	1792.03   	270.000000	844.02    	270.000000	1566.29   	270.000000	1223.16   	270.000000	1671.31
280.000000	269386    	280.000000	266125    	280.000000	266334    	280.000000	266795    	280.000000	1892.62   	280.000000	891.42    	280.000000	1655.48   	280.000000	1292.96   	280.000000	1770.49
290.000000	285172    	290.000000	281738    	290.000000	281999    	290.000000	282492    	290.000000	1994.33   	290.000000	939.479   	290.000000	1745.82   	290.000000	1363.78   	290.000000	1871.33
300.000000	301246    	300.000000	297637    	300.000000	297953    	300.000000	298481    	300.000000	2097.07   	300.000000	988.184   	300.000000	1837.24   	300.000000	1435.58   	300.000000	1973.75
310.000000	317602    	310.000000	313812    	310.000000	314190    	310.000000	314753    	310.000000	2200.79   	310.000000	1037.49   	310.000000	1929.68   	310.000000	1508.31   	310.000000	2077.69
320.000000	334230    	320.000000	330255    	320.000000	330700    	320.000000	331299    	320.000000	2305.43   	320.000000	1087.39   	320.000000	2023.1    	320.000000	1581.93   	320.000000	2183.09
330.000000	351123    	330.000000	346959    	330.000000	347476    	330.000000	348111    	330.000000	2410.92   	330.000000	1137.9    	330.000000	2117.42   	330.000000	1656.4    	330.000000	2289.89
340.000000	368276    	340.000000	363916    	340.000000	364511    	340.000000	365182    	340.000000	2517.18   	340.000000	1188.93   	340.000000	2212.59   	340.000000	1731.69   	340.000000	2398.03
350.000000	385679    	350.000000	381117    	350.000000	381794    	350.000000	382503    	350.000000	2624.14   	350.000000	1240.47   	350.000000	2308.55   	350.000000	1807.74   	350.000000	2507.44
360.000000	403328    	360.000000	398557    	360.000000	399319    	360.000000	400067    	360.000000	2731.73   	360.000000	1292.49   	360.000000	2405.24   	360.000000	1884.52   	360.000000	2618.08
370.000000	421215    	370.000000	416228    	370.000000	417079    	370.000000	417867    	370.000000	2839.93   	370.000000	1345.03   	370.000000	2502.63   	370.000000	1962.01   	370.000000	2729.88
380.000000	439334    	380.000000	434123    	380.000000	435068    	380.000000	435896    	380.000000	2948.68   	380.000000	1398.07   	380.000000	2600.67   	380.000000	2040.16   	380.000000	2842.82
390.000000	457680    	390.000000	452237    	390.000000	453279    	390.000000	454149    	390.000000	3057.93   	390.000000	1451.55   	390.000000	2699.32   	390.000000	2118.95   	390.000000	2956.83
400.000000	476246    	400.000000	470563    	400.000000	471706    	400.000000	472617    	400.000000	3167.63   	400.000000	1505.46   	400.000000	2798.54   	400.000000	2198.35   	400.000000	3071.87
410.000000	495027    	410.000000	489096    	410.000000	490344    	410.000000	491295    	410.000000	3277.75   	410.000000	1559.8    	410.000000	2898.28   	410.000000	2278.33   	410.000000	3187.9
420.000000	514018    	420.000000	507829    	420.000000	509184    	420.000000	510178    	420.000000	3388.23   	420.000000	1614.51   	420.000000	2998.5    	420.000000	2358.86   	420.000000	3304.87
430.000000	533213    	430.000000	526757    	430.000000	528221    	430.000000	529259    	430.000000	3499      	430.000000	1669.57   	430.000000	3099.17   	430.000000	2439.9    	430.000000	3422.73
440.000000	552607    	440.000000	545876    	440.000000	547449    	440.000000	548532    	440.000000	3610.06   	440.000000	1724.96   	440.000000	3200.25   	440.000000	2521.44   	440.000000	3541.45
450.000000	572196    	450.000000	565179    	450.000000	566865    	450.000000	567993    	450.000000	3721.37   	450.000000	1780.73   	450.000000	3301.71   	450.000000	2603.44   	450.000000	3660.98
460.000000	591974    	460.000000	584662    	460.000000	586463    	460.000000	587637    	460.000000	3832.9    	460.000000	1836.86   	460.000000	3403.53   	460.000000	2685.9    	460.000000	3781.31
470.000000	611937    	470.000000	604320    	470.000000	606237    	470.000000	607457    	470.000000	3944.62   	470.000000	1893.33   	470.000000	3505.67   	470.000000	2768.78   	470.000000	3902.39
480.000000	632081    	480.000000	624149    	480.000000	626184    	480.000000	627450    	480.000000	4056.49   	480.000000	1950.14   	480.000000	3608.1    	480.000000	2852.06   	480.000000	4024.18
490.000000	652402    	490.000000	644144    	490.000000	646297    	490.000000	647610    	490.000000	4168.49   	490.000000	2007.23   	490.000000	3710.8    	490.000000	2935.72   	490.000000	4146.65
500.000000	672894    	500.000000	664300    	500.000000	666572    	500.000000	667932    	500.000000	4280.57   	500.000000	2064.6    	500.000000	3813.73   	500.000000	3019.73   	500.000000	4269.77
520.000000	714378    	520.000000	705081    	520.000000	707590    	520.000000	709045    	520.000000	4504.86   	520.000000	2180.16   	520.000000	4020.19   	520.000000	3188.75   	520.000000	4517.8
540.000000	756502    	540.000000	746461    	540.000000	749201    	540.000000	750756    	540.000000	4729.16   	540.000000	2296.8    	540.000000	4227.28   	540.000000	3358.95   	540.000000	4768.02
560.000000	799237    	560.000000	788410    	560.000000	791378    	560.000000	793035    	560.000000	4953.37   	560.000000	2414.4    	560.000000	4434.86   	560.000000	3530.22   	560.000000	5020.26
580.000000	842555    	580.000000	830898    	580.000000	834092    	580.000000	835852    	580.000000	5177.33   	580.000000	2532.89   	580.000000	4642.79   	580.000000	3702.42   	580.000000	5274.3
600.000000	886428    	600.000000	873900    	600.000000	877315    	600.000000	879178    	600.000000	5400.92   	600.000000	2652.23   	600.000000	4850.93   	600.000000	3875.45   	600.000000	5529.98
620.000000	930832    	620.000000	917391    	620.000000	921023    	620.000000	922989    	620.000000	5624.01   	620.000000	2772.38   	620.000000	5059.15   	620.000000	4049.19   	620.000000	5787.11
640.000000	975742    	640.000000	961347    	640.000000	965187    	640.000000	967259    	640.000000	5846.47   	640.000000	2893.28   	640.000000	5267.32   	640.000000	4223.55   	640.000000	6045.53
660.000000	1.02113e+06	660.000000	1.00575e+06	660.000000	1.00978e+06	660.000000	1.01197e+06	660.000000	6068.18   	660.000000	3014.88   	660.000000	5475.35   	660.000000	4398.41   	660.000000	6305.06
680.000000	1.06699e+06	680.000000	1.05057e+06	680.000000	1.05479e+06	680.000000	1.05709e+06	680.000000	6289.08   	680.000000	3137.15   	680.000000	5683.13   	680.000000	4573.7    	680.000000	6565.59
700.000000	1.11329e+06	700.000000	1.09579e+06	700.000000	1.1002e+06	700.000000	1.1026e+06	700.000000	6509.12   	700.000000	3260.08   	700.000000	5890.6    	700.000000	4749.35   	700.000000	6826.99
720.000000	1.16e+06  	720.000000	1.14139e+06	720.000000	1.14597e+06	720.000000	1.14849e+06	720.000000	6728.22   	720.000000	3383.63   	720.000000	6097.68   	720.000000	4925.28   	720.000000	7089.15
740.000000	1.20712e+06	740.000000	1.18736e+06	740.000000	1.19211e+06	740.000000	1.19474e+06	740.000000	6946.34   	740.000000	3507.78   	740.000000	6304.3    	740.000000	5101.43   	740.000000	7351.95
760.000000	1.25462e+06	760.000000	1.23368e+06	760.000000	1.23858e+06	760.000000	1.24132e+06	760.000000	7163.4    	760.000000	3632.51   	760.000000	6510.39   	760.000000	5277.73   	760.000000	7615.29
780.000000	1.30249e+06	780.000000	1.28033e+06	780.000000	1.28537e+06	780.000000	1.28823e+06	780.000000	7379.38   	780.000000	3757.79   	780.000000	6715.9    	780.000000	5454.11   	780.000000	7879.07
800.000000	1.35071e+06	800.000000	1.3273e+06	800.000000	1.33247e+06	800.000000	1.33544e+06	800.000000	7594.2    	800.000000	3883.54   	800.000000	6920.77   	800.000000	5630.53   	800.000000	8143.18
820.000000	1.39926e+06	820.000000	1.37456e+06	820.000000	1.37986e+06	820.000000	1.38295e+06	820.000000	7807.81   	820.000000	4009.69   	820.000000	7124.94   	820.000000	5806.93   	820.000000	8407.54
840.000000	1.44813e+06	840.000000	1.42212e+06	840.000000	1.42752e+06	840.000000	1.43073e+06	840.000000	8020.19   	840.000000	4136.22   	840.000000	7328.37   	840.000000	5983.24   	840.000000	8672.05
860.000000	1.4973e+06	860.000000	1.46995e+06	860.000000	1.47544e+06	860.000000	1.47878e+06	860.000000	8231.31   	860.000000	4263.18   	860.000000	7531.04   	860.000000	6159.44   	860.000000	8936.66
880.000000	1.54677e+06	880.000000	1.51804e+06	880.000000	1.52362e+06	880.000000	1.52708e+06	880.000000	8441.18   	880.000000	4390.59   	880.000000	7732.9    	880.000000	6335.49   	880.000000	9201.31
900.000000	1.59651e+06	900.000000	1.56638e+06	900.000000	1.57204e+06	900.000000	1.57561e+06	900.000000	8649.78   	900.000000	4518.43   	900.000000	7933.93   	900.000000	6511.36   	900.000000	9465.92
920.000000	1.64651e+06	920.000000	1.61496e+06	920.000000	1.62068e+06	920.000000	1.62438e+06	920.000000	8857.08   	920.000000	4646.63   	920.000000	8134.11   	920.000000	6687      	920.000000	9730.45
940.000000	1.69677e+06	940.000000	1.66376e+06	940.000000	1.66954e+06	940.000000	1.67337e+06	940.000000	9063.07   	940.000000	4775.15   	940.000000	8333.4    	940.000000	6862.38   	940.000000	9994.82
960.000000	1.74727e+06	960.000000	1.71279e+06	960.000000	1.71861e+06	960.000000	1.72256e+06	960.000000	9267.75   	960.000000	4903.98   	960.000000	8531.79   	960.000000	7037.48   	960.000000	10259
980.000000	1.79799e+06	980.000000	1.76202e+06	980.000000	1.76788e+06	980.000000	1.77195e+06	980.000000	9471.09   	980.000000	5033.15   	980.000000	8729.25   	980.000000	7212.26   	980.000000	10522.9
1000.000000	1.84893e+06	1000.000000	1.81144e+06	1000.000000	1.81733e+06	1000.000000	1.82152e+06	1000.000000	9673.09   	1000.000000	5162.68   	1000.000000	8925.77   	1000.000000	7386.69   	1000.000000	10786.5
1020.000000	1.90008e+06	1020.000000	1.86105e+06	1020.000000	1.86697e+06	1020.000000	1.87128e+06	1020.000000	9873.75   	1020.000000	5292.57   	1020.000000	9121.33   	1020.000000	7560.76   	1020.000000	11049.8
1040.000000	1.95142e+06	1040.000000	1.91085e+06	1040.000000	1.91677e+06	1040.000000	1.92121e+06	1040.000000	10073.1   	1040.000000	5422.78   	1040.000000	9315.93   	1040.000000	7734.43   	1040.000000	11312.7
1060.000000	2.00295e+06	1060.000000	1.96081e+06	1060.000000	1.96674e+06	1060.000000	1.97129e+06	1060.000000	10271     	1060.000000	5553.29   	1060.000000	9509.54   	1060.000000	7907.7    	1060.000000	11575.1
1080.000000	2.05466e+06	1080.000000	2.01094e+06	1080.000000	2.01686e+06	1080.000000	2.02154e+06	1080.000000	10467.7   	1080.000000	5684.06   	1080.000000	9702.17   	1080.000000	8080.54   	1080.000000	11837.2
1100.000000	2.10654e+06	1100.000000	2.06122e+06	1100.000000	2.06713e+06	1100.000000	2.07193e+06	1100.000000	10663     	1100.000000	5815.07   	1100.000000	9893.8    	1100.000000	8252.92   	1100.000000	12098.7
1120.000000	2.15857e+06	1120.000000	2.11164e+06	1120.000000	2.11754e+06	1120.000000	2.12246e+06	1120.000000	10856.9   	1120.000000	5946.31   	1120.000000	10084.4   	1120.000000	8424.85   	1120.000000	12359.7
1140.000000	2.21076e+06	1140.000000	2.16221e+06	1140.000000	2.16808e+06	1140.000000	2.17313e+06	1140.000000	11049.5   	1140.000000	6077.78   	1140.000000	10274     	1140.000000	8596.28   	1140.000000	12620.1
1160.000000	2.26309e+06	1160.000000	2.21291e+06	1160.000000	2.21875e+06	1160.000000	2.22392e+06	1160.000000	11240.8   	1160.000000	6209.47   	1160.000000	10462.6   	1160.000000	8767.21   	1160.000000	12880
1180.000000	2.31555e+06	1180.000000	2.26374e+06	1180.000000	2.26953e+06	1180.000000	2.27484e+06	1180.000000	11430.7   	1180.000000	6341.38   	1180.000000	10650.2   	1180.000000	8937.63   	1180.000000	13139.3
1200.000000	2.36814e+06	1200.000000	2.31468e+06	1200.000000	2.32044e+06	1200.000000	2.32587e+06	1200.000000	11619.2   	1200.000000	6473.5    	1200.000000	10836.7   	1200.000000	9107.52   	1200.000000	13397.9
1220.000000	2.42085e+06	1220.000000	2.36575e+06	1220.000000	2.37145e+06	1220.000000	2.37701e+06	1220.000000	11806.5   	1220.000000	6605.85   	1220.000000	11022.2   	1220.000000	9276.88   	1220.000000	13655.9
1240.000000	2.47367e+06	1240.000000	2.41692e+06	1240.000000	2.42256e+06	1240.000000	2.42825e+06	1240.000000	11992.4   	1240.000000	6738.4    	1240.000000	11206.7   	1240.000000	9445.69   	1240.000000	13913.2
1260.000000	2.5266e+06	1260.000000	2.46819e+06	1260.000000	2.47378e+06	1260.000000	2.4796e+06	1260.000000	12177     	1260.000000	6871.16   	1260.000000	11390.2   	1260.000000	9613.96   	1260.000000	14169.8
1280.000000	2.57962e+06	1280.000000	2.51956e+06	1280.000000	2.52508e+06	1280.000000	2.53103e+06	1280.000000	12360.4   	1280.000000	7004.13   	1280.000000	11572.6   	1280.000000	9781.66   	1280.000000	14425.7
1300.000000	2.63274e+06	1300.000000	2.57102e+06	1300.000000	2.57648e+06	1300.000000	2.58256e+06	1300.000000	12542.5   	1300.000000	7137.31   	1300.000000	11754     	1300.000000	9948.8    	1300.000000	14681
1320.000000	2.68595e+06	1320.000000	2.62257e+06	1320.000000	2.62797e+06	1320.000000	2.63418e+06	1320.000000	12723.3   	1320.000000	7270.68   	1320.000000	11934.4   	1320.000000	10115.4   	1320.000000	14935.4
1340.000000	2.73924e+06	1340.000000	2.6742e+06	1340.000000	2.67954e+06	1340.000000	2.68587e+06	1340.000000	12902.9   	1340.000000	7404.25   	1340.000000	12113.8   	1340.000000	10281.4   	1340.000000	15189.2
1360.000000	2.7926e+06	1360.000000	2.7259e+06	1360.000000	2.73118e+06	1360.000000	2.73765e+06	1360.000000	13081.2   	1360.000000	7538.01   	1360.000000	12292.2   	1360.000000	10446.8   	1360.000000	15442.2
1380.000000	2.84603e+06	1380.000000	2.77768e+06	1380.000000	2.7829e+06	1380.000000	2.78949e+06	1380.000000	13258.3   	1380.000000	7671.96   	1380.000000	12469.6   	1380.000000	10611.6   	1380.000000	15694.4
1400.000000	2.89953e+06	1400.000000	2.82953e+06	1400.000000	2.83469e+06	1400.000000	2.84141e+06	1400.000000	13434.1   	1400.000000	7806.1    	1400.000000	12646     	1400.000000	10775.8   	1400.000000	15945.9
1420.000000	2.95309e+06	1420.000000	2.88145e+06	1420.000000	2.88654e+06	1420.000000	2.89339e+06	1420.000000	13608.8   	1420.000000	7940.41   	1420.000000	12821.4   	1420.000000	10939.4   	1420.000000	16196.6
1440.000000	3.00669e+06	1440.000000	2.93342e+06	1440.000000	2.93845e+06	1440.000000	2.94544e+06	1440.000000	13782.2   	1440.000000	8074.91   	1440.000000	12995.8   	1440.000000	11102.4   	1440.000000	16446.5
1460.000000	3.06035e+06	1460.000000	2.98545e+06	1460.000000	2.99043e+06	1460.000000	2.99754e+06	1460.000000	13954.5   	1460.000000	8209.58   	1460.000000	13169.2   	1460.000000	11264.8   	1460.000000	16695.5
1480.000000	3.11405e+06	1480.000000	3.03754e+06	1480.000000	3.04246e+06	1480.000000	3.0497e+06	1480.000000	14125.6   	1480.000000	8344.43   	1480.000000	13341.7   	1480.000000	11426.6   	1480.000000	16943.8
1500.000000	3.1678e+06	1500.000000	3.08967e+06	1500.000000	3.09455e+06	1500.000000	3.10191e+06	1500.000000	14295.5   	1500.000000	8479.45   	1500.000000	13513.1   	1500.000000	11587.8   	1500.000000	17191.3
1520.000000	3.22157e+06	1520.000000	3.14185e+06	1520.000000	3.14668e+06	1520.000000	3.15417e+06	1520.000000	14464.3   	1520.000000	8614.65   	1520.000000	13683.6   	1520.000000	11748.4   	1520.000000	17438
1540.000000	3.27538e+06	1540.000000	3.19407e+06	1540.000000	3.19886e+06	1540.000000	3.20648e+06	1540.000000	14631.9   	1540.000000	8750.01   	1540.000000	13853.2   	1540.000000	11908.4   	1540.000000	17683.8
1560.000000	3.32921e+06	1560.000000	3.24633e+06	1560.000000	3.25109e+06	1560.000000	3.25884e+06	1560.000000	14798.4   	1560.000000	8885.53   	1560.000000	14021.8   	1560.000000	12067.8   	1560.000000	17928.8
1580.000000	3.38307e+06	1580.000000	3.29862e+06	1580.000000	3.30336e+06	1580.000000	3.31124e+06	1580.000000	14963.8   	1580.000000	9021.22   	1580.000000	14189.4   	1580.000000	12226.5   	1580.000000	18173
1600.000000	3.43695e+06	1600.000000	3.35095e+06	1600.000000	3.35567e+06	1600.000000	3.36367e+06	1600.000000	15128     	1600.000000	9157.08   	1600.000000	14356.1   	1600.000000	12384.7   	1600.000000	18416.3
1620.000000	3.49084e+06	1620.000000	3.40331e+06	1620.000000	3.40802e+06	1620.000000	3.41615e+06	1620.000000	15291.2   	1620.000000	9293.1    	1620.000000	14521.9   	1620.000000	12542.2   	1620.000000	18658.8
1640.000000	3.54474e+06	1640.000000	3.4557e+06	1640.000000	3.4604e+06	1640.000000	3.46865e+06	1640.000000	15453.3   	1640.000000	9429.29   	1640.000000	14686.8   	1640.000000	12699.1   	1640.000000	18900.5
1660.000000	3.59865e+06	1660.000000	3.50811e+06	1660.000000	3.51281e+06	1660.000000	3.5212e+06	1660.000000	15614.3   	1660.000000	9565.63   	1660.000000	14850.7   	1660.000000	12855.4   	1660.000000	19141.3
1680.000000	3.65257e+06	1680.000000	3.56054e+06	1680.000000	3.56525e+06	1680.000000	3.57377e+06	1680.000000	15774.2   	1680.000000	9702.13   	1680.000000	15013.7   	1680.000000	13011     	1680.000000	19381.3
1700.000000	3.70649e+06	1700.000000	3.61299e+06	1700.000000	3.61772e+06	1700.000000	3.62637e+06	1700.000000	15933.1   	1700.000000	9838.79   	1700.000000	15175.8   	1700.000000	13166.1   	1700.000000	19620.4
1750.000000	3.84126e+06	1750.000000	3.74419e+06	1750.000000	3.74901e+06	1750.000000	3.75798e+06	1750.000000	16325.7   	1750.000000	10181.1   	1750.000000	15577.1   	1750.000000	13551.1   	1750.000000	20214.5
1800.000000	3.97598e+06	1800.000000	3.87545e+06	1800.000000	3.88043e+06	1800.000000	3.88974e+06	1800.000000	16712.1   	1800.000000	10524.3   	1800.000000	15973     	1800.000000	13932.2   	1800.000000	20803.3
1850.000000	4.1106e+06	1850.000000	4.00674e+06	1850.000000	4.01197e+06	1850.000000	4.0216e+06	1850.000000	17092.3   	1850.000000	10868.3   	1850.000000	16363.5   	1850.000000	14309.6   	1850.000000	21386.9
1900.000000	4.24507e+06	1900.000000	4.13804e+06	1900.000000	4.14359e+06	1900.000000	4.15356e+06	1900.000000	17466.6   	1900.000000	11213.1   	1900.000000	16748.7   	1900.000000	14683.2   	1900.000000	21965.2
1950.000000	4.37936e+06	1950.000000	4.26932e+06	1950.000000	4.27529e+06	1950.000000	4.28558e+06	1950.000000	17835.1   	1950.000000	11558.7   	1950.000000	17128.8   	1950.000000	15053.1   	1950.000000	22538.2
2000.000000	4.51343e+06	2000.000000	4.40054e+06	2000.000000	4.40703e+06	2000.000000	4.41765e+06	2000.000000	18198     	2000.000000	11905.1   	2000.000000	17503.9   	2000.000000	15419.4   	2000.000000	23106.2
2100.000000	4.78081e+06	2100.000000	4.66273e+06	2100.000000	4.67061e+06	2100.000000	4.68188e+06	2100.000000	18907.6   	2100.000000	12600.4   	2100.000000	18239.6   	2100.000000	16141.1   	2100.000000	24226.6
2200.000000	5.04696e+06	2200.000000	4.92444e+06	2200.000000	4.9342e+06	2200.000000	4.94611e+06	2200.000000	19596.6   	2200.000000	13299.2   	2200.000000	18956.6   	2200.000000	16848.7   	2200.000000	25327
2300.000000	5.3117e+06	2300.000000	5.18552e+06	2300.000000	5.1977e+06	2300.000000	5.21025e+06	2300.000000	20266.3   	2300.000000	14001.6   	2300.000000	19655.9   	2300.000000	17542.6   	2300.000000	26407.6
2400.000000	5.57486e+06	2400.000000	5.44584e+06	2400.000000	5.46103e+06	2400.000000	5.47422e+06	2400.000000	20917.5   	2400.000000	14707.5   	2400.000000	20338.2   	2400.000000	18223.1   	2400.000000	27469.1
2500.000000	5.83629e+06	2500.000000	5.7053e+06	2500.000000	5.72412e+06	2500.000000	5.73794e+06	2500.000000	21551.4   	2500.000000	15416.8   	2500.000000	21004.5   	2500.000000	18890.8   	2500.000000	28511.9
2600.000000	6.09588e+06	2600.000000	5.96379e+06	2600.000000	5.98689e+06	2600.000000	6.00134e+06	2600.000000	22168.7   	2600.000000	16129.3   	2600.000000	21655.3   	2600.000000	19546     	2600.000000	29536.4
2700.000000	6.35352e+06	2700.000000	6.22124e+06	2700.000000	6.24928e+06	2700.000000	6.26435e+06	2700.000000	22770.2   	2700.000000	16844.6   	2700.000000	22291.4   	2700.000000	20188.9   	2700.000000	30543.2
2800.000000	6.60912e+06	2800.000000	6.47758e+06	2800.000000	6.51126e+06	2800.000000	6.52695e+06	2800.000000	23356.8   	2800.000000	17562.8   	2800.000000	22913.4   	2800.000000	20820.1   	2800.000000	31532.7
2900.000000	6.86261e+06	2900.000000	6.73275e+06	2900.000000	6.7728e+06	2900.000000	6.7891e+06	2900.000000	23929.2   	2900.000000	18284     	2900.000000	23522     	2900.000000	21440     	2900.000000	32505.5
3000.000000	7.11393e+06	3000.000000	6.9867e+06	3000.000000	7.03386e+06	3000.000000	7.05078e+06	3000.000000	24488.2   	3000.000000	19008.1   	3000.000000	24117.8   	3000.000000	22048.9   	3000.000000	33462.2
3200.000000	7.60988e+06	3200.000000	7.49078e+06	3200.000000	7.55449e+06	3200.000000	7.57262e+06	3200.000000	25568.2   	3200.000000	20465.1   	3200.000000	25273.3   	3200.000000	23235.1   	3200.000000	35328.8
3400.000000	8.09669e+06	3400.000000	7.98954e+06	3400.000000	8.07304e+06	3400.000000	8.09238e+06	3400.000000	26601.9   	3400.000000	21934     	3400.000000	26384.1   	3400.000000	24381.8   	3400.000000	37136.6
3600.000000	8.57418e+06	3600.000000	8.48281e+06	3600.000000	8.58943e+06	3600.000000	8.60998e+06	3600.000000	27593.3   	3600.000000	23415.3   	3600.000000	27454     	3600.000000	25491.4   	3600.000000	38889.3
3800.000000	9.04227e+06	3800.000000	8.97047e+06	3800.000000	9.10363e+06	3800.000000	9.12539e+06	3800.000000	28546.2   	3800.000000	24909     	3800.000000	28486.3   	3800.000000	26566.6   	3800.000000	40590.4
4000.000000	9.50096e+06	4000.000000	9.45244e+06	4000.000000	9.61564e+06	4000.000000	9.6386e+06	4000.000000	29463.7   	4000.000000	26415.3   	4000.000000	29484.2   	4000.000000	27609.5   	4000.000000	42243
4200.000000	9.95031e+06	4200.000000	9.92871e+06	4200.000000	1.01255e+07	4200.000000	1.01496e+07	4200.000000	30348.9   	4200.000000	27934.2   	4200.000000	30450.2   	4200.000000	28622.3   	4200.000000	43850.1
4400.000000	1.03904e+07	4400.000000	1.03993e+07	4400.000000	1.06331e+07	4400.000000	1.06585e+07	4400.000000	31204.2   	4400.000000	29465.7   	4400.000000	31386.8   	4400.000000	29606.8   	4400.000000	45414.6
4600.000000	1.08213e+07	4600.000000	1.08641e+07	4600.000000	1.11387e+07	4600.000000	1.11652e+07	4600.000000	32031.8   	4600.000000	31009.7   	4600.000000	32296.2   	4600.000000	30564.8   	4600.000000	46938.9
4800.000000	1.12433e+07	4800.000000	1.13233e+07	4800.000000	1.16421e+07	4800.000000	1.16697e+07	4800.000000	32833.8   	4800.000000	32566     	4800.000000	33180.4   	4800.000000	31497.8   	4800.000000	48425.4
5000.000000	1.16564e+07	5000.000000	1.1777e+07	5000.000000	1.21436e+07	5000.000000	1.21723e+07	5000.000000	33611.9   	5000.000000	34134.7   	5000.000000	34041.1   	5000.000000	32407.5   	5000.000000	49876.3
5250.000000	1.21607e+07	5250.000000	1.23362e+07	5250.000000	1.27675e+07	5250.000000	1.27976e+07	5250.000000	34553.5   	5250.000000	36112.5   	5250.000000	35086.3   	5250.000000	33513.7   	5250.000000	51642.8
5500.000000	1.26518e+07	5500.000000	1.2887e+07	5500.000000	1.33884e+07	5500.000000	1.34199e+07	5500.000000	35463.1   	5500.000000	38109     	5500.000000	36100.3   	5500.000000	34588     	5500.000000	53360.5
6000.000000	1.35961e+07	6000.000000	1.39638e+07	6000.000000	1.46214e+07	6000.000000	1.46557e+07	6000.000000	37196.2   	6000.000000	42157     	6000.000000	38044     	6000.000000	36649     	6000.000000	56661.7
6500.000000	1.44924e+07	6500.000000	1.50087e+07	6500.000000	1.58434e+07	6500.000000	1.58803e+07	6500.000000	38827.8   	6500.000000	46277.1   	6500.000000	39889.4   	6500.000000	38606     	6500.000000	59803
7000.000000	1.53437e+07	7000.000000	1.60231e+07	7000.000000	1.7055e+07	7000.000000	1.70945e+07	7000.000000	40371.4   	7000.000000	50467.9   	7000.000000	41650.3   	7000.000000	40471.8   	7000.000000	62803.4
7500.000000	1.61531e+07	7500.000000	1.70087e+07	7500.000000	1.82569e+07	7500.000000	1.82989e+07	7500.000000	41837.9   	7500.000000	54727.9   	7500.000000	43338.2   	7500.000000	42257.2   	7500.000000	65679.3
8000.000000	1.69232e+07	8000.000000	1.79666e+07	8000.000000	1.94496e+07	8000.000000	1.94941e+07	8000.000000	43236.1   	8000.000000	59056     	8000.000000	44962.4   	8000.000000	43971.3   	8000.000000	68444.2
8500.000000	1.76566e+07	8500.000000	1.88984e+07	8500.000000	2.06338e+07	8500.000000	2.06808e+07	8500.000000	44573.5   	8500.000000	63450.6   	8500.000000	46531     	8500.000000	45621.7   	8500.000000	71110.1
9000.000000	1.83559e+07	9000.000000	1.98053e+07	9000.000000	2.18099e+07	9000.000000	2.18593e+07	9000.000000	45856.6   	9000.000000	67908.1   	9000.000000	48050.5   	9000.000000	47215.3   	9000.000000	73687
9500.000000	1.90232e+07	9500.000000	2.06886e+07	9500.000000	2.29785e+07	9500.000000	2.30302e+07	9500.000000	47090.5   	9500.000000	72426.6   	9500.000000	49526.7   	9500.000000	48757.7   	9500.000000	76183.9
10000.000000	1.96606e+07	10000.000000	2.15494e+07	10000.000000	2.41399e+07	10000.000000	2.4194e+07	10000.000000	48279.9   	10000.000000	77006.1   	10000.000000	50964.3   	10000.000000	50254     	10000.000000	78608.3
11000.000000	2.08531e+07	11000.000000	2.32077e+07	11000.000000	2.64427e+07	11000.000000	2.65013e+07	11000.000000	50539.9   	11000.000000	86348     	11000.000000	53739.7   	11000.000000	53124.9   	11000.000000	83265.6
12000.000000	2.19471e+07	12000.000000	2.47881e+07	12000.000000	2.87211e+07	12000.000000	2.87841e+07	12000.000000	52662.2   	12000.000000	95930.1   	12000.000000	56403.6   	12000.000000	55856.8   	12000.000000	87703.4
13000.000000	2.2954e+07	13000.000000	2.62977e+07	13000.000000	3.09773e+07	13000.000000	3.10446e+07	13000.000000	54666.8   	13000.000000	105743    	13000.000000	58976.4   	13000.000000	58472.2   	13000.000000	91956.8
14000.000000	2.38839e+07	14000.000000	2.77425e+07	14000.000000	3.32134e+07	14000.000000	3.32849e+07	14000.000000	56569.6   	14000.000000	115772    	14000.000000	61473.7   	14000.000000	60989.1   	14000.000000	96053.8
15000.000000	2.4745e+07	15000.000000	2.91278e+07	15000.000000	3.54311e+07	15000.000000	3.55067e+07	15000.000000	58383.3   	15000.000000	126008    	15000.000000	63907.9   	15000.000000	63422     	15000.000000	100017
16000.000000	2.55447e+07	16000.000000	3.04585e+07	16000.000000	3.76318e+07	16000.000000	3.77113e+07	16000.000000	60118.2   	16000.000000	136441    	16000.000000	66288.3   	16000.000000	65782.5   	16000.000000	103865
17000.000000	2.62892e+07	17000.000000	3.17387e+07	17000.000000	3.98168e+07	17000.000000	3.99002e+07	17000.000000	61782.9   	17000.000000	147069    	17000.000000	68622.7   	17000.000000	68080     	17000.000000	107613
18000.000000	2.69841e+07	18000.000000	3.29722e+07	18000.000000	4.19872e+07	18000.000000	4.20744e+07	18000.000000	63384.5   	18000.000000	157888    	18000.000000	70917     	18000.000000	70322.5   	18000.000000	111272
19000.000000	2.76341e+07	19000.000000	3.41624e+07	19000.000000	4.41441e+07	19000.000000	4.4235e+07	19000.000000	64929.1   	19000.000000	168897    	19000.000000	73176     	19000.000000	72516.4   	19000.000000	114855
20000.000000	2.82433e+07	20000.000000	3.53122e+07	20000.000000	4.62882e+07	20000.000000	4.63827e+07	20000.000000	66421.8   	20000.000000	180092    	20000.000000	75403.7   	20000.000000	74667.3   	20000.000000	118368
21000.000000	2.88155e+07	21000.000000	3.64244e+07	21000.000000	4.84203e+07	21000.000000	4.85184e+07	21000.000000	67867.2   	21000.000000	191469    	21000.000000	77603.1   	21000.000000	76779.6   	21000.000000	121821
22000.000000	2.93538e+07	22000.000000	3.75014e+07	22000.000000	5.05412e+07	22000.000000	5.06429e+07	22000.000000	69269     	22000.000000	203020    	22000.000000	79776.7   	22000.000000	78857.3   	22000.000000	125218
23000.000000	2.98611e+07	23000.000000	3.85454e+07	23000.000000	5.26515e+07	23000.000000	5.27566e+07	23000.000000	70630.9   	23000.000000	214743    	23000.000000	81926.6   	23000.000000	80903.5   	23000.000000	128565
24000.000000	3.034e+07 	24000.000000	3.95584e+07	24000.000000	5.47519e+07	24000.000000	5.48603e+07	24000.000000	71955.8   	24000.000000	226638    	24000.000000	84054.4   	24000.000000	82921.1   	24000.000000	131867
25000.000000	3.07928e+07	25000.000000	4.05423e+07	25000.000000	5.68427e+07	25000.000000	5.69545e+07	25000.000000	73246.4   	25000.000000	238689    	25000.000000	86161.7   	25000.000000	84912.5   	25000.000000	135128
26000.000000	3.12215e+07	26000.000000	4.14988e+07	26000.000000	5.89246e+07	26000.000000	5.90395e+07	26000.000000	74504.9   	26000.000000	250890    	26000.000000	88249.5   	26000.000000	86879.7   	26000.000000	138351
27000.000000	3.1628e+07	27000.000000	4.24293e+07	27000.000000	6.09978e+07	27000.000000	6.1116e+07	27000.000000	75733.5   	27000.000000	263242    	27000.000000	90318.8   	27000.000000	88824.5   	27000.000000	141539
28000.000000	3.20138e+07	28000.000000	4.33352e+07	28000.000000	6.3063e+07	28000.000000	6.31841e+07	28000.000000	76934.1   	28000.000000	275750    	28000.000000	92370.3   	28000.000000	90748.4   	28000.000000	144694
29000.000000	3.23805e+07	29000.000000	4.4218e+07	29000.000000	6.51203e+07	29000.000000	6.52445e+07	29000.000000	78108.5   	29000.000000	288409    	29000.000000	94404.7   	29000.000000	92652.6   	29000.000000	147818
30000.000000	3.27295e+07	30000.000000	4.50787e+07	30000.000000	6.71702e+07	30000.000000	6.72973e+07	30000.000000	79258.1   	30000.000000	301213    	30000.000000	96422.6   	30000.000000	94538.4   	30000.000000	150914
32000.000000	3.3379e+07	32000.000000	4.67383e+07	32000.000000	7.1249e+07	32000.000000	7.13815e+07	32000.000000	81488.7   	32000.000000	327237    	32000.000000	100411    	32000.000000	98258.5   	32000.000000	157026
34000.000000	3.39707e+07	34000.000000	4.8322e+07	34000.000000	7.53015e+07	34000.000000	7.54392e+07	34000.000000	83635.8   	34000.000000	353806    	34000.000000	104337    	34000.000000	101915    	34000.000000	163041
36000.000000	3.4512e+07	36000.000000	4.98367e+07	36000.000000	7.93297e+07	36000.000000	7.94723e+07	36000.000000	85707.5   	36000.000000	380904    	36000.000000	108204    	36000.000000	105513    	36000.000000	168966
38000.000000	3.50087e+07	38000.000000	5.12881e+07	38000.000000	8.33353e+07	38000.000000	8.34826e+07	38000.000000	87710.9   	38000.000000	408503    	38000.000000	112013    	38000.000000	109057    	38000.000000	174808
40000.000000	3.5466e+07	40000.000000	5.26817e+07	40000.000000	8.732e+07 	40000.000000	8.74714e+07	40000.000000	89652.1   	40000.000000	436576    	40000.000000	115766    	40000.000000	112549    	40000.000000	180573
42000.000000	3.58882e+07	42000.000000	5.40218e+07	42000.000000	9.12848e+07	42000.000000	9.14403e+07	42000.000000	91536.1   	42000.000000	465107    	42000.000000	119464    	42000.000000	115992    	42000.000000	186264
44000.000000	3.62791e+07	44000.000000	5.53126e+07	44000.000000	9.52312e+07	44000.000000	9.53905e+07	44000.000000	93367.5   	44000.000000	494093    	44000.000000	123108    	44000.000000	119388    	44000.000000	191885
46000.000000	3.66419e+07	46000.000000	5.65577e+07	46000.000000	9.91603e+07	46000.000000	9.93229e+07	46000.000000	95150.4   	46000.000000	523535    	46000.000000	126699    	46000.000000	122739    	46000.000000	197438
48000.000000	3.69793e+07	48000.000000	5.77603e+07	48000.000000	1.03073e+08	48000.000000	1.03239e+08	48000.000000	96888.2   	48000.000000	553431    	48000.000000	130238    	48000.000000	126046    	48000.000000	202925
50000.000000	3.72939e+07	50000.000000	5.89232e+07	50000.000000	1.0697e+08	50000.000000	1.07138e+08	50000.000000	98584.2   	50000.000000	583774    	50000.000000	133725    	50000.000000	129311    	50000.000000	208348
