*Energy (MeV/u)1	0 - [He-base] F.Hubert et al, AD&ND Tables 46(1990)1	Energy (MeV/u)2	1 - [H -base] J.F.Ziegler et al, Pergamon Press, NY (low energy)	Energy (MeV/u)3	2 - ATIMA 1.2  LS-theory (recommended for high energy)	Energy (MeV/u)4	3 - ATIMA 1.2  without LS-correction	Energy (MeV/u)5	4 - Range straggling - method [0] - LISE	Energy (MeV/u)6	5 - Range straggling - method [1] - Atima	Energy (MeV/u)7	6 - Lateral range - method [0] - LISE	Energy (MeV/u)8	7 - Lateral range - method [1] - Atima	Energy (MeV/u)9	8 - Lateral range - method [2] - PDG	
0.001000	0.0425099 	0.001000	0.0425099 	0.001000	0.0323747 	0.001000	0.0323747 	0.001000	0         	0.001000	0         	0.001000	6.29208e-05	0.001000	0.000102355	0.001000	4.52955e-05
0.002000	0.0859163 	0.002000	0.0850198 	0.002000	0.0647494 	0.002000	0.0647494 	0.002000	0.00790459	0.002000	0.00790459	0.002000	0.000184252	0.002000	0.000289538	0.002000	0.000138509
0.005000	0.179688  	0.005000	0.176855  	0.005000	0.133947  	0.005000	0.133947  	0.005000	0.00888404	0.005000	0.00888404	0.005000	0.000534175	0.005000	0.00082092	0.005000	0.000411697
0.008000	0.251283  	0.008000	0.246971  	0.008000	0.186462  	0.008000	0.186462  	0.008000	0.00890791	0.008000	0.00890791	0.008000	0.000861113	0.008000	0.00130702	0.008000	0.000672354
0.010000	0.29267   	0.010000	0.287503  	0.010000	0.216755  	0.010000	0.216755  	0.010000	0.00898356	0.010000	0.00898356	0.010000	0.00107381	0.010000	0.00162036	0.010000	0.000843396
0.015000	0.379061  	0.015000	0.37211   	0.015000	0.282566  	0.015000	0.282566  	0.015000	0.00933764	0.015000	0.00933764	0.015000	0.00159788	0.015000	0.00238619	0.015000	0.00126787
0.020000	0.448722  	0.020000	0.440332  	0.020000	0.339205  	0.020000	0.339205  	0.020000	0.00978977	0.020000	0.00978977	0.020000	0.00211534	0.020000	0.00313615	0.020000	0.00168999
0.025000	0.50839   	0.025000	0.498768  	0.025000	0.389841  	0.025000	0.389841  	0.025000	0.0102556 	0.025000	0.0102556 	0.025000	0.00263117	0.025000	0.0038793 	0.025000	0.00211291
0.030000	0.561506  	0.030000	0.550787  	0.030000	0.43647   	0.030000	0.43647   	0.030000	0.0107142 	0.030000	0.0107142 	0.030000	0.00315165	0.030000	0.0046252 	0.030000	0.00254151
0.035000	0.610094  	0.035000	0.598372  	0.035000	0.480458  	0.035000	0.480458  	0.035000	0.0111667 	0.035000	0.0111667 	0.035000	0.00368241	0.035000	0.00538198	0.035000	0.0029804
0.040000	0.655455  	0.040000	0.642796  	0.040000	0.522509  	0.040000	0.522509  	0.040000	0.0116119 	0.040000	0.0116119 	0.040000	0.00422618	0.040000	0.00615373	0.040000	0.0034317
0.045000	0.69848   	0.045000	0.684932  	0.045000	0.563123  	0.045000	0.563123  	0.045000	0.0120514 	0.045000	0.0120514 	0.045000	0.00478566	0.045000	0.00694437	0.045000	0.00389763
0.050000	0.739807  	0.050000	0.725406  	0.050000	0.60267   	0.050000	0.60267   	0.050000	0.0124875 	0.050000	0.012808  	0.050000	0.00536137	0.050000	0.00775462	0.050000	0.00437857
0.055000	0.779913  	0.055000	0.764683  	0.055000	0.641437  	0.055000	0.641437  	0.055000	0.0129227 	0.055000	0.0136895 	0.055000	0.00595579	0.055000	0.00858791	0.055000	0.00487663
0.060000	0.819161  	0.060000	0.80312   	0.060000	0.679648  	0.060000	0.679648  	0.060000	0.0133595 	0.060000	0.0145161 	0.060000	0.00656999	0.060000	0.00944567	0.060000	0.00539273
0.070000	0.896158  	0.070000	0.878528  	0.070000	0.755101  	0.070000	0.755101  	0.070000	0.0142469 	0.070000	0.016063  	0.070000	0.00786251	0.070000	0.0112408 	0.070000	0.00648319
0.080000	0.972448  	0.080000	0.953242  	0.080000	0.830131  	0.080000	0.830131  	0.080000	0.0151657 	0.080000	0.017531  	0.080000	0.00924861	0.080000	0.0131524 	0.080000	0.00765847
0.090000	1.04911   	0.090000	1.02832   	0.090000	0.905513  	0.090000	0.905513  	0.090000	0.0161291 	0.090000	0.0189682 	0.090000	0.0107226 	0.090000	0.0151707 	0.090000	0.0089146
0.100000	1.12687   	0.100000	1.10448   	0.100000	0.98181   	0.100000	0.98181   	0.100000	0.0171478 	0.100000	0.0204054 	0.100000	0.012275  	0.100000	0.0172804 	0.100000	0.0102442
0.120000	1.28752   	0.120000	1.26181   	0.120000	1.13872   	0.120000	1.13872   	0.120000	0.0193839 	0.120000	0.0233573 	0.120000	0.0155162 	0.120000	0.0216454 	0.120000	0.0130364
0.140000	1.45673   	0.140000	1.42753   	0.140000	1.30309   	0.140000	1.30309   	0.140000	0.0219228 	0.140000	0.0264893 	0.140000	0.0184622 	0.140000	0.025575  	0.140000	0.0155894
0.160000	1.63554   	0.160000	1.60264   	0.160000	1.47619   	0.160000	1.47619   	0.160000	0.0247907 	0.160000	0.0298511 	0.160000	0.0212288 	0.160000	0.0292276 	0.160000	0.0180014
0.180000	1.82428   	0.180000	1.78748   	0.180000	1.65869   	0.180000	1.65869   	0.180000	0.0279967 	0.180000	0.0334627 	0.180000	0.0239117 	0.180000	0.0327336 	0.180000	0.020354
0.200000	2.02298   	0.200000	1.98208   	0.200000	1.85087   	0.200000	1.85087   	0.200000	0.0315378 	0.200000	0.037327  	0.200000	0.02652   	0.200000	0.0359638 	0.200000	0.0226544
0.250000	2.56217   	0.250000	2.51013   	0.250000	2.37391   	0.250000	2.37391   	0.250000	0.0417778 	0.250000	0.0480326 	0.250000	0.033251  	0.250000	0.0438693 	0.250000	0.0286299
0.300000	3.15913   	0.300000	3.09476   	0.300000	2.95602   	0.300000	2.95602   	0.300000	0.0538015 	0.300000	0.0600496 	0.300000	0.0402582 	0.300000	0.0520384 	0.300000	0.0349036
0.350000	3.81048   	0.350000	3.73266   	0.350000	3.59405   	0.350000	3.59405   	0.350000	0.0673745 	0.350000	0.0731555 	0.350000	0.0475067 	0.350000	0.0604432 	0.350000	0.0414425
0.400000	4.5135    	0.400000	4.42116   	0.400000	4.28483   	0.400000	4.28483   	0.400000	0.0823139 	0.400000	0.0871767 	0.400000	0.0551473 	0.400000	0.069272  	0.400000	0.0483699
0.450000	5.26604   	0.450000	5.15815   	0.450000	5.02566   	0.450000	5.02566   	0.450000	0.0984887 	0.450000	0.10199   	0.450000	0.063123  	0.450000	0.0784539 	0.450000	0.0556338
0.500000	6.06639   	0.500000	5.94198   	0.500000	5.81428   	0.500000	5.81428   	0.500000	0.115807  	0.500000	0.117511  	0.500000	0.0714381 	0.500000	0.0880001 	0.500000	0.0632353
0.600000	7.80514   	0.600000	7.64482   	0.600000	7.52791   	0.600000	7.52791   	0.600000	0.153627  	0.600000	0.15046   	0.600000	0.089025  	0.600000	0.108089  	0.600000	0.0793879
0.700000	9.72092   	0.700000	9.52103   	0.700000	9.41448   	0.700000	9.41448   	0.700000	0.195436  	0.700000	0.185737  	0.700000	0.107883  	0.700000	0.12948   	0.700000	0.0967905
0.800000	11.807    	0.800000	11.564    	0.800000	11.4659   	0.800000	11.4659   	0.800000	0.241036  	0.800000	0.223188  	0.800000	0.127989  	0.800000	0.152128  	0.800000	0.115414
0.900000	14.058    	0.900000	13.7685   	0.900000	13.6762   	0.900000	13.6762   	0.900000	0.290297  	0.900000	0.262722  	0.900000	0.149297  	0.900000	0.175968  	0.900000	0.13521
1.000000	16.4693   	1.000000	16.13     	1.000000	16.0404   	1.000000	16.0404   	1.000000	0.343128  	1.000000	0.304275  	1.000000	0.171811  	1.000000	0.200988  	1.000000	0.156179
1.250000	23.1748   	1.250000	22.697    	1.250000	22.5999   	1.250000	22.5999   	1.250000	0.490362  	1.250000	0.417934  	1.250000	0.233187  	1.250000	0.268456  	1.250000	0.21354
1.500000	30.8099   	1.500000	30.1745   	1.500000	30.0496   	1.500000	30.0496   	1.500000	0.658586  	1.500000	0.550743  	1.500000	0.301697  	1.500000	0.342719  	1.500000	0.277805
1.750000	39.3363   	1.750000	38.5248   	1.750000	38.3536   	1.750000	38.3536   	1.750000	0.84713   	1.750000	0.699533  	1.750000	0.377149  	1.750000	0.423494  	1.750000	0.348774
2.000000	48.7231   	2.000000	47.7177   	2.000000	47.4834   	2.000000	47.4834   	2.000000	1.05544   	2.000000	0.86172   	2.000000	0.459346  	2.000000	0.510528  	2.000000	0.426255
2.250000	58.9444   	2.250000	57.7279   	2.250000	57.4157   	2.250000	57.4157   	2.250000	1.28305   	2.250000	1.03588   	2.250000	0.547895  	2.250000	0.603615  	2.250000	0.51008
2.500000	69.9782   	2.500000	68.5338   	2.500000	68.1303   	2.500000	68.1303   	2.500000	1.52955   	2.500000	1.22113   	2.500000	0.642879  	2.500000	0.702571  	2.500000	0.600116
3.000000	93.9331   	3.000000	92.4593   	3.000000	91.8394   	3.000000	91.8394   	3.000000	2.07779   	3.000000	1.62269   	3.000000	0.851683  	3.000000	0.917448  	3.000000	0.798294
3.500000	120.842   	3.500000	119.368   	3.500000	118.495   	3.500000	118.495   	3.500000	2.69765   	3.500000	2.06311   	3.500000	1.08484   	3.500000	1.15407   	3.500000	1.01991
4.000000	150.63    	4.000000	149.158   	4.000000	148.002   	4.000000	148.002   	4.000000	3.38709   	4.000000	2.54022   	4.000000	1.34157   	4.000000	1.41152   	4.000000	1.26423
4.500000	183.234   	4.500000	181.743   	4.500000	180.284   	4.500000	180.284   	4.500000	4.14436   	4.500000	3.0524    	4.500000	1.62119   	4.500000	1.68904   	4.500000	1.53063
5.000000	218.599   	5.000000	217.053   	5.000000	215.273   	5.000000	215.273   	5.000000	4.96796   	5.000000	3.59837   	5.000000	1.92314   	5.000000	1.98598   	5.000000	1.81809
5.500000	256.677   	5.500000	255.022   	5.500000	252.91    	5.500000	252.91    	5.500000	5.85656   	5.500000	4.17704   	5.500000	2.24692   	5.500000	2.30177   	5.500000	2.12624
6.000000	297.426   	6.000000	295.597   	6.000000	293.145   	6.000000	293.145   	6.000000	6.80901   	6.000000	4.78752   	6.000000	2.59207   	6.000000	2.6359    	6.000000	2.45512
6.500000	340.806   	6.500000	338.728   	6.500000	335.932   	6.500000	335.932   	6.500000	7.82427   	6.500000	5.42901   	6.500000	2.95807   	6.500000	2.98793   	6.500000	2.80434
7.000000	386.782   	7.000000	384.371   	7.000000	381.23    	7.000000	381.23    	7.000000	8.90138   	7.000000	6.1008    	7.000000	3.34447   	7.000000	3.35748   	7.000000	3.17354
7.500000	435.323   	7.500000	432.484   	7.500000	429       	7.500000	429       	7.500000	10.0395   	7.500000	6.80225   	7.500000	3.75123   	7.500000	3.74417   	7.500000	3.56238
8.000000	486.397   	8.000000	483.033   	8.000000	479.21    	8.000000	479.21    	8.000000	11.2378   	8.000000	7.53282   	8.000000	4.17805   	8.000000	4.14769   	8.000000	3.97059
8.500000	539.976   	8.500000	535.982   	8.500000	531.828   	8.500000	531.828   	8.500000	12.4956   	8.500000	8.29204   	8.500000	4.62466   	8.500000	4.56775   	8.500000	4.39791
9.000000	596.035   	9.000000	591.301   	9.000000	586.824   	9.000000	586.824   	9.000000	13.8123   	9.000000	9.07943   	9.000000	5.0908    	9.000000	5.00406   	9.000000	4.8441
9.500000	654.549   	9.500000	648.961   	9.500000	644.171   	9.500000	644.171   	9.500000	15.1871   	9.500000	9.89445   	9.500000	5.57624   	9.500000	5.45637   	9.500000	5.30893
10.000000	715.495   	10.000000	708.925   	10.000000	703.845   	10.000000	703.845   	10.000000	16.6195   	10.000000	10.7365   	10.000000	6.08077   	10.000000	5.92446   	10.000000	5.79222
11.000000	844.594   	11.000000	835.177   	11.000000	830.193   	11.000000	830.192   	11.000000	19.6628   	11.000000	12.505    	11.000000	7.14771   	11.000000	6.90832   	11.000000	6.81472
12.000000	983.168   	12.000000	970.477   	12.000000	965.838   	12.000000	965.836   	12.000000	22.9467   	12.000000	14.3879   	12.000000	8.29216   	12.000000	7.95519   	12.000000	7.91216
13.000000	1131.07   	13.000000	1114.73   	13.000000	1110.67   	13.000000	1110.67   	13.000000	26.4689   	13.000000	16.3833   	13.000000	9.51368   	13.000000	9.06507   	13.000000	9.08415
14.000000	1288.15   	14.000000	1267.84   	14.000000	1264.6    	14.000000	1264.59   	14.000000	30.2274   	14.000000	18.489    	14.000000	10.8118   	14.000000	10.2373   	14.000000	10.3303
15.000000	1454.3    	15.000000	1429.73   	15.000000	1427.54   	15.000000	1427.53   	15.000000	34.2212   	15.000000	20.7048   	15.000000	12.1862   	15.000000	11.4713   	15.000000	11.6502
16.000000	1629.38   	16.000000	1600.31   	16.000000	1599.42   	16.000000	1599.41   	16.000000	38.4493   	16.000000	23.0302   	16.000000	13.6365   	16.000000	12.7666   	16.000000	13.0437
17.000000	1813.3    	17.000000	1779.49   	17.000000	1780.17   	17.000000	1780.17   	17.000000	42.9108   	17.000000	25.4633   	17.000000	15.1624   	17.000000	14.1226   	17.000000	14.5105
18.000000	2005.93   	18.000000	1967.19   	18.000000	1969.73   	18.000000	1969.75   	18.000000	47.605    	18.000000	28.0032   	18.000000	16.7637   	18.000000	15.5391   	18.000000	16.0503
19.000000	2207.19   	19.000000	2163.35   	19.000000	2168.07   	19.000000	2168.1    	19.000000	52.532    	19.000000	30.6499   	19.000000	18.4402   	19.000000	17.0157   	19.000000	17.6632
20.000000	2416.97   	20.000000	2367.88   	20.000000	2375.13   	20.000000	2375.18   	20.000000	57.6918   	20.000000	33.4031   	20.000000	20.1918   	20.000000	18.5522   	20.000000	19.3489
21.000000	2635.19   	21.000000	2580.72   	21.000000	2590.88   	21.000000	2590.95   	21.000000	63.0841   	21.000000	36.2624   	21.000000	22.0184   	21.000000	20.1482   	21.000000	21.1076
22.000000	2861.76   	22.000000	2801.8    	22.000000	2815.28   	22.000000	2815.38   	22.000000	68.709    	22.000000	39.2278   	22.000000	23.92     	22.000000	21.8037   	22.000000	22.9391
23.000000	3096.59   	23.000000	3031.04   	23.000000	3048.31   	23.000000	3048.42   	23.000000	74.5665   	23.000000	42.2992   	23.000000	25.8965   	23.000000	23.5184   	23.000000	24.8434
24.000000	3339.62   	24.000000	3268.39   	24.000000	3289.91   	24.000000	3290.06   	24.000000	80.6563   	24.000000	45.4756   	24.000000	27.9477   	24.000000	25.2921   	24.000000	26.8205
25.000000	3590.75   	25.000000	3513.79   	25.000000	3540.07   	25.000000	3540.26   	25.000000	86.9776   	25.000000	48.7556   	25.000000	30.0736   	25.000000	27.1245   	25.000000	28.8703
27.000000	4117.07   	27.000000	4028.46   	27.000000	4065.9    	27.000000	4066.24   	27.000000	100.315   	27.000000	55.6267   	27.000000	34.549    	27.000000	30.965    	27.000000	33.188
29.000000	4674.97   	29.000000	4574.58   	29.000000	4625.66   	29.000000	4626.18   	29.000000	114.583   	29.000000	62.9184   	29.000000	39.3231   	29.000000	35.0394   	29.000000	37.7972
31.000000	5263.96   	31.000000	5151.72   	31.000000	5218.84   	31.000000	5219.55   	31.000000	129.757   	31.000000	70.6173   	31.000000	44.3917   	31.000000	39.3435   	31.000000	42.6943
33.000000	5883.52   	33.000000	5759.43   	33.000000	5843.19   	33.000000	5844.11   	33.000000	145.687   	33.000000	78.6419   	33.000000	49.7275   	33.000000	43.855    	33.000000	47.8534
35.000000	6533.21   	35.000000	6397.33   	35.000000	6497.97   	35.000000	6499.1    	35.000000	162.348   	35.000000	86.9811   	35.000000	55.3209   	35.000000	48.5655   	35.000000	53.2657
38.000000	7563.28   	38.000000	7409.89   	38.000000	7536.24   	38.000000	7537.76   	38.000000	188.696   	38.000000	100.077   	38.000000	64.1797   	38.000000	55.9917   	38.000000	61.8458
41.000000	8658.74   	41.000000	8488.21   	41.000000	8640.59   	41.000000	8642.66   	41.000000	216.647   	41.000000	113.855   	41.000000	73.585    	41.000000	63.8366   	41.000000	70.9658
44.000000	9818.32   	44.000000	9631.09   	44.000000	9809.95   	44.000000	9812.57   	44.000000	246.186   	44.000000	128.311   	44.000000	83.5245   	44.000000	72.0891   	44.000000	80.615
47.000000	11040.8   	47.000000	10837.4   	47.000000	11043.1   	47.000000	11046.4   	47.000000	277.285   	47.000000	143.433   	47.000000	93.9856   	47.000000	80.7389   	47.000000	90.7827
50.000000	12325     	50.000000	12106.1   	50.000000	12339.1   	50.000000	12342.9   	50.000000	309.916   	50.000000	159.209   	50.000000	104.957   	50.000000	89.7767   	50.000000	101.459
55.000000	14599.8   	55.000000	14356.2   	55.000000	14635.6   	55.000000	14640.5   	55.000000	367.626   	55.000000	186.922   	55.000000	124.35    	55.000000	105.679   	55.000000	120.361
60.000000	17038.4   	60.000000	16772.2   	60.000000	17099.1   	60.000000	17105.1   	60.000000	429.376   	60.000000	216.366   	60.000000	145.087   	60.000000	122.599   	60.000000	140.614
65.000000	19636.8   	65.000000	19349.7   	65.000000	19724.9   	65.000000	19732.5   	65.000000	495.01    	65.000000	247.45    	65.000000	167.122   	65.000000	140.502   	65.000000	162.178
70.000000	22390.8   	70.000000	22084.6   	70.000000	22509.4   	70.000000	22518.7   	70.000000	564.424   	70.000000	280.151   	70.000000	190.417   	70.000000	159.357   	70.000000	185.023
75.000000	25296.9   	75.000000	24973.2   	75.000000	25449     	75.000000	25460     	75.000000	637.499   	75.000000	314.395   	75.000000	214.935   	75.000000	179.138   	75.000000	209.118
80.000000	28351.6   	80.000000	28011.9   	80.000000	28540     	80.000000	28552.9   	80.000000	714.118   	80.000000	350.158   	80.000000	240.64    	80.000000	199.817   	80.000000	234.432
85.000000	31551.5   	85.000000	31197.2   	85.000000	31779.2   	85.000000	31794     	85.000000	794.165   	85.000000	387.401   	85.000000	267.498   	85.000000	221.369   	85.000000	260.937
90.000000	34893.8   	90.000000	34525.8   	90.000000	35163.4   	90.000000	35180.1   	90.000000	877.535   	90.000000	426.064   	90.000000	295.476   	90.000000	243.771   	90.000000	288.606
95.000000	38375.4   	95.000000	37994.5   	95.000000	38689.2   	95.000000	38708.2   	95.000000	964.098   	95.000000	466.073   	95.000000	324.536   	95.000000	266.995   	95.000000	317.407
100.000000	41993.7   	100.000000	41600.4   	100.000000	42353.6   	100.000000	42375.3   	100.000000	1053.76   	100.000000	507.398   	100.000000	354.649   	100.000000	291.021   	100.000000	347.314
105.000000	45745.9   	105.000000	45340.5   	105.000000	46154.2   	105.000000	46178.6   	105.000000	1146.44   	105.000000	550.042   	105.000000	385.788   	105.000000	315.829   	105.000000	378.307
110.000000	49629.7   	110.000000	49212     	110.000000	50088.2   	110.000000	50115.4   	110.000000	1242.04   	110.000000	593.966   	110.000000	417.922   	110.000000	341.399   	110.000000	410.359
115.000000	53642.7   	115.000000	53212.2   	115.000000	54153     	115.000000	54183     	115.000000	1340.47   	115.000000	639.132   	115.000000	451.026   	115.000000	367.711   	115.000000	443.449
120.000000	57782.6   	120.000000	57338.6   	120.000000	58346.1   	120.000000	58379     	120.000000	1441.65   	120.000000	685.473   	120.000000	485.071   	120.000000	394.747   	120.000000	477.552
125.000000	62047.2   	125.000000	61588.6   	125.000000	62665     	125.000000	62700.9   	125.000000	1545.49   	125.000000	732.962   	125.000000	520.033   	125.000000	422.489   	125.000000	512.649
130.000000	66434.5   	130.000000	65959.8   	130.000000	67107.2   	130.000000	67146.3   	130.000000	1651.9    	130.000000	781.608   	130.000000	555.883   	130.000000	450.918   	130.000000	548.715
135.000000	70942.3   	135.000000	70449.9   	135.000000	71670.7   	135.000000	71712.9   	135.000000	1760.81   	135.000000	831.377   	135.000000	592.601   	135.000000	480.02    	135.000000	585.732
140.000000	75568.9   	140.000000	75056.6   	140.000000	76353.1   	140.000000	76398.4   	140.000000	1872.14   	140.000000	882.211   	140.000000	630.16    	140.000000	509.776   	140.000000	623.677
145.000000	80312.4   	145.000000	79777.6   	145.000000	81151.7   	145.000000	81200.9   	145.000000	1985.78   	145.000000	934.075   	145.000000	668.532   	145.000000	540.167   	145.000000	662.528
150.000000	85170.9   	150.000000	84610.9   	150.000000	86064.8   	150.000000	86118     	150.000000	2101.69   	150.000000	986.959   	150.000000	707.698   	150.000000	571.18    	150.000000	702.266
155.000000	90211.1   	155.000000	89554.4   	155.000000	91090.5   	155.000000	91147.9   	155.000000	2219.8    	155.000000	1040.85   	155.000000	747.639   	155.000000	602.803   	155.000000	742.876
160.000000	95360.6   	160.000000	94606.1   	160.000000	96226.9   	160.000000	96288.4   	160.000000	2340.05   	160.000000	1095.71   	160.000000	788.334   	160.000000	635.021   	160.000000	784.341
165.000000	100615    	165.000000	99764     	165.000000	101472    	165.000000	101538    	165.000000	2462.38   	165.000000	1151.54   	165.000000	829.761   	165.000000	667.819   	165.000000	826.64
170.000000	105973    	170.000000	105026    	170.000000	106824    	170.000000	106894    	170.000000	2586.71   	170.000000	1208.3    	170.000000	871.903   	170.000000	701.185   	170.000000	869.758
175.000000	111432    	175.000000	110391    	175.000000	112281    	175.000000	112355    	175.000000	2712.99   	175.000000	1265.94   	175.000000	914.737   	175.000000	735.104   	175.000000	913.678
180.000000	116991    	180.000000	115856    	180.000000	117841    	180.000000	117920    	180.000000	2841.16   	180.000000	1324.45   	180.000000	958.246   	180.000000	769.565   	180.000000	958.382
185.000000	122648    	185.000000	121421    	185.000000	123502    	185.000000	123586    	185.000000	2971.15   	185.000000	1383.85   	185.000000	1002.41   	185.000000	804.556   	185.000000	1003.86
190.000000	128401    	190.000000	127082    	190.000000	129263    	190.000000	129351    	190.000000	3102.92   	190.000000	1444.09   	190.000000	1047.22   	190.000000	840.063   	190.000000	1050.08
195.000000	134249    	195.000000	132840    	195.000000	135123    	195.000000	135215    	195.000000	3236.4    	195.000000	1505.13   	195.000000	1092.64   	195.000000	876.076   	195.000000	1097.05
200.000000	140191    	200.000000	138691    	200.000000	141078    	200.000000	141176    	200.000000	3371.56   	200.000000	1567      	200.000000	1138.68   	200.000000	912.583   	200.000000	1144.74
210.000000	152347    	210.000000	150669    	210.000000	153273    	210.000000	153380    	210.000000	3646.61   	210.000000	1693.11   	210.000000	1232.48   	210.000000	987.029   	210.000000	1242.22
220.000000	164859    	220.000000	163004    	220.000000	165833    	220.000000	165952    	220.000000	3927.65   	220.000000	1822.15   	220.000000	1328.51   	220.000000	1063.31   	220.000000	1342.41
230.000000	177716    	230.000000	175686    	230.000000	178748    	230.000000	178879    	230.000000	4214.38   	230.000000	1954.06   	230.000000	1426.64   	230.000000	1141.36   	230.000000	1445.21
240.000000	190906    	240.000000	188702    	240.000000	192009    	240.000000	192151    	240.000000	4506.44   	240.000000	2088.73   	240.000000	1526.76   	240.000000	1221.09   	240.000000	1550.51
250.000000	204421    	250.000000	202043    	250.000000	205602    	250.000000	205757    	250.000000	4803.51   	250.000000	2226.05   	250.000000	1628.78   	250.000000	1302.43   	250.000000	1658.22
260.000000	218251    	260.000000	215698    	260.000000	219519    	260.000000	219686    	260.000000	5105.26   	260.000000	2365.93   	260.000000	1732.57   	260.000000	1385.32   	260.000000	1768.25
270.000000	232386    	270.000000	229658    	270.000000	233749    	270.000000	233929    	270.000000	5411.39   	270.000000	2508.26   	270.000000	1838.06   	270.000000	1469.68   	270.000000	1880.5
280.000000	246819    	280.000000	243913    	280.000000	248284    	280.000000	248477    	280.000000	5721.63   	280.000000	2652.98   	280.000000	1945.14   	280.000000	1555.45   	280.000000	1994.88
290.000000	261540    	290.000000	258455    	290.000000	263113    	290.000000	263319    	290.000000	6035.72   	290.000000	2799.92   	290.000000	2053.73   	290.000000	1642.57   	290.000000	2111.32
300.000000	276541    	300.000000	273276    	300.000000	278228    	300.000000	278448    	300.000000	6353.37   	300.000000	2948.95   	300.000000	2163.74   	300.000000	1730.99   	300.000000	2229.72
310.000000	291816    	310.000000	288366    	310.000000	293620    	310.000000	293854    	310.000000	6674.29   	310.000000	3100.06   	310.000000	2275.08   	310.000000	1820.62   	310.000000	2349.99
320.000000	307356    	320.000000	303719    	320.000000	309280    	320.000000	309530    	320.000000	6998.28   	320.000000	3253.16   	320.000000	2387.69   	320.000000	1911.44   	320.000000	2472.08
330.000000	323155    	330.000000	319326    	330.000000	325202    	330.000000	325468    	330.000000	7325.2    	330.000000	3408.1    	330.000000	2501.49   	330.000000	2003.38   	330.000000	2595.92
340.000000	339206    	340.000000	335181    	340.000000	341379    	340.000000	341661    	340.000000	7654.81   	340.000000	3564.84   	340.000000	2616.43   	340.000000	2096.41   	340.000000	2721.43
350.000000	355502    	350.000000	351277    	350.000000	357802    	350.000000	358101    	350.000000	7986.93   	350.000000	3723.41   	350.000000	2732.42   	350.000000	2190.47   	350.000000	2848.55
360.000000	372037    	360.000000	367606    	360.000000	374465    	360.000000	374781    	360.000000	8321.37   	360.000000	3883.79   	360.000000	2849.41   	360.000000	2285.52   	360.000000	2977.22
370.000000	388804    	370.000000	384163    	370.000000	391362    	370.000000	391694    	370.000000	8657.96   	370.000000	4045.83   	370.000000	2967.35   	370.000000	2381.51   	370.000000	3107.37
380.000000	405799    	380.000000	400941    	380.000000	408485    	380.000000	408834    	380.000000	8996.53   	380.000000	4209.43   	380.000000	3086.16   	380.000000	2478.41   	380.000000	3238.95
390.000000	423014    	390.000000	417934    	390.000000	425829    	390.000000	426195    	390.000000	9336.92   	390.000000	4374.55   	390.000000	3205.81   	390.000000	2576.16   	390.000000	3371.9
400.000000	440445    	400.000000	435137    	400.000000	443387    	400.000000	443770    	400.000000	9678.99   	400.000000	4541.17   	400.000000	3326.24   	400.000000	2674.75   	400.000000	3506.16
410.000000	458087    	410.000000	452544    	410.000000	461154    	410.000000	461554    	410.000000	10022.6   	410.000000	4709.23   	410.000000	3447.39   	410.000000	2774.13   	410.000000	3641.69
420.000000	475933    	420.000000	470149    	420.000000	479124    	420.000000	479541    	420.000000	10367.6   	420.000000	4878.63   	420.000000	3569.22   	420.000000	2874.25   	420.000000	3778.43
430.000000	493979    	430.000000	487947    	430.000000	497291    	430.000000	497726    	430.000000	10713.9   	430.000000	5049.26   	430.000000	3691.7    	430.000000	2975.1    	430.000000	3916.32
440.000000	512221    	440.000000	505934    	440.000000	515650    	440.000000	516103    	440.000000	11061.3   	440.000000	5221.12   	440.000000	3814.77   	440.000000	3076.63   	440.000000	4055.34
450.000000	530653    	450.000000	524104    	450.000000	534196    	450.000000	534667    	450.000000	11409.8   	450.000000	5394.26   	450.000000	3938.39   	450.000000	3178.82   	450.000000	4195.43
460.000000	549271    	460.000000	542452    	460.000000	552924    	460.000000	553413    	460.000000	11759.2   	460.000000	5568.65   	460.000000	4062.52   	460.000000	3281.64   	460.000000	4336.54
470.000000	568071    	470.000000	560975    	470.000000	571828    	470.000000	572336    	470.000000	12109.3   	470.000000	5744.25   	470.000000	4187.12   	470.000000	3385.04   	470.000000	4478.62
480.000000	587048    	480.000000	579667    	480.000000	590903    	480.000000	591432    	480.000000	12460.1   	480.000000	5920.97   	480.000000	4312.16   	480.000000	3489      	480.000000	4621.63
490.000000	606197    	490.000000	598525    	490.000000	610147    	490.000000	610696    	490.000000	12811.6   	490.000000	6098.72   	490.000000	4437.59   	490.000000	3593.5    	490.000000	4765.55
500.000000	625516    	500.000000	617543    	500.000000	629554    	500.000000	630124    	500.000000	13163.6   	500.000000	6277.47   	500.000000	4563.4    	500.000000	3698.52   	500.000000	4910.32
520.000000	664645    	520.000000	656048    	520.000000	668843    	520.000000	669455    	520.000000	13868.9   	520.000000	6638.07   	520.000000	4816.03   	520.000000	3909.99   	520.000000	5202.33
540.000000	704403    	540.000000	695150    	540.000000	708737    	540.000000	709393    	540.000000	14575.4   	540.000000	7002.74   	540.000000	5069.79   	540.000000	4123.24   	540.000000	5497.37
560.000000	744762    	560.000000	734822    	560.000000	749208    	560.000000	749906    	560.000000	15282.5   	560.000000	7370.95   	560.000000	5324.48   	560.000000	4338.08   	560.000000	5795.19
580.000000	785695    	580.000000	775034    	580.000000	790225    	580.000000	790967    	580.000000	15989.9   	580.000000	7742.46   	580.000000	5579.91   	580.000000	4554.35   	580.000000	6095.54
600.000000	827176    	600.000000	815763    	600.000000	831762    	600.000000	832548    	600.000000	16696.9   	600.000000	8117.15   	600.000000	5835.9    	600.000000	4771.91   	600.000000	6398.19
620.000000	869181    	620.000000	856982    	620.000000	873795    	620.000000	874625    	620.000000	17403.2   	620.000000	8494.87   	620.000000	6092.28   	620.000000	4990.6    	620.000000	6702.94
640.000000	911685    	640.000000	898670    	640.000000	916299    	640.000000	917173    	640.000000	18108.3   	640.000000	8875.47   	640.000000	6348.91   	640.000000	5210.31   	640.000000	7009.59
660.000000	954668    	660.000000	940804    	660.000000	959251    	660.000000	960171    	660.000000	18812.1   	660.000000	9258.82   	660.000000	6605.66   	660.000000	5430.9    	660.000000	7317.95
680.000000	998107    	680.000000	983364    	680.000000	1.00263e+06	680.000000	1.0036e+06	680.000000	19514.1   	680.000000	9644.79   	680.000000	6862.4    	680.000000	5652.27   	680.000000	7627.87
700.000000	1.04198e+06	700.000000	1.02633e+06	700.000000	1.04642e+06	700.000000	1.04743e+06	700.000000	20214.1   	700.000000	10033.3   	700.000000	7119.01   	700.000000	5874.31   	700.000000	7939.16
720.000000	1.08627e+06	720.000000	1.06968e+06	720.000000	1.09059e+06	720.000000	1.09165e+06	720.000000	20911.8   	720.000000	10424.2   	720.000000	7375.38   	720.000000	6096.92   	720.000000	8251.66
740.000000	1.13097e+06	740.000000	1.11341e+06	740.000000	1.13514e+06	740.000000	1.13624e+06	740.000000	21607     	740.000000	10817.3   	740.000000	7631.42   	740.000000	6319.98   	740.000000	8565.23
760.000000	1.17604e+06	760.000000	1.15748e+06	760.000000	1.18003e+06	760.000000	1.18119e+06	760.000000	22299.4   	760.000000	11212.4   	760.000000	7887.04   	760.000000	6543.43   	760.000000	8879.75
780.000000	1.22148e+06	780.000000	1.20189e+06	780.000000	1.22526e+06	780.000000	1.22647e+06	780.000000	22989     	780.000000	11609.4   	780.000000	8142.17   	780.000000	6767.2    	780.000000	9195.09
800.000000	1.26726e+06	800.000000	1.24663e+06	800.000000	1.27082e+06	800.000000	1.27208e+06	800.000000	23675.7   	800.000000	12008.3   	800.000000	8396.76   	800.000000	6991.21   	800.000000	9511.16
820.000000	1.31338e+06	820.000000	1.29167e+06	820.000000	1.31668e+06	820.000000	1.31799e+06	820.000000	24359.2   	820.000000	12409.1   	820.000000	8650.72   	820.000000	7215.39   	820.000000	9827.85
840.000000	1.35981e+06	840.000000	1.337e+06 	840.000000	1.36283e+06	840.000000	1.36419e+06	840.000000	25039.3   	840.000000	12811.7   	840.000000	8903.96   	840.000000	7439.64   	840.000000	10145
860.000000	1.40655e+06	860.000000	1.38262e+06	860.000000	1.40925e+06	860.000000	1.41067e+06	860.000000	25715.7   	860.000000	13216     	860.000000	9156.4    	860.000000	7663.89   	860.000000	10462.4
880.000000	1.45358e+06	880.000000	1.4285e+06	880.000000	1.45593e+06	880.000000	1.4574e+06	880.000000	26388.4   	880.000000	13622     	880.000000	9408      	880.000000	7888.07   	880.000000	10780.2
900.000000	1.50089e+06	900.000000	1.47464e+06	900.000000	1.50286e+06	900.000000	1.50439e+06	900.000000	27057.2   	900.000000	14029.4   	900.000000	9658.71   	900.000000	8112.14   	900.000000	11098
920.000000	1.54846e+06	920.000000	1.52102e+06	920.000000	1.55003e+06	920.000000	1.55161e+06	920.000000	27722.2   	920.000000	14438.1   	920.000000	9908.5    	920.000000	8336.05   	920.000000	11416
940.000000	1.59628e+06	940.000000	1.56763e+06	940.000000	1.59743e+06	940.000000	1.59906e+06	940.000000	28383.2   	940.000000	14848.1   	940.000000	10157.3   	940.000000	8559.75   	940.000000	11734
960.000000	1.64434e+06	960.000000	1.61447e+06	960.000000	1.64504e+06	960.000000	1.64672e+06	960.000000	29040.4   	960.000000	15259.3   	960.000000	10405.2   	960.000000	8783.21   	960.000000	12051.9
980.000000	1.69264e+06	980.000000	1.66152e+06	980.000000	1.69286e+06	980.000000	1.69459e+06	980.000000	29693.6   	980.000000	15671.7   	980.000000	10652     	980.000000	9006.37   	980.000000	12369.7
1000.000000	1.74115e+06	1000.000000	1.70877e+06	1000.000000	1.74088e+06	1000.000000	1.74267e+06	1000.000000	30342.8   	1000.000000	16085.2   	1000.000000	10897.7   	1000.000000	9229.21   	1000.000000	12687.3
1020.000000	1.78987e+06	1020.000000	1.75621e+06	1020.000000	1.78909e+06	1020.000000	1.79093e+06	1020.000000	30988     	1020.000000	16499.9   	1020.000000	11142.4   	1020.000000	9451.7    	1020.000000	13004.7
1040.000000	1.83879e+06	1040.000000	1.80384e+06	1040.000000	1.83748e+06	1040.000000	1.83937e+06	1040.000000	31629.1   	1040.000000	16915.6   	1040.000000	11386.1   	1040.000000	9673.79   	1040.000000	13321.8
1060.000000	1.88789e+06	1060.000000	1.85164e+06	1060.000000	1.88604e+06	1060.000000	1.88799e+06	1060.000000	32266.3   	1060.000000	17332.5   	1060.000000	11628.6   	1060.000000	9895.47   	1060.000000	13638.6
1080.000000	1.93718e+06	1080.000000	1.89961e+06	1080.000000	1.93477e+06	1080.000000	1.93677e+06	1080.000000	32899.5   	1080.000000	17750.4   	1080.000000	11870     	1080.000000	10116.7   	1080.000000	13955
1100.000000	1.98664e+06	1100.000000	1.94775e+06	1100.000000	1.98366e+06	1100.000000	1.98572e+06	1100.000000	33528.6   	1100.000000	18169.3   	1100.000000	12110.2   	1100.000000	10337.5   	1100.000000	14270.9
1120.000000	2.03626e+06	1120.000000	1.99603e+06	1120.000000	2.0327e+06	1120.000000	2.03481e+06	1120.000000	34153.8   	1120.000000	18589.3   	1120.000000	12349.4   	1120.000000	10557.7   	1120.000000	14586.4
1140.000000	2.08603e+06	1140.000000	2.04446e+06	1140.000000	2.08189e+06	1140.000000	2.08405e+06	1140.000000	34774.9   	1140.000000	19010.3   	1140.000000	12587.3   	1140.000000	10777.5   	1140.000000	14901.4
1160.000000	2.13595e+06	1160.000000	2.09303e+06	1160.000000	2.13122e+06	1160.000000	2.13343e+06	1160.000000	35392.1   	1160.000000	19432.2   	1160.000000	12824.1   	1160.000000	10996.7   	1160.000000	15215.9
1180.000000	2.18601e+06	1180.000000	2.14173e+06	1180.000000	2.18068e+06	1180.000000	2.18295e+06	1180.000000	36005.3   	1180.000000	19855.1   	1180.000000	13059.8   	1180.000000	11215.4   	1180.000000	15529.8
1200.000000	2.2362e+06	1200.000000	2.19055e+06	1200.000000	2.23027e+06	1200.000000	2.23259e+06	1200.000000	36614.5   	1200.000000	20278.9   	1200.000000	13294.3   	1200.000000	11433.5   	1200.000000	15843.1
1220.000000	2.28651e+06	1220.000000	2.23949e+06	1220.000000	2.27998e+06	1220.000000	2.28236e+06	1220.000000	37219.8   	1220.000000	20703.6   	1220.000000	13527.6   	1220.000000	11651     	1220.000000	16155.8
1240.000000	2.33694e+06	1240.000000	2.28855e+06	1240.000000	2.3298e+06	1240.000000	2.33224e+06	1240.000000	37821.2   	1240.000000	21129.3   	1240.000000	13759.7   	1240.000000	11868     	1240.000000	16467.9
1260.000000	2.38747e+06	1260.000000	2.33771e+06	1260.000000	2.37974e+06	1260.000000	2.38223e+06	1260.000000	38418.7   	1260.000000	21555.9   	1260.000000	13990.7   	1260.000000	12084.3   	1260.000000	16779.3
1280.000000	2.43812e+06	1280.000000	2.38698e+06	1280.000000	2.42979e+06	1280.000000	2.43233e+06	1280.000000	39012.4   	1280.000000	21983.3   	1280.000000	14220.5   	1280.000000	12300     	1280.000000	17090
1300.000000	2.48886e+06	1300.000000	2.43634e+06	1300.000000	2.47994e+06	1300.000000	2.48253e+06	1300.000000	39602.2   	1300.000000	22411.6   	1300.000000	14449.1   	1300.000000	12515.1   	1300.000000	17400
1320.000000	2.53969e+06	1320.000000	2.48579e+06	1320.000000	2.53019e+06	1320.000000	2.53284e+06	1320.000000	40188.2   	1320.000000	22840.8   	1320.000000	14676.5   	1320.000000	12729.5   	1320.000000	17709.2
1340.000000	2.5906e+06	1340.000000	2.53533e+06	1340.000000	2.58053e+06	1340.000000	2.58323e+06	1340.000000	40770.4   	1340.000000	23270.8   	1340.000000	14902.8   	1340.000000	12943.2   	1340.000000	18017.7
1360.000000	2.6416e+06	1360.000000	2.58495e+06	1360.000000	2.63096e+06	1360.000000	2.63372e+06	1360.000000	41348.8   	1360.000000	23701.6   	1360.000000	15127.9   	1360.000000	13156.3   	1360.000000	18325.4
1380.000000	2.69267e+06	1380.000000	2.63464e+06	1380.000000	2.68147e+06	1380.000000	2.68429e+06	1380.000000	41923.5   	1380.000000	24133.2   	1380.000000	15351.8   	1380.000000	13368.7   	1380.000000	18632.3
1400.000000	2.7438e+06	1400.000000	2.68441e+06	1400.000000	2.73207e+06	1400.000000	2.73494e+06	1400.000000	42494.4   	1400.000000	24565.6   	1400.000000	15574.5   	1400.000000	13580.5   	1400.000000	18938.4
1420.000000	2.79501e+06	1420.000000	2.73425e+06	1420.000000	2.78275e+06	1420.000000	2.78567e+06	1420.000000	43061.6   	1420.000000	24998.7   	1420.000000	15796.1   	1420.000000	13791.5   	1420.000000	19243.7
1440.000000	2.84627e+06	1440.000000	2.78415e+06	1440.000000	2.83349e+06	1440.000000	2.83648e+06	1440.000000	43625.2   	1440.000000	25432.7   	1440.000000	16016.5   	1440.000000	14001.9   	1440.000000	19548.1
1460.000000	2.89758e+06	1460.000000	2.83412e+06	1460.000000	2.88431e+06	1460.000000	2.88736e+06	1460.000000	44185.2   	1460.000000	25867.4   	1460.000000	16235.8   	1460.000000	14211.5   	1460.000000	19851.7
1480.000000	2.94894e+06	1480.000000	2.88414e+06	1480.000000	2.9352e+06	1480.000000	2.93831e+06	1480.000000	44741.6   	1480.000000	26302.8   	1480.000000	16453.9   	1480.000000	14420.5   	1480.000000	20154.5
1500.000000	3.00035e+06	1500.000000	2.93421e+06	1500.000000	2.98616e+06	1500.000000	2.98932e+06	1500.000000	45294.5   	1500.000000	26739     	1500.000000	16670.8   	1500.000000	14628.7   	1500.000000	20456.4
1520.000000	3.0518e+06	1520.000000	2.98433e+06	1520.000000	3.03717e+06	1520.000000	3.0404e+06	1520.000000	45843.9   	1520.000000	27176     	1520.000000	16886.7   	1520.000000	14836.3   	1520.000000	20757.4
1540.000000	3.10329e+06	1540.000000	3.03449e+06	1540.000000	3.08825e+06	1540.000000	3.09154e+06	1540.000000	46389.8   	1540.000000	27613.7   	1540.000000	17101.4   	1540.000000	15043.1   	1540.000000	21057.6
1560.000000	3.15481e+06	1560.000000	3.0847e+06	1560.000000	3.13939e+06	1560.000000	3.14273e+06	1560.000000	46932.3   	1560.000000	28052.2   	1560.000000	17315     	1560.000000	15249.3   	1560.000000	21356.9
1580.000000	3.20636e+06	1580.000000	3.13495e+06	1580.000000	3.19057e+06	1580.000000	3.19398e+06	1580.000000	47471.5   	1580.000000	28491.4   	1580.000000	17527.5   	1580.000000	15454.7   	1580.000000	21655.3
1600.000000	3.25793e+06	1600.000000	3.18524e+06	1600.000000	3.24182e+06	1600.000000	3.24528e+06	1600.000000	48007.2   	1600.000000	28931.4   	1600.000000	17738.9   	1600.000000	15659.4   	1600.000000	21952.8
1620.000000	3.30952e+06	1620.000000	3.23555e+06	1620.000000	3.29311e+06	1620.000000	3.29663e+06	1620.000000	48539.7   	1620.000000	29372.1   	1620.000000	17949.1   	1620.000000	15863.3   	1620.000000	22249.4
1640.000000	3.36113e+06	1640.000000	3.2859e+06	1640.000000	3.34445e+06	1640.000000	3.34803e+06	1640.000000	49068.9   	1640.000000	29813.5   	1640.000000	18158.3   	1640.000000	16066.6   	1640.000000	22545.1
1660.000000	3.41275e+06	1660.000000	3.33628e+06	1660.000000	3.39583e+06	1660.000000	3.39947e+06	1660.000000	49594.8   	1660.000000	30255.7   	1660.000000	18366.4   	1660.000000	16269.2   	1660.000000	22839.9
1680.000000	3.46439e+06	1680.000000	3.38667e+06	1680.000000	3.44726e+06	1680.000000	3.45095e+06	1680.000000	50117.5   	1680.000000	30698.6   	1680.000000	18573.5   	1680.000000	16471     	1680.000000	23133.8
1700.000000	3.51603e+06	1700.000000	3.4371e+06	1700.000000	3.49872e+06	1700.000000	3.50248e+06	1700.000000	50637     	1700.000000	31142.2   	1700.000000	18779.4   	1700.000000	16672.1   	1700.000000	23426.8
1750.000000	3.64514e+06	1750.000000	3.56323e+06	1750.000000	3.62756e+06	1750.000000	3.63146e+06	1750.000000	51922     	1750.000000	32254.3   	1750.000000	19289.7   	1750.000000	17171.7   	1750.000000	24155.3
1800.000000	3.77423e+06	1800.000000	3.68944e+06	1800.000000	3.75661e+06	1800.000000	3.76066e+06	1800.000000	53187.8   	1800.000000	33370.6   	1800.000000	19793.5   	1800.000000	17666.9   	1800.000000	24878
1850.000000	3.90326e+06	1850.000000	3.81571e+06	1850.000000	3.88585e+06	1850.000000	3.89004e+06	1850.000000	54434.9   	1850.000000	34490.7   	1850.000000	20291     	1850.000000	18157.6   	1850.000000	25594.9
1900.000000	4.03218e+06	1900.000000	3.94199e+06	1900.000000	4.01525e+06	1900.000000	4.01959e+06	1900.000000	55663.9   	1900.000000	35614.6   	1900.000000	20782.2   	1900.000000	18643.8   	1900.000000	26306.1
1950.000000	4.16096e+06	1950.000000	4.06826e+06	1950.000000	4.14479e+06	1950.000000	4.14928e+06	1950.000000	56875.1   	1950.000000	36742.1   	1950.000000	21267.3   	1950.000000	19125.6   	1950.000000	27011.5
2000.000000	4.28957e+06	2000.000000	4.19449e+06	2000.000000	4.27446e+06	2000.000000	4.27909e+06	2000.000000	58069.1   	2000.000000	37873.2   	2000.000000	21746.5   	2000.000000	19603.1   	2000.000000	27711.3
2100.000000	4.54613e+06	2100.000000	4.44673e+06	2100.000000	4.53407e+06	2100.000000	4.539e+06 	2100.000000	60407.4   	2100.000000	40146.7   	2100.000000	22687.4   	2100.000000	20545.1   	2100.000000	29093.6
2200.000000	4.80163e+06	2200.000000	4.69853e+06	2200.000000	4.79397e+06	2200.000000	4.79919e+06	2200.000000	62682.2   	2200.000000	42435.9   	2200.000000	23606     	2200.000000	21470.2   	2200.000000	30453.5
2300.000000	5.05588e+06	2300.000000	4.94973e+06	2300.000000	5.05405e+06	2300.000000	5.05955e+06	2300.000000	64896.9   	2300.000000	44740.8   	2300.000000	24503.2   	2300.000000	22378.7   	2300.000000	31791.3
2400.000000	5.30872e+06	2400.000000	5.20021e+06	2400.000000	5.3142e+06	2400.000000	5.31999e+06	2400.000000	67054.7   	2400.000000	47061.1   	2400.000000	25380.1   	2400.000000	23271.1   	2400.000000	33107.4
2500.000000	5.56e+06  	2500.000000	5.44985e+06	2500.000000	5.57435e+06	2500.000000	5.58042e+06	2500.000000	69158.5   	2500.000000	49395.8   	2500.000000	26237.4   	2500.000000	24147.8   	2500.000000	34402.4
2600.000000	5.8096e+06	2600.000000	5.69856e+06	2600.000000	5.83444e+06	2600.000000	5.8408e+06	2600.000000	71211.2   	2600.000000	51744.4   	2600.000000	27076.2   	2600.000000	25009.3   	2600.000000	35676.7
2700.000000	6.05742e+06	2700.000000	5.94624e+06	2700.000000	6.09441e+06	2700.000000	6.10105e+06	2700.000000	73215.2   	2700.000000	54106.7   	2700.000000	27897.3   	2700.000000	25856.1   	2700.000000	36930.9
2800.000000	6.30336e+06	2800.000000	6.19283e+06	2800.000000	6.35422e+06	2800.000000	6.36113e+06	2800.000000	75173.1   	2800.000000	56482.6   	2800.000000	28701.4   	2800.000000	26688.6   	2800.000000	38165.5
2900.000000	6.54737e+06	2900.000000	6.43827e+06	2900.000000	6.61382e+06	2900.000000	6.62101e+06	2900.000000	77087.1   	2900.000000	58872.2   	2900.000000	29489.2   	2900.000000	27507.2   	2900.000000	39381.1
3000.000000	6.78936e+06	3000.000000	6.68251e+06	3000.000000	6.87317e+06	3000.000000	6.88065e+06	3000.000000	78959.2   	3000.000000	61275.8   	3000.000000	30261.5   	3000.000000	28312.3   	3000.000000	40578.1
3200.000000	7.26716e+06	3200.000000	7.16719e+06	3200.000000	7.39106e+06	3200.000000	7.39908e+06	3200.000000	82585.9   	3200.000000	66125.3   	3200.000000	31762.2   	3200.000000	29884.1   	3200.000000	42918.9
3400.000000	7.73645e+06	3400.000000	7.64662e+06	3400.000000	7.90771e+06	3400.000000	7.91627e+06	3400.000000	86067.5   	3400.000000	71031     	3400.000000	33208.5   	3400.000000	31407.2   	3400.000000	45191.9
3600.000000	8.19705e+06	3600.000000	8.12059e+06	3600.000000	8.42298e+06	3600.000000	8.43209e+06	3600.000000	89416.7   	3600.000000	75991.9   	3600.000000	34604.7   	3600.000000	32884.5   	3600.000000	47401
3800.000000	8.64887e+06	3800.000000	8.58899e+06	3800.000000	8.93681e+06	3800.000000	8.94645e+06	3800.000000	92644.4   	3800.000000	81006.8   	3800.000000	35954.7   	3800.000000	34319     	3800.000000	49550.1
4000.000000	9.09189e+06	4000.000000	9.05174e+06	4000.000000	9.44913e+06	4000.000000	9.4593e+06	4000.000000	95760.5   	4000.000000	86074.2   	4000.000000	37262.2   	4000.000000	35713.3   	4000.000000	51642.5
4200.000000	9.52614e+06	4200.000000	9.50882e+06	4200.000000	9.95992e+06	4200.000000	9.97061e+06	4200.000000	98773.7   	4200.000000	91193.2   	4200.000000	38530.4   	4200.000000	37069.9   	4200.000000	53681.6
4400.000000	9.95169e+06	4400.000000	9.96022e+06	4400.000000	1.04691e+07	4400.000000	1.04804e+07	4400.000000	101692    	4400.000000	96362.9   	4400.000000	39762     	4400.000000	38391     	4400.000000	55670.4
4600.000000	1.03687e+07	4600.000000	1.0406e+07	4600.000000	1.09768e+07	4600.000000	1.09886e+07	4600.000000	104521    	4600.000000	101583    	4600.000000	40959.7   	4600.000000	39678.6   	4600.000000	57611.6
4800.000000	1.07772e+07	4800.000000	1.08461e+07	4800.000000	1.1483e+07	4800.000000	1.14952e+07	4800.000000	107269    	4800.000000	106852    	4800.000000	42125.9   	4800.000000	40934.8   	4800.000000	59508
5000.000000	1.11773e+07	5000.000000	1.12807e+07	5000.000000	1.19876e+07	5000.000000	1.20003e+07	5000.000000	109940    	5000.000000	112170    	5000.000000	43262.7   	5000.000000	42161.3   	5000.000000	61362
5250.000000	1.16661e+07	5250.000000	1.18162e+07	5250.000000	1.26162e+07	5250.000000	1.26295e+07	5250.000000	113178    	5250.000000	118887    	5250.000000	44645.2   	5250.000000	43655.1   	5250.000000	63623.2
5500.000000	1.21425e+07	5500.000000	1.23434e+07	5500.000000	1.32425e+07	5500.000000	1.32565e+07	5500.000000	116314    	5500.000000	125678    	5500.000000	45988.2   	5500.000000	45108.1   	5500.000000	65825.6
6000.000000	1.30595e+07	6000.000000	1.3373e+07	6000.000000	1.44883e+07	6000.000000	1.45035e+07	6000.000000	122306    	6000.000000	139481    	6000.000000	48567.4   	6000.000000	47902     	6000.000000	70069.1
6500.000000	1.39311e+07	6500.000000	1.43712e+07	6500.000000	1.57254e+07	6500.000000	1.57419e+07	6500.000000	127969    	6500.000000	153574    	6500.000000	51021.2   	6500.000000	50561.9   	6500.000000	74118.6
7000.000000	1.47601e+07	7000.000000	1.53393e+07	7000.000000	1.69544e+07	7000.000000	1.6972e+07	7000.000000	133344    	7000.000000	167949    	7000.000000	53366.7   	7000.000000	53103.6   	7000.000000	77996.4
7500.000000	1.55493e+07	7500.000000	1.62788e+07	7500.000000	1.81756e+07	7500.000000	1.81944e+07	7500.000000	138466    	7500.000000	182599    	7500.000000	55617.9   	7500.000000	55540.4   	7500.000000	81721.2
8000.000000	1.63014e+07	8000.000000	1.71912e+07	8000.000000	1.93894e+07	8000.000000	1.94094e+07	8000.000000	143365    	8000.000000	197516    	8000.000000	57786.4   	8000.000000	57883.7   	8000.000000	85309.3
8500.000000	1.70186e+07	8500.000000	1.80779e+07	8500.000000	2.05964e+07	8500.000000	2.06175e+07	8500.000000	148062    	8500.000000	212696    	8500.000000	59882.1   	8500.000000	60143.3   	8500.000000	88774.3
9000.000000	1.77033e+07	9000.000000	1.89402e+07	9000.000000	2.17968e+07	9000.000000	2.1819e+07	9000.000000	152579    	9000.000000	228132    	9000.000000	61913.1   	9000.000000	62327.4   	9000.000000	92128.4
9500.000000	1.83575e+07	9500.000000	1.97793e+07	9500.000000	2.2991e+07	9500.000000	2.30143e+07	9500.000000	156933    	9500.000000	243817    	9500.000000	63886.6   	9500.000000	64443.4   	9500.000000	95381.9
10000.000000	1.89833e+07	10000.000000	2.05964e+07	10000.000000	2.41793e+07	10000.000000	2.42037e+07	10000.000000	161139    	10000.000000	259746    	10000.000000	65808.7   	10000.000000	66497.7   	10000.000000	98544
11000.000000	2.01564e+07	11000.000000	2.21688e+07	11000.000000	2.65394e+07	11000.000000	2.65661e+07	11000.000000	169153    	11000.000000	292316    	11000.000000	69518.8   	11000.000000	70442.5   	11000.000000	104625
12000.000000	2.12354e+07	12000.000000	2.36654e+07	12000.000000	2.88795e+07	12000.000000	2.89082e+07	12000.000000	176706    	12000.000000	325814    	12000.000000	73077.8   	12000.000000	74199.1   	12000.000000	110426
13000.000000	2.2231e+07	13000.000000	2.5093e+07	13000.000000	3.12012e+07	13000.000000	3.12319e+07	13000.000000	183864    	13000.000000	360205    	13000.000000	76511.8   	13000.000000	77796.6   	13000.000000	115989
14000.000000	2.31526e+07	14000.000000	2.64579e+07	14000.000000	3.3506e+07	14000.000000	3.35388e+07	14000.000000	190677    	14000.000000	395438    	14000.000000	79841     	14000.000000	81258.1   	14000.000000	121349
15000.000000	2.40083e+07	15000.000000	2.77652e+07	15000.000000	3.57952e+07	15000.000000	3.58301e+07	15000.000000	197186    	15000.000000	431466    	15000.000000	83081.3   	15000.000000	84602.6   	15000.000000	126532
16000.000000	2.48048e+07	16000.000000	2.90197e+07	16000.000000	3.80699e+07	16000.000000	3.81072e+07	16000.000000	203426    	16000.000000	468260    	16000.000000	86245.6   	16000.000000	87845.3   	16000.000000	131563
17000.000000	2.55481e+07	17000.000000	3.02256e+07	17000.000000	4.03313e+07	17000.000000	4.03709e+07	17000.000000	209425    	17000.000000	505807    	17000.000000	89343.9   	17000.000000	90999     	17000.000000	136459
18000.000000	2.62434e+07	18000.000000	3.13865e+07	18000.000000	4.25804e+07	18000.000000	4.26223e+07	18000.000000	215209    	18000.000000	544096    	18000.000000	92384.8   	18000.000000	94074.5   	18000.000000	141237
19000.000000	2.68952e+07	19000.000000	3.25057e+07	19000.000000	4.48181e+07	19000.000000	4.48621e+07	19000.000000	220797    	19000.000000	583118    	19000.000000	95374.9   	19000.000000	97080.8   	19000.000000	145910
20000.000000	2.75074e+07	20000.000000	3.35863e+07	20000.000000	4.70451e+07	20000.000000	4.70911e+07	20000.000000	226208    	20000.000000	622862    	20000.000000	98320     	20000.000000	100025    	20000.000000	150491
21000.000000	2.80837e+07	21000.000000	3.46307e+07	21000.000000	4.92621e+07	21000.000000	4.931e+07 	21000.000000	231458    	21000.000000	663314    	21000.000000	101224    	21000.000000	102915    	21000.000000	154987
22000.000000	2.8627e+07	22000.000000	3.56415e+07	22000.000000	5.14696e+07	22000.000000	5.15192e+07	22000.000000	236557    	22000.000000	704451    	22000.000000	104092    	22000.000000	105754    	22000.000000	159408
23000.000000	2.91401e+07	23000.000000	3.66208e+07	23000.000000	5.3668e+07	23000.000000	5.37193e+07	23000.000000	241517    	23000.000000	746253    	23000.000000	106925    	23000.000000	108547    	23000.000000	163761
24000.000000	2.96254e+07	24000.000000	3.75705e+07	24000.000000	5.58579e+07	24000.000000	5.59109e+07	24000.000000	246349    	24000.000000	788709    	24000.000000	109727    	24000.000000	111299    	24000.000000	168050
25000.000000	3.00852e+07	25000.000000	3.84923e+07	25000.000000	5.80396e+07	25000.000000	5.80942e+07	25000.000000	251061    	25000.000000	831768    	25000.000000	112499    	25000.000000	114012    	25000.000000	172282
26000.000000	3.05213e+07	26000.000000	3.93881e+07	26000.000000	6.02135e+07	26000.000000	6.02698e+07	26000.000000	255661    	26000.000000	875403    	26000.000000	115244    	26000.000000	116690    	26000.000000	176461
27000.000000	3.09356e+07	27000.000000	4.02591e+07	27000.000000	6.238e+07 	27000.000000	6.2438e+07	27000.000000	260157    	27000.000000	919621    	27000.000000	117963    	27000.000000	119336    	27000.000000	180591
28000.000000	3.13297e+07	28000.000000	4.11068e+07	28000.000000	6.45395e+07	28000.000000	6.45992e+07	28000.000000	264554    	28000.000000	964435    	28000.000000	120657    	28000.000000	121951    	28000.000000	184676
29000.000000	3.17049e+07	29000.000000	4.19324e+07	29000.000000	6.66922e+07	29000.000000	6.67535e+07	29000.000000	268860    	29000.000000	1.00984e+06	29000.000000	123327    	29000.000000	124537    	29000.000000	188718
30000.000000	3.20626e+07	30000.000000	4.27371e+07	30000.000000	6.88385e+07	30000.000000	6.89014e+07	30000.000000	273078    	30000.000000	1.05583e+06	30000.000000	125974    	30000.000000	127097    	30000.000000	192720
32000.000000	3.273e+07 	32000.000000	4.42879e+07	32000.000000	7.31129e+07	32000.000000	7.31788e+07	32000.000000	281274    	32000.000000	1.1495e+06	32000.000000	131204    	32000.000000	132141    	32000.000000	200613
34000.000000	3.33403e+07	34000.000000	4.57667e+07	34000.000000	7.73646e+07	34000.000000	7.74332e+07	34000.000000	289175    	34000.000000	1.2453e+06	34000.000000	136351    	34000.000000	137093    	34000.000000	208372
36000.000000	3.39003e+07	36000.000000	4.71801e+07	36000.000000	8.1595e+07	36000.000000	8.16663e+07	36000.000000	296810    	36000.000000	1.34315e+06	36000.000000	141420    	36000.000000	141962    	36000.000000	216008
38000.000000	3.44159e+07	38000.000000	4.85339e+07	38000.000000	8.58058e+07	38000.000000	8.58796e+07	38000.000000	304203    	38000.000000	1.44295e+06	38000.000000	146411    	38000.000000	146752    	38000.000000	223530
40000.000000	3.48921e+07	40000.000000	4.98329e+07	40000.000000	8.99981e+07	40000.000000	9.00743e+07	40000.000000	311374    	40000.000000	1.54467e+06	40000.000000	151329    	40000.000000	151469    	40000.000000	230945
42000.000000	3.53331e+07	42000.000000	5.10816e+07	42000.000000	9.4173e+07	42000.000000	9.42515e+07	42000.000000	318342    	42000.000000	1.64826e+06	42000.000000	156174    	42000.000000	156117    	42000.000000	238260
44000.000000	3.57426e+07	44000.000000	5.22838e+07	44000.000000	9.83316e+07	44000.000000	9.84124e+07	44000.000000	325122    	44000.000000	1.75369e+06	44000.000000	160949    	44000.000000	160699    	44000.000000	245480
46000.000000	3.61238e+07	46000.000000	5.34429e+07	46000.000000	1.02475e+08	46000.000000	1.02558e+08	46000.000000	331728    	46000.000000	1.86093e+06	46000.000000	165655    	46000.000000	165219    	46000.000000	252610
48000.000000	3.64793e+07	48000.000000	5.4562e+07	48000.000000	1.06603e+08	48000.000000	1.06688e+08	48000.000000	338172    	48000.000000	1.96994e+06	48000.000000	170295    	48000.000000	169678    	48000.000000	259653
50000.000000	3.68117e+07	50000.000000	5.56439e+07	50000.000000	1.10718e+08	50000.000000	1.10805e+08	50000.000000	344466    	50000.000000	2.0807e+06	50000.000000	174871    	50000.000000	174079    	50000.000000	266613
