*Energy (MeV/u)1	0 - [He-base] F.Hubert et al, AD&ND Tables 46(1990)1	Energy (MeV/u)2	1 - [H -base] J.F.Ziegler et al, Pergamon Press, NY (low energy)	Energy (MeV/u)3	2 - ATIMA 1.2  LS-theory (recommended for high energy)	Energy (MeV/u)4	3 - ATIMA 1.2  without LS-correction	Energy (MeV/u)5	4 - Range straggling - method [0] - LISE	Energy (MeV/u)6	5 - Range straggling - method [1] - Atima	Energy (MeV/u)7	6 - Lateral range - method [0] - LISE	Energy (MeV/u)8	7 - Lateral range - method [1] - Atima	Energy (MeV/u)9	8 - Lateral range - method [2] - PDG	
0.001000	0.0670433 	0.001000	0.0670433 	0.001000	0.0542337 	0.001000	0.0542337 	0.001000	0         	0.001000	0         	0.001000	0.00013859	0.001000	0.000221934	0.001000	0.000104136
0.002000	0.136328  	0.002000	0.134087  	0.002000	0.108467  	0.002000	0.108467  	0.002000	0.00752556	0.002000	0.00752556	0.002000	0.00040585	0.002000	0.000627848	0.002000	0.000317087
0.005000	0.313777  	0.005000	0.305796  	0.005000	0.245498  	0.005000	0.245498  	0.005000	0.00887795	0.005000	0.00887795	0.005000	0.00138589	0.005000	0.00207403	0.005000	0.0011189
0.008000	0.466098  	0.008000	0.453191  	0.008000	0.362615  	0.008000	0.362615  	0.008000	0.00893396	0.008000	0.00893396	0.008000	0.00248076	0.008000	0.00365038	0.008000	0.0020334
0.010000	0.558778  	0.010000	0.542872  	0.010000	0.433922  	0.010000	0.433922  	0.010000	0.00913075	0.010000	0.00913075	0.010000	0.00324705	0.010000	0.00474087	0.010000	0.0026793
0.015000	0.768662  	0.015000	0.745967  	0.015000	0.596009  	0.015000	0.596009  	0.015000	0.0101454 	0.015000	0.0101454 	0.015000	0.00524066	0.015000	0.00754836	0.015000	0.00437282
0.020000	0.94244   	0.020000	0.914124  	0.020000	0.735294  	0.020000	0.735294  	0.020000	0.0113403 	0.020000	0.0113403 	0.020000	0.00719085	0.020000	0.0102765 	0.020000	0.00603735
0.025000	1.08693   	0.025000	1.05394   	0.025000	0.85587   	0.025000	0.85587   	0.025000	0.0124013 	0.025000	0.0124013 	0.025000	0.00903335	0.025000	0.0128461 	0.025000	0.00761343
0.030000	1.21105   	0.030000	1.17405   	0.030000	0.963216  	0.030000	0.963216  	0.030000	0.0133133 	0.030000	0.0133133 	0.030000	0.0107915 	0.030000	0.0152912 	0.030000	0.00912044
0.035000	1.32063   	0.035000	1.28008   	0.035000	1.06115   	0.035000	1.06115   	0.035000	0.0141097 	0.035000	0.0141097 	0.035000	0.0124948 	0.035000	0.0176532 	0.035000	0.0105835
0.040000	1.41944   	0.040000	1.37569   	0.040000	1.15177   	0.040000	1.15177   	0.040000	0.0148113 	0.040000	0.0148113 	0.040000	0.0141586 	0.040000	0.0199547 	0.040000	0.0120152
0.045000	1.51011   	0.045000	1.46343   	0.045000	1.23659   	0.045000	1.23659   	0.045000	0.0154374 	0.045000	0.0154374 	0.045000	0.0157958 	0.045000	0.0222141 	0.045000	0.0134263
0.050000	1.59453   	0.050000	1.54512   	0.050000	1.31674   	0.050000	1.31674   	0.050000	0.0160039 	0.050000	0.0158917 	0.050000	0.0174016 	0.050000	0.0244255 	0.050000	0.0148123
0.055000	1.67419   	0.055000	1.62221   	0.055000	1.39308   	0.055000	1.39308   	0.055000	0.0165231 	0.055000	0.0162442 	0.055000	0.0187901 	0.055000	0.0263364 	0.055000	0.0160115
0.060000	1.75009   	0.060000	1.69565   	0.060000	1.4663    	0.060000	1.4663    	0.060000	0.0170048 	0.060000	0.0165702 	0.060000	0.0200258 	0.060000	0.0280358 	0.060000	0.0170792
0.070000	1.89346   	0.070000	1.83439   	0.070000	1.60542   	0.070000	1.60542   	0.070000	0.0178842 	0.070000	0.0171645 	0.070000	0.0221989 	0.070000	0.0308151 	0.070000	0.0189583
0.080000	2.02897   	0.080000	1.96551   	0.080000	1.73727   	0.080000	1.73727   	0.080000	0.0186858 	0.080000	0.0177072 	0.080000	0.0241414 	0.080000	0.0332508 	0.080000	0.0206398
0.090000	2.15935   	0.090000	2.09168   	0.090000	1.86404   	0.090000	1.86404   	0.090000	0.0194374 	0.090000	0.0182184 	0.090000	0.0259181 	0.090000	0.0354429 	0.090000	0.0221797
0.100000	2.2864    	0.100000	2.21462   	0.100000	1.98725   	0.100000	1.98725   	0.100000	0.0201578 	0.100000	0.0187111 	0.100000	0.0276038 	0.100000	0.0374904 	0.100000	0.0236429
0.120000	2.53495   	0.120000	2.45512   	0.120000	2.22707   	0.120000	2.22707   	0.120000	0.0215528 	0.120000	0.0196742 	0.120000	0.0307722 	0.120000	0.0412848 	0.120000	0.0263995
0.140000	2.78036   	0.140000	2.69259   	0.140000	2.46245   	0.140000	2.46245   	0.140000	0.0229342 	0.140000	0.0206402 	0.140000	0.0338103 	0.140000	0.0448652 	0.140000	0.0290506
0.160000	3.02521   	0.160000	2.92952   	0.160000	2.69659   	0.160000	2.69659   	0.160000	0.0243342 	0.160000	0.0216313 	0.160000	0.0367606 	0.160000	0.0482997 	0.160000	0.0316329
0.180000	3.26898   	0.180000	3.16541   	0.180000	2.93128   	0.180000	2.93128   	0.180000	0.0257687 	0.180000	0.0226581 	0.180000	0.0396077 	0.180000	0.0515948 	0.180000	0.0341328
0.200000	3.51236   	0.200000	3.40092   	0.200000	3.16754   	0.200000	3.16754   	0.200000	0.0272441 	0.200000	0.023725  	0.200000	0.0423939 	0.200000	0.0547889 	0.200000	0.0365858
0.250000	4.12166   	0.250000	3.99051   	0.250000	3.76812   	0.250000	3.76812   	0.250000	0.0311161 	0.250000	0.0265651 	0.250000	0.0493528 	0.250000	0.0627066 	0.250000	0.0427383
0.300000	4.73436   	0.300000	4.58339   	0.300000	4.38485   	0.300000	4.38485   	0.300000	0.0352197 	0.300000	0.0296211 	0.300000	0.0562282 	0.300000	0.0704324 	0.300000	0.0488505
0.350000	5.34912   	0.350000	5.17827   	0.350000	5.01647   	0.350000	5.01647   	0.350000	0.0394786 	0.350000	0.0328234 	0.350000	0.0628691 	0.350000	0.0778378 	0.350000	0.054786
0.400000	5.96757   	0.400000	5.77672   	0.400000	5.65902   	0.400000	5.65902   	0.400000	0.0437913 	0.400000	0.0360845 	0.400000	0.0694576 	0.400000	0.0851357 	0.400000	0.0607004
0.450000	6.58899   	0.450000	6.37803   	0.450000	6.31345   	0.450000	6.31345   	0.450000	0.0481678 	0.450000	0.0394028 	0.450000	0.0759425 	0.450000	0.0922493 	0.450000	0.066545
0.500000	7.21722   	0.500000	6.98594   	0.500000	6.98056   	0.500000	6.98056   	0.500000	0.0526194 	0.500000	0.0427805 	0.500000	0.0823408 	0.500000	0.0992314 	0.500000	0.0723344
0.600000	8.50575   	0.600000	8.2328    	0.600000	8.35738   	0.600000	8.35738   	0.600000	0.0618228 	0.600000	0.0497526 	0.600000	0.0948504 	0.600000	0.112723  	0.600000	0.0837124
0.700000	9.84792   	0.700000	9.53155   	0.700000	9.79291   	0.700000	9.79291   	0.700000	0.0714479 	0.700000	0.0570101 	0.700000	0.106881  	0.700000	0.125554  	0.700000	0.0947276
0.800000	11.2546   	0.800000	10.8927   	0.800000	11.2877   	0.800000	11.2877   	0.800000	0.0814989 	0.800000	0.0645399 	0.800000	0.118393  	0.800000	0.137709  	0.800000	0.10533
0.900000	12.7312   	0.900000	12.3216   	0.900000	12.8424   	0.900000	12.8424   	0.900000	0.0919842 	0.900000	0.0723371 	0.900000	0.129469  	0.900000	0.149255  	0.900000	0.11558
1.000000	14.2789   	1.000000	13.8192   	1.000000	14.4571   	1.000000	14.4571   	1.000000	0.102913  	1.000000	0.0804009 	1.000000	0.140103  	1.000000	0.160295  	1.000000	0.125471
1.250000	18.4708   	1.250000	17.8755   	1.250000	18.7684   	1.250000	18.7684   	1.250000	0.132416  	1.250000	0.102105  	1.250000	0.165358  	1.250000	0.186122  	1.250000	0.149114
1.500000	23.1304   	1.500000	22.3844   	1.500000	23.4786   	1.500000	23.4786   	1.500000	0.165171  	1.500000	0.127156  	1.500000	0.189392  	1.500000	0.210364  	1.500000	0.171792
1.750000	28.2448   	1.750000	27.3334   	1.750000	28.5799   	1.750000	28.5799   	1.750000	0.201057  	1.750000	0.154907  	1.750000	0.212746  	1.750000	0.233654  	1.750000	0.193963
2.000000	33.8153   	2.000000	32.7236   	2.000000	34.0694   	2.000000	34.0694   	2.000000	0.240074  	2.000000	0.184907  	2.000000	0.235732  	2.000000	0.256374  	2.000000	0.21589
2.250000	39.8627   	2.250000	38.5755   	2.250000	39.9461   	2.250000	39.9461   	2.250000	0.282257  	2.250000	0.216947  	2.250000	0.250331  	2.250000	0.278836  	2.250000	0.230065
2.500000	46.3637   	2.500000	44.8688   	2.500000	46.2093   	2.500000	46.2093   	2.500000	0.327642  	2.500000	0.250914  	2.500000	0.258181  	2.500000	0.301279  	2.500000	0.237961
3.000000	60.146    	3.000000	58.7143   	3.000000	59.891    	3.000000	59.891    	3.000000	0.428096  	3.000000	0.324377  	3.000000	0.278859  	3.000000	0.328468  	3.000000	0.258447
3.500000	75.5095   	3.500000	74.1661   	3.500000	75.1026   	3.500000	75.1026   	3.500000	0.541498  	3.500000	0.40499   	3.500000	0.306222  	3.500000	0.35477   	3.500000	0.285277
4.000000	92.4294   	4.000000	91.1668   	4.000000	91.8285   	4.000000	91.8285   	4.000000	0.6678    	4.000000	0.492555  	4.000000	0.340043  	4.000000	0.387691  	4.000000	0.318263
4.500000	110.882   	4.500000	109.676   	4.500000	110.049   	4.500000	110.049   	4.500000	0.806853  	4.500000	0.586822  	4.500000	0.379968  	4.500000	0.426768  	4.500000	0.35708
5.000000	130.846   	5.000000	129.663   	5.000000	129.744   	5.000000	129.744   	5.000000	0.958462  	5.000000	0.687565  	5.000000	0.425583  	5.000000	0.471501  	5.000000	0.40134
5.500000	152.3     	5.500000	151.099   	5.500000	150.892   	5.500000	150.892   	5.500000	1.12242   	5.500000	0.794595  	5.500000	0.476513  	5.500000	0.521451  	5.500000	0.450697
6.000000	175.224   	6.000000	173.96    	6.000000	173.471   	6.000000	173.471   	6.000000	1.2985    	6.000000	0.907739  	6.000000	0.53241   	6.000000	0.576206  	6.000000	0.504826
6.500000	199.602   	6.500000	198.225   	6.500000	197.46    	6.500000	197.46    	6.500000	1.48652   	6.500000	1.02683   	6.500000	0.593015  	6.500000	0.63546   	6.500000	0.563488
7.000000	225.417   	7.000000	223.872   	7.000000	222.842   	7.000000	222.842   	7.000000	1.68627   	7.000000	1.15172   	7.000000	0.658068  	7.000000	0.698904  	7.000000	0.626443
7.500000	252.651   	7.500000	250.884   	7.500000	249.597   	7.500000	249.597   	7.500000	1.89759   	7.500000	1.28226   	7.500000	0.727385  	7.500000	0.766318  	7.500000	0.69352
8.000000	281.292   	8.000000	279.241   	8.000000	277.708   	8.000000	277.708   	8.000000	2.1203    	8.000000	1.41835   	8.000000	0.8008    	8.000000	0.837501  	8.000000	0.764567
8.500000	311.323   	8.500000	308.929   	8.500000	307.16    	8.500000	307.16    	8.500000	2.35426   	8.500000	1.55988   	8.500000	0.878178  	8.500000	0.912293  	8.500000	0.83946
9.000000	342.733   	9.000000	339.93    	9.000000	337.937   	9.000000	337.937   	9.000000	2.59931   	9.000000	1.70676   	9.000000	0.959408  	9.000000	0.990559  	9.000000	0.918095
9.500000	375.508   	9.500000	372.231   	9.500000	370.024   	9.500000	370.024   	9.500000	2.85534   	9.500000	1.85886   	9.500000	1.04439   	9.500000	1.07218   	9.500000	1.00038
10.000000	409.636   	10.000000	405.813   	10.000000	403.408   	10.000000	403.408   	10.000000	3.12222   	10.000000	2.01608   	10.000000	1.13304   	10.000000	1.15705   	10.000000	1.08624
11.000000	481.907   	11.000000	476.491   	11.000000	474.079   	11.000000	474.066   	11.000000	3.68946   	11.000000	2.34635   	11.000000	1.3213    	11.000000	1.33643   	11.000000	1.26865
12.000000	559.457   	12.000000	552.206   	12.000000	549.93    	12.000000	549.881   	12.000000	4.3017    	12.000000	2.69806   	12.000000	1.52405   	12.000000	1.52844   	12.000000	1.4652
13.000000	642.208   	13.000000	632.911   	13.000000	630.903   	13.000000	630.797   	13.000000	4.95847   	13.000000	3.07082   	13.000000	1.74106   	13.000000	1.73276   	13.000000	1.67569
14.000000	730.083   	14.000000	718.558   	14.000000	716.943   	14.000000	716.764   	14.000000	5.6594    	14.000000	3.4642    	14.000000	1.97213   	14.000000	1.94912   	14.000000	1.89996
15.000000	823.015   	15.000000	809.1     	15.000000	808.008   	15.000000	807.739   	15.000000	6.40425   	15.000000	3.87815   	15.000000	2.21712   	15.000000	2.17733   	15.000000	2.13786
16.000000	920.938   	16.000000	904.491   	16.000000	904.056   	16.000000	903.684   	16.000000	7.1928    	16.000000	4.31256   	16.000000	2.47591   	16.000000	2.41722   	16.000000	2.3893
17.000000	1023.79   	17.000000	1004.69   	17.000000	1005.05   	17.000000	1004.57   	17.000000	8.02487   	17.000000	4.76708   	17.000000	2.7484    	17.000000	2.66864   	17.000000	2.65419
18.000000	1131.51   	18.000000	1109.65   	18.000000	1110.96   	18.000000	1110.35   	18.000000	8.90035   	18.000000	5.24152   	18.000000	3.03453   	18.000000	2.9315    	18.000000	2.93248
19.000000	1244.05   	19.000000	1219.32   	19.000000	1221.76   	19.000000	1221.02   	19.000000	9.81917   	19.000000	5.73585   	19.000000	3.33423   	19.000000	3.20569   	19.000000	3.22412
20.000000	1361.35   	20.000000	1333.68   	20.000000	1337.42   	20.000000	1336.55   	20.000000	10.7814   	20.000000	6.25005   	20.000000	3.64747   	20.000000	3.49114   	20.000000	3.52908
21.000000	1483.37   	21.000000	1452.68   	21.000000	1457.93   	21.000000	1456.91   	21.000000	11.7869   	21.000000	6.78408   	21.000000	3.97423   	21.000000	3.78781   	21.000000	3.84736
22.000000	1610.05   	22.000000	1576.28   	22.000000	1583.25   	22.000000	1582.09   	22.000000	12.8357   	22.000000	7.33783   	22.000000	4.31446   	22.000000	4.09561   	22.000000	4.17891
23.000000	1741.35   	23.000000	1704.45   	23.000000	1713.38   	23.000000	1712.07   	23.000000	13.9277   	23.000000	7.9112    	23.000000	4.66813   	23.000000	4.41449   	23.000000	4.52372
24.000000	1877.23   	24.000000	1837.15   	24.000000	1848.28   	24.000000	1846.84   	24.000000	15.0627   	24.000000	8.50415   	24.000000	5.03519   	24.000000	4.7444    	24.000000	4.88176
25.000000	2017.64   	25.000000	1974.34   	25.000000	1987.95   	25.000000	1986.37   	25.000000	16.241    	25.000000	9.1167    	25.000000	5.41566   	25.000000	5.0853    	25.000000	5.25303
27.000000	2311.9    	27.000000	2262.07   	27.000000	2281.53   	27.000000	2279.67   	27.000000	18.7271   	27.000000	10.4005   	27.000000	6.21676   	27.000000	5.79996   	27.000000	6.03531
29.000000	2623.81   	29.000000	2567.39   	29.000000	2593.99   	29.000000	2591.89   	29.000000	21.3857   	29.000000	11.7622   	29.000000	7.07128   	29.000000	6.55818   	29.000000	6.8705
31.000000	2953.1    	31.000000	2890.04   	31.000000	2925.03   	31.000000	2922.74   	31.000000	24.2119   	31.000000	13.1993   	31.000000	7.97839   	31.000000	7.35912   	31.000000	7.75784
33.000000	3299.48   	33.000000	3229.79   	33.000000	3273.44   	33.000000	3271.04   	33.000000	27.1789   	33.000000	14.6971   	33.000000	8.93332   	33.000000	8.1987    	33.000000	8.69281
35.000000	3662.71   	35.000000	3586.4    	35.000000	3638.82   	35.000000	3636.38   	35.000000	30.2824   	35.000000	16.2538   	35.000000	9.9344    	35.000000	9.0754    	35.000000	9.67381
38.000000	4238.58   	38.000000	4152.48   	38.000000	4218.23   	38.000000	4215.83   	38.000000	35.1918   	38.000000	18.6989   	38.000000	11.5202   	38.000000	10.4579   	38.000000	11.2295
41.000000	4851.01   	41.000000	4755.32   	41.000000	4834.53   	41.000000	4832.36   	41.000000	40.4008   	41.000000	21.2727   	41.000000	13.2042   	41.000000	11.9186   	41.000000	12.8837
44.000000	5499.28   	44.000000	5394.25   	44.000000	5487.11   	44.000000	5485.28   	44.000000	45.9065   	44.000000	23.9752   	44.000000	14.9839   	44.000000	13.4555   	44.000000	14.6343
47.000000	6182.72   	47.000000	6068.64   	47.000000	6175.31   	47.000000	6173.94   	47.000000	51.7032   	47.000000	26.8019   	47.000000	16.8573   	47.000000	15.0665   	47.000000	16.4793
50.000000	6900.68   	50.000000	6777.88   	50.000000	6898.52   	50.000000	6897.72   	50.000000	57.7854   	50.000000	29.7508   	50.000000	18.8222   	50.000000	16.7499   	50.000000	18.4171
55.000000	8172.39   	55.000000	8035.85   	55.000000	8180.02   	55.000000	8180.52   	55.000000	68.5399   	55.000000	34.9297   	55.000000	22.295    	55.000000	19.7118   	55.000000	21.848
60.000000	9535.75   	60.000000	9386.49   	60.000000	9554.41   	60.000000	9556.74   	60.000000	80.0423   	60.000000	40.4294   	60.000000	26.0077   	60.000000	22.8628   	60.000000	25.5241
65.000000	10988.4   	65.000000	10827.4   	65.000000	11019.7   	65.000000	11024     	65.000000	92.2766   	65.000000	46.2393   	65.000000	29.9539   	65.000000	26.1976   	65.000000	29.44
70.000000	12528.1   	70.000000	12356.4   	70.000000	12573.5   	70.000000	12580.2   	70.000000	105.214   	70.000000	52.3506   	70.000000	34.126    	70.000000	29.7101   	70.000000	33.5891
75.000000	14152.7   	75.000000	13971.3   	75.000000	14213.6   	75.000000	14223.1   	75.000000	118.831   	75.000000	58.7516   	75.000000	38.5166   	75.000000	33.3947   	75.000000	37.9654
80.000000	15860.4   	80.000000	15670.1   	80.000000	15938.2   	80.000000	15950.8   	80.000000	133.106   	80.000000	65.4364   	80.000000	43.1194   	80.000000	37.2463   	80.000000	42.5633
85.000000	17649.4   	85.000000	17450.8   	85.000000	17745.2   	85.000000	17761.4   	85.000000	148.016   	85.000000	72.3914   	85.000000	47.928    	85.000000	41.2601   	85.000000	47.3774
90.000000	19517.9   	90.000000	19311.7   	90.000000	19633.1   	90.000000	19653.1   	90.000000	163.546   	90.000000	79.6122   	90.000000	52.9369   	90.000000	45.432    	90.000000	52.4033
95.000000	21464.3   	95.000000	21250.9   	95.000000	21600.1   	95.000000	21624.3   	95.000000	179.675   	95.000000	87.0911   	95.000000	58.1402   	95.000000	49.7576   	95.000000	57.636
100.000000	23487.1   	100.000000	23266.7   	100.000000	23644.5   	100.000000	23673.2   	100.000000	196.38    	100.000000	94.8198   	100.000000	63.532    	100.000000	54.2324   	100.000000	63.0702
105.000000	25584.9   	105.000000	25357.6   	105.000000	25764.6   	105.000000	25798.3   	105.000000	213.643   	105.000000	102.791   	105.000000	69.1065   	105.000000	58.8523   	105.000000	68.7011
110.000000	27756.1   	110.000000	27522     	110.000000	27959     	110.000000	27998     	110.000000	231.449   	110.000000	111.003   	110.000000	74.8593   	110.000000	63.6138   	110.000000	74.5249
115.000000	29999.6   	115.000000	29758.4   	115.000000	30226.5   	115.000000	30270.9   	115.000000	249.785   	115.000000	119.445   	115.000000	80.7856   	115.000000	68.5138   	115.000000	80.5378
120.000000	32314     	120.000000	32065.2   	120.000000	32565.3   	120.000000	32615.6   	120.000000	268.628   	120.000000	128.107   	120.000000	86.8797   	120.000000	73.548    	120.000000	86.7347
125.000000	34698.2   	125.000000	34441.2   	125.000000	34974.1   	125.000000	35030.7   	125.000000	287.962   	125.000000	136.989   	125.000000	93.1371   	125.000000	78.713    	125.000000	93.1116
130.000000	37150.9   	130.000000	36884.9   	130.000000	37451.7   	130.000000	37514.9   	130.000000	307.778   	130.000000	146.083   	130.000000	99.5537   	130.000000	84.0061   	130.000000	99.6652
135.000000	39671.1   	135.000000	39395.1   	135.000000	39996.9   	135.000000	40066.8   	135.000000	328.059   	135.000000	155.385   	135.000000	106.125   	135.000000	89.4242   	135.000000	106.392
140.000000	42257.6   	140.000000	41970.5   	140.000000	42608.2   	140.000000	42685.3   	140.000000	348.785   	140.000000	164.893   	140.000000	112.847   	140.000000	94.9636   	140.000000	113.287
145.000000	44909.4   	145.000000	44609.8   	145.000000	45284.5   	145.000000	45369.2   	145.000000	369.945   	145.000000	174.594   	145.000000	119.714   	145.000000	100.621   	145.000000	120.347
150.000000	47625.6   	150.000000	47311.9   	150.000000	48024.6   	150.000000	48117.2   	150.000000	391.53    	150.000000	184.486   	150.000000	126.724   	150.000000	106.395   	150.000000	127.569
155.000000	50443.4   	155.000000	50075.5   	155.000000	50827.6   	155.000000	50928.2   	155.000000	413.526   	155.000000	194.566   	155.000000	133.872   	155.000000	112.283   	155.000000	134.95
160.000000	53322.3   	160.000000	52899.7   	160.000000	53692.1   	160.000000	53801.2   	160.000000	435.916   	160.000000	204.827   	160.000000	141.154   	160.000000	118.28    	160.000000	142.486
165.000000	56259.9   	165.000000	55783.2   	165.000000	56617.2   	165.000000	56734.9   	165.000000	458.691   	165.000000	215.267   	165.000000	148.568   	165.000000	124.386   	165.000000	150.174
170.000000	59255.2   	170.000000	58725.1   	170.000000	59601.9   	170.000000	59728.4   	170.000000	481.843   	170.000000	225.883   	170.000000	156.109   	170.000000	130.597   	170.000000	158.012
175.000000	62307.2   	175.000000	61724.3   	175.000000	62645     	175.000000	62780.7   	175.000000	505.353   	175.000000	236.671   	175.000000	163.774   	175.000000	136.911   	175.000000	165.995
180.000000	65414.9   	180.000000	64779.7   	180.000000	65745.3   	180.000000	65890.7   	180.000000	529.21    	180.000000	247.62    	180.000000	171.559   	180.000000	143.325   	180.000000	174.119
185.000000	68577.5   	185.000000	67890.5   	185.000000	68902.1   	185.000000	69057.5   	185.000000	553.404   	185.000000	258.724   	185.000000	179.461   	185.000000	149.837   	185.000000	182.384
190.000000	71793.9   	190.000000	71055.7   	190.000000	72114.5   	190.000000	72280.1   	190.000000	577.928   	190.000000	269.988   	190.000000	187.477   	190.000000	156.446   	190.000000	190.786
195.000000	75063.3   	195.000000	74274.2   	195.000000	75381.6   	195.000000	75557.6   	195.000000	602.775   	195.000000	281.412   	195.000000	195.604   	195.000000	163.148   	195.000000	199.322
200.000000	78384.8   	200.000000	77545.4   	200.000000	78702.3   	200.000000	78889     	200.000000	627.927   	200.000000	292.982   	200.000000	203.839   	200.000000	169.942   	200.000000	207.989
210.000000	85181     	210.000000	84241.7   	210.000000	85501.3   	210.000000	85710.3   	210.000000	679.12    	210.000000	316.561   	210.000000	220.621   	210.000000	183.796   	210.000000	225.707
220.000000	92175.9   	220.000000	91137.9   	220.000000	92505     	220.000000	92737.1   	220.000000	731.441   	220.000000	340.717   	220.000000	237.801   	220.000000	197.993   	220.000000	243.92
230.000000	99363.4   	230.000000	98227.5   	230.000000	99706.5   	230.000000	99962.8   	230.000000	784.812   	230.000000	365.403   	230.000000	255.356   	230.000000	212.518   	230.000000	262.607
240.000000	106738    	240.000000	105504    	240.000000	107100    	240.000000	107381    	240.000000	839.178   	240.000000	390.606   	240.000000	273.268   	240.000000	227.356   	240.000000	281.752
250.000000	114293    	250.000000	112963    	250.000000	114679    	250.000000	114986    	250.000000	894.46    	250.000000	416.299   	250.000000	291.515   	250.000000	242.492   	250.000000	301.332
260.000000	122025    	260.000000	120597    	260.000000	122437    	260.000000	122772    	260.000000	950.602   	260.000000	442.463   	260.000000	310.08    	260.000000	257.914   	260.000000	321.332
270.000000	129927    	270.000000	128401    	270.000000	130370    	270.000000	130734    	270.000000	1007.57   	270.000000	469.091   	270.000000	328.947   	270.000000	273.609   	270.000000	341.737
280.000000	137996    	280.000000	136370    	280.000000	138472    	280.000000	138865    	280.000000	1065.29   	280.000000	496.158   	280.000000	348.097   	280.000000	289.567   	280.000000	362.529
290.000000	146226    	290.000000	144500    	290.000000	146738    	290.000000	147162    	290.000000	1123.71   	290.000000	523.654   	290.000000	367.515   	290.000000	305.774   	290.000000	383.693
300.000000	154612    	300.000000	152785    	300.000000	155164    	300.000000	155618    	300.000000	1182.81   	300.000000	551.56    	300.000000	387.189   	300.000000	322.221   	300.000000	405.217
310.000000	163152    	310.000000	161222    	310.000000	163744    	310.000000	164230    	310.000000	1242.52   	310.000000	579.835   	310.000000	407.101   	310.000000	338.897   	310.000000	427.083
320.000000	171840    	320.000000	169805    	320.000000	172474    	320.000000	172993    	320.000000	1302.82   	320.000000	608.488   	320.000000	427.24    	320.000000	355.792   	320.000000	449.28
330.000000	180672    	330.000000	178530    	330.000000	181350    	330.000000	181902    	330.000000	1363.65   	330.000000	637.514   	330.000000	447.593   	330.000000	372.898   	330.000000	471.795
340.000000	189646    	340.000000	187394    	340.000000	190367    	340.000000	190954    	340.000000	1424.97   	340.000000	666.874   	340.000000	468.145   	340.000000	390.203   	340.000000	494.614
350.000000	198756    	350.000000	196392    	350.000000	199521    	350.000000	200144    	350.000000	1486.76   	350.000000	696.553   	350.000000	488.887   	350.000000	407.7     	350.000000	517.726
360.000000	208000    	360.000000	205521    	360.000000	208810    	360.000000	209468    	360.000000	1548.99   	360.000000	726.555   	360.000000	509.808   	360.000000	425.381   	360.000000	541.12
370.000000	217374    	370.000000	214777    	370.000000	218227    	370.000000	218922    	370.000000	1611.6    	370.000000	756.88    	370.000000	530.896   	370.000000	443.236   	370.000000	564.783
380.000000	226875    	380.000000	224157    	380.000000	227771    	380.000000	228504    	380.000000	1674.58   	380.000000	787.516   	380.000000	552.14    	380.000000	461.259   	380.000000	588.705
390.000000	236499    	390.000000	233657    	390.000000	237438    	390.000000	238208    	390.000000	1737.9    	390.000000	818.442   	390.000000	573.533   	390.000000	479.442   	390.000000	612.878
400.000000	246244    	400.000000	243275    	400.000000	247224    	400.000000	248033    	400.000000	1801.53   	400.000000	849.64    	400.000000	595.065   	400.000000	497.779   	400.000000	637.289
410.000000	256107    	410.000000	253006    	410.000000	257126    	410.000000	257974    	410.000000	1865.44   	410.000000	881.103   	410.000000	616.726   	410.000000	516.261   	410.000000	661.929
420.000000	266084    	420.000000	262848    	420.000000	267141    	420.000000	268029    	420.000000	1929.6    	420.000000	912.829   	420.000000	638.507   	420.000000	534.882   	420.000000	686.789
430.000000	276173    	430.000000	272798    	430.000000	277266    	430.000000	278195    	430.000000	1994.01   	430.000000	944.812   	430.000000	660.403   	430.000000	553.638   	430.000000	711.862
440.000000	286371    	440.000000	282854    	440.000000	287498    	440.000000	288468    	440.000000	2058.63   	440.000000	977.031   	440.000000	682.405   	440.000000	572.521   	440.000000	737.137
450.000000	296675    	450.000000	293012    	450.000000	297833    	450.000000	298845    	450.000000	2123.43   	450.000000	1009.46   	450.000000	704.504   	450.000000	591.524   	450.000000	762.606
460.000000	307084    	460.000000	303270    	460.000000	308270    	460.000000	309324    	460.000000	2188.4    	460.000000	1042.11   	460.000000	726.694   	460.000000	610.643   	460.000000	788.261
470.000000	317594    	470.000000	313625    	470.000000	318805    	470.000000	319903    	470.000000	2253.53   	470.000000	1074.98   	470.000000	748.97    	470.000000	629.873   	470.000000	814.095
480.000000	328203    	480.000000	324075    	480.000000	329437    	480.000000	330578    	480.000000	2318.8    	480.000000	1108.07   	480.000000	771.325   	480.000000	649.209   	480.000000	840.102
490.000000	338909    	490.000000	334617    	490.000000	340162    	490.000000	341347    	490.000000	2384.18   	490.000000	1141.38   	490.000000	793.751   	490.000000	668.644   	490.000000	866.273
500.000000	349709    	500.000000	345249    	500.000000	350977    	500.000000	352208    	500.000000	2449.65   	500.000000	1174.89   	500.000000	816.243   	500.000000	688.174   	500.000000	892.6
520.000000	371584    	520.000000	366776    	520.000000	372873    	520.000000	374194    	520.000000	2580.83   	520.000000	1242.48   	520.000000	861.406   	520.000000	727.502   	520.000000	945.699
540.000000	393811    	540.000000	388636    	540.000000	395106    	540.000000	396520    	540.000000	2712.24   	540.000000	1310.78   	540.000000	906.772   	540.000000	767.159   	540.000000	999.353
560.000000	416374    	560.000000	410814    	560.000000	417659    	560.000000	419168    	560.000000	2843.76   	560.000000	1379.79   	560.000000	952.301   	560.000000	807.109   	560.000000	1053.51
580.000000	439258    	580.000000	433296    	580.000000	440516    	580.000000	442122    	580.000000	2975.3    	580.000000	1449.45   	580.000000	997.96    	580.000000	847.325   	580.000000	1108.13
600.000000	462448    	600.000000	456065    	600.000000	463663    	600.000000	465368    	600.000000	3106.78   	600.000000	1519.71   	600.000000	1043.72   	600.000000	887.779   	600.000000	1163.17
620.000000	485931    	620.000000	479109    	620.000000	487085    	620.000000	488890    	620.000000	3238.12   	620.000000	1590.52   	620.000000	1089.55   	620.000000	928.443   	620.000000	1218.59
640.000000	509694    	640.000000	502415    	640.000000	510769    	640.000000	512676    	640.000000	3369.24   	640.000000	1661.87   	640.000000	1135.42   	640.000000	969.293   	640.000000	1274.35
660.000000	533723    	660.000000	525970    	660.000000	534703    	660.000000	536712    	660.000000	3500.11   	660.000000	1733.75   	660.000000	1181.31   	660.000000	1010.31   	660.000000	1330.43
680.000000	558008    	680.000000	549763    	680.000000	558874    	680.000000	560988    	680.000000	3630.64   	680.000000	1806.11   	680.000000	1227.19   	680.000000	1051.47   	680.000000	1386.79
700.000000	582537    	700.000000	573783    	700.000000	583272    	700.000000	585492    	700.000000	3760.79   	700.000000	1878.93   	700.000000	1273.06   	700.000000	1092.75   	700.000000	1443.4
720.000000	607299    	720.000000	598020    	720.000000	607885    	720.000000	610214    	720.000000	3890.52   	720.000000	1952.21   	720.000000	1318.88   	720.000000	1134.13   	720.000000	1500.23
740.000000	632284    	740.000000	622464    	740.000000	632706    	740.000000	635142    	740.000000	4019.8    	740.000000	2025.93   	740.000000	1364.65   	740.000000	1175.61   	740.000000	1557.26
760.000000	657482    	760.000000	647104    	760.000000	657723    	760.000000	660269    	760.000000	4148.59   	760.000000	2100.07   	760.000000	1410.34   	760.000000	1217.16   	760.000000	1614.47
780.000000	682884    	780.000000	671933    	780.000000	682927    	780.000000	685584    	780.000000	4276.84   	780.000000	2174.59   	780.000000	1455.94   	780.000000	1258.77   	780.000000	1671.83
800.000000	708480    	800.000000	696942    	800.000000	708310    	800.000000	711079    	800.000000	4404.53   	800.000000	2249.5    	800.000000	1501.45   	800.000000	1300.42   	800.000000	1729.32
820.000000	734263    	820.000000	722123    	820.000000	733864    	820.000000	736747    	820.000000	4531.64   	820.000000	2324.8    	820.000000	1546.84   	820.000000	1342.1    	820.000000	1786.92
840.000000	760223    	840.000000	747467    	840.000000	759580    	840.000000	762576    	840.000000	4658.12   	840.000000	2400.42   	840.000000	1592.1    	840.000000	1383.79   	840.000000	1844.61
860.000000	786353    	860.000000	772968    	860.000000	785446    	860.000000	788557    	860.000000	4783.91   	860.000000	2476.32   	860.000000	1637.22   	860.000000	1425.49   	860.000000	1902.36
880.000000	812644    	880.000000	798619    	880.000000	811457    	880.000000	814683    	880.000000	4908.98   	880.000000	2552.46   	880.000000	1682.19   	880.000000	1467.17   	880.000000	1960.15
900.000000	839091    	900.000000	824412    	900.000000	837606    	900.000000	840949    	900.000000	5033.34   	900.000000	2628.85   	900.000000	1727      	900.000000	1508.82   	900.000000	2017.97
920.000000	865686    	920.000000	850341    	920.000000	863886    	920.000000	867348    	920.000000	5156.98   	920.000000	2705.51   	920.000000	1771.65   	920.000000	1550.45   	920.000000	2075.81
940.000000	892421    	940.000000	876401    	940.000000	890294    	940.000000	893874    	940.000000	5279.91   	940.000000	2782.45   	940.000000	1816.12   	940.000000	1592.04   	940.000000	2133.65
960.000000	919291    	960.000000	902585    	960.000000	916823    	960.000000	920521    	960.000000	5402.1    	960.000000	2859.66   	960.000000	1860.42   	960.000000	1633.59   	960.000000	2191.48
980.000000	946290    	980.000000	928887    	980.000000	943468    	980.000000	947284    	980.000000	5523.56   	980.000000	2937.13   	980.000000	1904.53   	980.000000	1675.08   	980.000000	2249.3
1000.000000	973410    	1000.000000	955303    	1000.000000	970222    	1000.000000	974158    	1000.000000	5644.27   	1000.000000	3014.8    	1000.000000	1948.46   	1000.000000	1716.51   	1000.000000	2307.08
1020.000000	1.00065e+06	1020.000000	981827    	1020.000000	997082    	1020.000000	1.00114e+06	1020.000000	5764.23   	1020.000000	3092.68   	1020.000000	1992.19   	1020.000000	1757.87   	1020.000000	2364.81
1040.000000	1.028e+06 	1040.000000	1.00845e+06	1040.000000	1.02404e+06	1040.000000	1.02822e+06	1040.000000	5883.44   	1040.000000	3170.76   	1040.000000	2035.73   	1040.000000	1799.16   	1040.000000	2422.5
1060.000000	1.05545e+06	1060.000000	1.03518e+06	1060.000000	1.0511e+06	1060.000000	1.0554e+06	1060.000000	6001.9    	1060.000000	3249.03   	1060.000000	2079.07   	1060.000000	1840.37   	1060.000000	2480.12
1080.000000	1.083e+06 	1080.000000	1.062e+06 	1080.000000	1.07825e+06	1080.000000	1.08267e+06	1080.000000	6119.62   	1080.000000	3327.5    	1080.000000	2122.21   	1080.000000	1881.5    	1080.000000	2537.68
1100.000000	1.11065e+06	1100.000000	1.08891e+06	1100.000000	1.10549e+06	1100.000000	1.11003e+06	1100.000000	6236.61   	1100.000000	3406.17   	1100.000000	2165.15   	1100.000000	1922.54   	1100.000000	2595.16
1120.000000	1.13839e+06	1120.000000	1.1159e+06	1120.000000	1.13281e+06	1120.000000	1.13748e+06	1120.000000	6352.85   	1120.000000	3485.04   	1120.000000	2207.89   	1120.000000	1963.49   	1120.000000	2652.56
1140.000000	1.16622e+06	1140.000000	1.14297e+06	1140.000000	1.16022e+06	1140.000000	1.16501e+06	1140.000000	6468.34   	1140.000000	3564.13   	1140.000000	2250.42   	1140.000000	2004.35   	1140.000000	2709.87
1160.000000	1.19413e+06	1160.000000	1.17013e+06	1160.000000	1.1877e+06	1160.000000	1.19261e+06	1160.000000	6583.09   	1160.000000	3643.42   	1160.000000	2292.74   	1160.000000	2045.1    	1160.000000	2767.09
1180.000000	1.22211e+06	1180.000000	1.19735e+06	1180.000000	1.21526e+06	1180.000000	1.2203e+06	1180.000000	6697.09   	1180.000000	3722.93   	1180.000000	2334.86   	1180.000000	2085.75   	1180.000000	2824.2
1200.000000	1.25017e+06	1200.000000	1.22465e+06	1200.000000	1.24288e+06	1200.000000	1.24805e+06	1200.000000	6810.35   	1200.000000	3802.63   	1200.000000	2376.76   	1200.000000	2126.3    	1200.000000	2881.2
1220.000000	1.2783e+06	1220.000000	1.25201e+06	1220.000000	1.27058e+06	1220.000000	1.27587e+06	1220.000000	6922.88   	1220.000000	3882.53   	1220.000000	2418.46   	1220.000000	2166.73   	1220.000000	2938.09
1240.000000	1.30649e+06	1240.000000	1.27943e+06	1240.000000	1.29834e+06	1240.000000	1.30375e+06	1240.000000	7034.69   	1240.000000	3962.6    	1240.000000	2459.95   	1240.000000	2207.06   	1240.000000	2994.86
1260.000000	1.33474e+06	1260.000000	1.30692e+06	1260.000000	1.32616e+06	1260.000000	1.3317e+06	1260.000000	7145.78   	1260.000000	4042.85   	1260.000000	2501.22   	1260.000000	2247.27   	1260.000000	3051.51
1280.000000	1.36305e+06	1280.000000	1.33446e+06	1280.000000	1.35404e+06	1280.000000	1.35971e+06	1280.000000	7256.15   	1280.000000	4123.26   	1280.000000	2542.29   	1280.000000	2287.37   	1280.000000	3108.04
1300.000000	1.39142e+06	1300.000000	1.36205e+06	1300.000000	1.38198e+06	1300.000000	1.38778e+06	1300.000000	7365.81   	1300.000000	4203.84   	1300.000000	2583.15   	1300.000000	2327.35   	1300.000000	3164.44
1320.000000	1.41984e+06	1320.000000	1.3897e+06	1320.000000	1.40998e+06	1320.000000	1.4159e+06	1320.000000	7474.77   	1320.000000	4284.57   	1320.000000	2623.79   	1320.000000	2367.21   	1320.000000	3220.71
1340.000000	1.4483e+06	1340.000000	1.4174e+06	1340.000000	1.43802e+06	1340.000000	1.44407e+06	1340.000000	7583.02   	1340.000000	4365.45   	1340.000000	2664.23   	1340.000000	2406.95   	1340.000000	3276.83
1360.000000	1.47681e+06	1360.000000	1.44514e+06	1360.000000	1.46612e+06	1360.000000	1.4723e+06	1360.000000	7690.57   	1360.000000	4446.48   	1360.000000	2704.46   	1360.000000	2446.57   	1360.000000	3332.82
1380.000000	1.50536e+06	1380.000000	1.47292e+06	1380.000000	1.49427e+06	1380.000000	1.50057e+06	1380.000000	7797.43   	1380.000000	4527.67   	1380.000000	2744.48   	1380.000000	2486.05   	1380.000000	3388.67
1400.000000	1.53395e+06	1400.000000	1.50074e+06	1400.000000	1.52246e+06	1400.000000	1.52889e+06	1400.000000	7903.59   	1400.000000	4609      	1400.000000	2784.29   	1400.000000	2525.42   	1400.000000	3444.37
1420.000000	1.56258e+06	1420.000000	1.52861e+06	1420.000000	1.55069e+06	1420.000000	1.55725e+06	1420.000000	8009.07   	1420.000000	4690.48   	1420.000000	2823.89   	1420.000000	2564.65   	1420.000000	3499.92
1440.000000	1.59123e+06	1440.000000	1.5565e+06	1440.000000	1.57896e+06	1440.000000	1.58565e+06	1440.000000	8113.88   	1440.000000	4772.11   	1440.000000	2863.28   	1440.000000	2603.76   	1440.000000	3555.33
1460.000000	1.61992e+06	1460.000000	1.58444e+06	1460.000000	1.60728e+06	1460.000000	1.6141e+06	1460.000000	8218.01   	1460.000000	4853.9    	1460.000000	2902.47   	1460.000000	2642.74   	1460.000000	3610.58
1480.000000	1.64864e+06	1480.000000	1.6124e+06	1480.000000	1.63563e+06	1480.000000	1.64258e+06	1480.000000	8321.49   	1480.000000	4935.83   	1480.000000	2941.46   	1480.000000	2681.59   	1480.000000	3665.68
1500.000000	1.67738e+06	1500.000000	1.64039e+06	1500.000000	1.66402e+06	1500.000000	1.6711e+06	1500.000000	8424.31   	1500.000000	5017.91   	1500.000000	2980.24   	1500.000000	2720.31   	1500.000000	3720.62
1520.000000	1.70614e+06	1520.000000	1.66841e+06	1520.000000	1.69245e+06	1520.000000	1.69965e+06	1520.000000	8526.48   	1520.000000	5100.15   	1520.000000	3018.82   	1520.000000	2758.89   	1520.000000	3775.41
1540.000000	1.73492e+06	1540.000000	1.69646e+06	1540.000000	1.72091e+06	1540.000000	1.72824e+06	1540.000000	8628.02   	1540.000000	5182.52   	1540.000000	3057.2    	1540.000000	2797.35   	1540.000000	3830.04
1560.000000	1.76373e+06	1560.000000	1.72453e+06	1560.000000	1.7494e+06	1560.000000	1.75686e+06	1560.000000	8728.92   	1560.000000	5265.04   	1560.000000	3095.38   	1560.000000	2835.68   	1560.000000	3884.51
1580.000000	1.79254e+06	1580.000000	1.75262e+06	1580.000000	1.77792e+06	1580.000000	1.78551e+06	1580.000000	8829.19   	1580.000000	5347.7    	1580.000000	3133.36   	1580.000000	2873.87   	1580.000000	3938.82
1600.000000	1.82137e+06	1600.000000	1.78073e+06	1600.000000	1.80647e+06	1600.000000	1.81419e+06	1600.000000	8928.83   	1600.000000	5430.49   	1600.000000	3171.15   	1600.000000	2911.93   	1600.000000	3992.97
1620.000000	1.85022e+06	1620.000000	1.80886e+06	1620.000000	1.83505e+06	1620.000000	1.8429e+06	1620.000000	9027.86   	1620.000000	5513.4    	1620.000000	3208.73   	1620.000000	2949.85   	1620.000000	4046.95
1640.000000	1.87907e+06	1640.000000	1.83701e+06	1640.000000	1.86366e+06	1640.000000	1.87163e+06	1640.000000	9126.28   	1640.000000	5596.44   	1640.000000	3246.13   	1640.000000	2987.65   	1640.000000	4100.78
1660.000000	1.90793e+06	1660.000000	1.86517e+06	1660.000000	1.89229e+06	1660.000000	1.90039e+06	1660.000000	9224.09   	1660.000000	5679.59   	1660.000000	3283.33   	1660.000000	3025.31   	1660.000000	4154.44
1680.000000	1.9368e+06	1680.000000	1.89335e+06	1680.000000	1.92094e+06	1680.000000	1.92917e+06	1680.000000	9321.29   	1680.000000	5762.86   	1680.000000	3320.33   	1680.000000	3062.83   	1680.000000	4207.93
1700.000000	1.96567e+06	1700.000000	1.92153e+06	1700.000000	1.94962e+06	1700.000000	1.95798e+06	1700.000000	9417.91   	1700.000000	5846.24   	1700.000000	3357.15   	1700.000000	3100.22   	1700.000000	4261.26
1750.000000	2.03785e+06	1750.000000	1.99205e+06	1750.000000	2.0214e+06	1750.000000	2.03009e+06	1750.000000	9656.88   	1750.000000	6055.19   	1750.000000	3448.37   	1750.000000	3193.12   	1750.000000	4393.85
1800.000000	2.11002e+06	1800.000000	2.06261e+06	1800.000000	2.0933e+06	1800.000000	2.10231e+06	1800.000000	9892.26   	1800.000000	6264.86   	1800.000000	3538.42   	1800.000000	3285.17   	1800.000000	4525.39
1850.000000	2.18215e+06	1850.000000	2.1332e+06	1850.000000	2.1653e+06	1850.000000	2.17465e+06	1850.000000	10124.2   	1850.000000	6475.27   	1850.000000	3627.34   	1850.000000	3376.4    	1850.000000	4655.9
1900.000000	2.25423e+06	1900.000000	2.2038e+06	1900.000000	2.2374e+06	1900.000000	2.24707e+06	1900.000000	10352.7   	1900.000000	6686.46   	1900.000000	3715.14   	1900.000000	3466.81   	1900.000000	4785.36
1950.000000	2.32622e+06	1950.000000	2.27439e+06	1950.000000	2.30958e+06	1950.000000	2.31957e+06	1950.000000	10578     	1950.000000	6898.45   	1950.000000	3801.86   	1950.000000	3556.4    	1950.000000	4913.78
2000.000000	2.39812e+06	2000.000000	2.34496e+06	2000.000000	2.38183e+06	2000.000000	2.39214e+06	2000.000000	10800     	2000.000000	7111.23   	2000.000000	3887.51   	2000.000000	3645.18   	2000.000000	5041.16
2100.000000	2.54155e+06	2100.000000	2.48597e+06	2100.000000	2.52648e+06	2100.000000	2.53745e+06	2100.000000	11234.9   	2100.000000	7539.12   	2100.000000	4055.71   	2100.000000	3820.33   	2100.000000	5292.83
2200.000000	2.68439e+06	2200.000000	2.62674e+06	2200.000000	2.67129e+06	2200.000000	2.68291e+06	2200.000000	11658     	2200.000000	7970.05   	2200.000000	4219.93   	2200.000000	3992.34   	2200.000000	5540.42
2300.000000	2.82653e+06	2300.000000	2.76718e+06	2300.000000	2.8162e+06	2300.000000	2.82846e+06	2300.000000	12069.9   	2300.000000	8403.89   	2300.000000	4380.32   	2300.000000	4161.27   	2300.000000	5784
2400.000000	2.96789e+06	2400.000000	2.90721e+06	2400.000000	2.96115e+06	2400.000000	2.97406e+06	2400.000000	12471.2   	2400.000000	8840.55   	2400.000000	4537.08   	2400.000000	4327.2    	2400.000000	6023.64
2500.000000	3.10836e+06	2500.000000	3.04678e+06	2500.000000	3.1061e+06	2500.000000	3.11966e+06	2500.000000	12862.5   	2500.000000	9279.94   	2500.000000	4690.35   	2500.000000	4490.22   	2500.000000	6259.43
2600.000000	3.2479e+06	2600.000000	3.18582e+06	2600.000000	3.25102e+06	2600.000000	3.26522e+06	2600.000000	13244.3   	2600.000000	9722.01   	2600.000000	4840.31   	2600.000000	4650.42   	2600.000000	6491.48
2700.000000	3.38645e+06	2700.000000	3.32429e+06	2700.000000	3.39587e+06	2700.000000	3.41072e+06	2700.000000	13617     	2700.000000	10166.7   	2700.000000	4987.09   	2700.000000	4807.87   	2700.000000	6719.88
2800.000000	3.52395e+06	2800.000000	3.46215e+06	2800.000000	3.54063e+06	2800.000000	3.55612e+06	2800.000000	13981.2   	2800.000000	10614     	2800.000000	5130.84   	2800.000000	4962.67   	2800.000000	6944.72
2900.000000	3.66036e+06	2900.000000	3.59936e+06	2900.000000	3.68528e+06	2900.000000	3.7014e+06	2900.000000	14337.2   	2900.000000	11063.8   	2900.000000	5271.7    	2900.000000	5114.9    	2900.000000	7166.11
3000.000000	3.79565e+06	3000.000000	3.7359e+06	3000.000000	3.8298e+06	3000.000000	3.84655e+06	3000.000000	14685.4   	3000.000000	11516.2   	3000.000000	5409.79   	3000.000000	5264.64   	3000.000000	7384.14
3200.000000	4.06276e+06	3200.000000	4.00687e+06	3200.000000	4.11838e+06	3200.000000	4.13639e+06	3200.000000	15360.1   	3200.000000	12428.6   	3200.000000	5678.13   	3200.000000	5556.95   	3200.000000	7810.51
3400.000000	4.32512e+06	3400.000000	4.27489e+06	3400.000000	4.40628e+06	3400.000000	4.42553e+06	3400.000000	16007.8   	3400.000000	13351.1   	3400.000000	5936.74   	3400.000000	5840.21   	3400.000000	8224.59
3600.000000	4.58262e+06	3600.000000	4.53987e+06	3600.000000	4.69343e+06	3600.000000	4.71389e+06	3600.000000	16631     	3600.000000	14283.7   	3600.000000	6186.41   	3600.000000	6114.99   	3600.000000	8627.07
3800.000000	4.83521e+06	3800.000000	4.80173e+06	3800.000000	4.97976e+06	3800.000000	5.00145e+06	3800.000000	17231.5   	3800.000000	15226.3   	3800.000000	6427.84   	3800.000000	6381.81   	3800.000000	9018.64
4000.000000	5.08289e+06	4000.000000	5.06044e+06	4000.000000	5.26527e+06	4000.000000	5.28816e+06	4000.000000	17811.3   	4000.000000	16179.1   	4000.000000	6661.67   	4000.000000	6641.16   	4000.000000	9399.92
4200.000000	5.32566e+06	4200.000000	5.31597e+06	4200.000000	5.54991e+06	4200.000000	5.57401e+06	4200.000000	18372     	4200.000000	17141.7   	4200.000000	6888.47   	4200.000000	6893.49   	4200.000000	9771.5
4400.000000	5.56357e+06	4400.000000	5.56833e+06	4400.000000	5.8337e+06	4400.000000	5.85899e+06	4400.000000	18914.9   	4400.000000	18114.2   	4400.000000	7108.74   	4400.000000	7139.23   	4400.000000	10133.9
4600.000000	5.79667e+06	4600.000000	5.81753e+06	4600.000000	6.11662e+06	4600.000000	6.1431e+06	4600.000000	19441.4   	4600.000000	19096.4   	4600.000000	7322.95   	4600.000000	7378.75   	4600.000000	10487.7
4800.000000	6.02505e+06	4800.000000	6.06359e+06	4800.000000	6.39867e+06	4800.000000	6.42634e+06	4800.000000	19952.6   	4800.000000	20088.2   	4800.000000	7531.52   	4800.000000	7612.43   	4800.000000	10833.3
5000.000000	6.24877e+06	5000.000000	6.30655e+06	5000.000000	6.67988e+06	5000.000000	6.70872e+06	5000.000000	20449.6   	5000.000000	21089.4   	5000.000000	7734.83   	5000.000000	7840.58   	5000.000000	11171.3
5250.000000	6.52203e+06	5250.000000	6.60594e+06	5250.000000	7.0302e+06	5250.000000	7.0605e+06	5250.000000	21052.3   	5250.000000	22354     	5250.000000	7982.1    	5250.000000	8118.48   	5250.000000	11583.4
5500.000000	6.78836e+06	5500.000000	6.90063e+06	5500.000000	7.37923e+06	5500.000000	7.41098e+06	5500.000000	21635.7   	5500.000000	23632.9   	5500.000000	8222.31   	5500.000000	8388.78   	5500.000000	11984.9
6000.000000	7.30099e+06	6000.000000	7.47628e+06	6000.000000	8.07354e+06	6000.000000	8.10815e+06	6000.000000	22750.8   	6000.000000	26232.5   	6000.000000	8683.65   	6000.000000	8908.56   	6000.000000	12758.5
6500.000000	7.78825e+06	6500.000000	8.0343e+06	6500.000000	8.76304e+06	6500.000000	8.80046e+06	6500.000000	23804.6   	6500.000000	28886.6   	6500.000000	9122.59   	6500.000000	9403.44   	6500.000000	13496.8
7000.000000	8.25174e+06	7000.000000	8.57552e+06	7000.000000	9.44798e+06	7000.000000	9.48818e+06	7000.000000	24805     	7000.000000	31593.9   	7000.000000	9542.16   	7000.000000	9876.34   	7000.000000	14203.8
7500.000000	8.69297e+06	7500.000000	9.10077e+06	7500.000000	1.01286e+07	7500.000000	1.01715e+07	7500.000000	25758.4   	7500.000000	34352.8   	7500.000000	9944.88   	7500.000000	10329.8   	7500.000000	14883
8000.000000	9.11338e+06	8000.000000	9.61086e+06	8000.000000	1.08052e+07	8000.000000	1.08508e+07	8000.000000	26670.1   	8000.000000	37162.6   	8000.000000	10332.8   	8000.000000	10765.8   	8000.000000	15537.4
8500.000000	9.51435e+06	8500.000000	1.01066e+07	8500.000000	1.14779e+07	8500.000000	1.15262e+07	8500.000000	27544.5   	8500.000000	40021.7   	8500.000000	10707.7   	8500.000000	11186.2   	8500.000000	16169.3
9000.000000	9.89714e+06	9000.000000	1.05886e+07	9000.000000	1.2147e+07	9000.000000	1.21979e+07	9000.000000	28385.5   	9000.000000	42927.3   	9000.000000	11071.1   	9000.000000	11592.7   	9000.000000	16781.1
9500.000000	1.02629e+07	9500.000000	1.10577e+07	9500.000000	1.28127e+07	9500.000000	1.28662e+07	9500.000000	29196.1   	9500.000000	45877.9   	9500.000000	11424.2   	9500.000000	11986.5   	9500.000000	17374.5
10000.000000	1.06127e+07	10000.000000	1.15145e+07	10000.000000	1.34752e+07	10000.000000	1.35311e+07	10000.000000	29979.2   	10000.000000	48874.1   	10000.000000	11768.1   	10000.000000	12368.8   	10000.000000	17951.4
11000.000000	1.12686e+07	11000.000000	1.23936e+07	11000.000000	1.47909e+07	11000.000000	1.48518e+07	11000.000000	31471.6   	11000.000000	55002.2   	11000.000000	12432     	11000.000000	13103.1   	11000.000000	19060.8
12000.000000	1.18718e+07	12000.000000	1.32303e+07	12000.000000	1.60954e+07	12000.000000	1.61612e+07	12000.000000	32878.1   	12000.000000	61301.6   	12000.000000	13068.8   	12000.000000	13802.3   	12000.000000	20119.2
13000.000000	1.24284e+07	13000.000000	1.40284e+07	13000.000000	1.73897e+07	13000.000000	1.74603e+07	13000.000000	34210.8   	13000.000000	67764.9   	13000.000000	13683.2   	13000.000000	14471.8   	13000.000000	21134.1
14000.000000	1.29436e+07	14000.000000	1.47914e+07	14000.000000	1.86746e+07	14000.000000	1.87499e+07	14000.000000	35479.6   	14000.000000	74391.7   	14000.000000	14278.9   	14000.000000	15116.1   	14000.000000	22112
15000.000000	1.3422e+07	15000.000000	1.55223e+07	15000.000000	1.9951e+07	15000.000000	2.00309e+07	15000.000000	36692.2   	15000.000000	81182     	15000.000000	14858.8   	15000.000000	15738.7   	15000.000000	23057.9
16000.000000	1.38673e+07	16000.000000	1.62236e+07	16000.000000	2.12195e+07	16000.000000	2.13039e+07	16000.000000	37855.1   	16000.000000	88129.8   	16000.000000	15425.1   	16000.000000	16342.5   	16000.000000	23976
17000.000000	1.42828e+07	17000.000000	1.68978e+07	17000.000000	2.24808e+07	17000.000000	2.25695e+07	17000.000000	38973.4   	17000.000000	95225.3   	17000.000000	15979.7   	17000.000000	16929.7   	17000.000000	24869.7
18000.000000	1.46715e+07	18000.000000	1.75468e+07	18000.000000	2.37352e+07	18000.000000	2.38281e+07	18000.000000	40051.5   	18000.000000	102458    	18000.000000	16523.9   	18000.000000	17502.4   	18000.000000	25741.9
19000.000000	1.50359e+07	19000.000000	1.81725e+07	19000.000000	2.49831e+07	19000.000000	2.50803e+07	19000.000000	41093.2   	19000.000000	109820    	19000.000000	17059.1   	19000.000000	18062.2   	19000.000000	26594.9
20000.000000	1.53782e+07	20000.000000	1.87766e+07	20000.000000	2.62251e+07	20000.000000	2.63265e+07	20000.000000	42101.7   	20000.000000	117303    	20000.000000	17586.1   	20000.000000	18610.4   	20000.000000	27430.9
21000.000000	1.57004e+07	21000.000000	1.93605e+07	21000.000000	2.74614e+07	21000.000000	2.75669e+07	21000.000000	43079.7   	21000.000000	124902    	21000.000000	18105.9   	21000.000000	19148.3   	21000.000000	28251.6
22000.000000	1.60041e+07	22000.000000	1.99256e+07	22000.000000	2.86924e+07	22000.000000	2.8802e+07	22000.000000	44029.8   	22000.000000	132626    	22000.000000	18618.9   	22000.000000	19676.8   	22000.000000	29058.4
23000.000000	1.6291e+07	23000.000000	2.04731e+07	23000.000000	2.99185e+07	23000.000000	3.0032e+07	23000.000000	44954.1   	23000.000000	140474    	23000.000000	19126     	23000.000000	20196.9   	23000.000000	29852.7
24000.000000	1.65623e+07	24000.000000	2.1004e+07	24000.000000	3.11397e+07	24000.000000	3.12572e+07	24000.000000	45854.5   	24000.000000	148437    	24000.000000	19627.3   	24000.000000	20709.2   	24000.000000	30635.6
25000.000000	1.68193e+07	25000.000000	2.15194e+07	25000.000000	3.23565e+07	25000.000000	3.24778e+07	25000.000000	46732.7   	25000.000000	156516    	25000.000000	20123.4   	25000.000000	21214.3   	25000.000000	31407.9
26000.000000	1.70632e+07	26000.000000	2.20201e+07	26000.000000	3.3569e+07	26000.000000	3.36941e+07	26000.000000	47590.1   	26000.000000	164713    	26000.000000	20614.5   	26000.000000	21712.9   	26000.000000	32170.6
27000.000000	1.72948e+07	27000.000000	2.25071e+07	27000.000000	3.47774e+07	27000.000000	3.49062e+07	27000.000000	48428.1   	27000.000000	173022    	27000.000000	21101     	27000.000000	22205.4   	27000.000000	32924.4
28000.000000	1.75151e+07	28000.000000	2.2981e+07	28000.000000	3.59819e+07	28000.000000	3.61144e+07	28000.000000	49247.9   	28000.000000	181439    	28000.000000	21583.1   	28000.000000	22692.2   	28000.000000	33669.8
29000.000000	1.77248e+07	29000.000000	2.34426e+07	29000.000000	3.71828e+07	29000.000000	3.73189e+07	29000.000000	50050.6   	29000.000000	189960    	29000.000000	22060.9   	29000.000000	23173.7   	29000.000000	34407.6
30000.000000	1.79248e+07	30000.000000	2.38924e+07	30000.000000	3.838e+07 	30000.000000	3.85196e+07	30000.000000	50837.2   	30000.000000	198586    	30000.000000	22534.7   	30000.000000	23650.2   	30000.000000	35138
32000.000000	1.82979e+07	32000.000000	2.47594e+07	32000.000000	4.07645e+07	32000.000000	4.09109e+07	32000.000000	52365.6   	32000.000000	216143    	32000.000000	23470.6   	32000.000000	24589.3   	32000.000000	36578.7
34000.000000	1.86391e+07	34000.000000	2.55862e+07	34000.000000	4.31365e+07	34000.000000	4.32894e+07	34000.000000	53839.2   	34000.000000	234094    	34000.000000	24391.7   	34000.000000	25511.3   	34000.000000	37994.9
36000.000000	1.89522e+07	36000.000000	2.63764e+07	36000.000000	4.54968e+07	36000.000000	4.5656e+07	36000.000000	55263.4   	36000.000000	252418    	36000.000000	25298.7   	36000.000000	26417.8   	36000.000000	39388.6
38000.000000	1.92404e+07	38000.000000	2.71332e+07	38000.000000	4.78463e+07	38000.000000	4.80114e+07	38000.000000	56642.7   	38000.000000	271101    	38000.000000	26192     	38000.000000	27309.7   	38000.000000	40761.6
40000.000000	1.95067e+07	40000.000000	2.78594e+07	40000.000000	5.01857e+07	40000.000000	5.03565e+07	40000.000000	57981     	40000.000000	290132    	40000.000000	27072     	40000.000000	28187.9   	40000.000000	42115.3
42000.000000	1.97532e+07	42000.000000	2.85575e+07	42000.000000	5.25157e+07	42000.000000	5.26918e+07	42000.000000	59281.5   	42000.000000	309499    	42000.000000	27939.1   	42000.000000	29053.3   	42000.000000	43450.7
44000.000000	1.99821e+07	44000.000000	2.92296e+07	44000.000000	5.48367e+07	44000.000000	5.50179e+07	44000.000000	60547.3   	44000.000000	329189    	44000.000000	28793.7   	44000.000000	29906.5   	44000.000000	44768.9
46000.000000	2.01952e+07	46000.000000	2.98776e+07	46000.000000	5.71493e+07	46000.000000	5.73354e+07	46000.000000	61780.8   	46000.000000	349191    	46000.000000	29636.1   	46000.000000	30748     	46000.000000	46070.7
48000.000000	2.0394e+07	48000.000000	3.05033e+07	48000.000000	5.9454e+07	48000.000000	5.96447e+07	48000.000000	62984.4   	48000.000000	369496    	48000.000000	30466.7   	48000.000000	31578.3   	48000.000000	47356.7
50000.000000	2.05798e+07	50000.000000	3.11081e+07	50000.000000	6.1751e+07	50000.000000	6.19462e+07	50000.000000	64159.9   	50000.000000	390093    	50000.000000	31285.6   	50000.000000	32397.8   	50000.000000	48627.5
