*Energy (MeV/u)1	0 - [He-base] F.Hubert et al, AD&ND Tables 46(1990)1	Energy (MeV/u)2	1 - [H -base] J.F.Ziegler et al, Pergamon Press, NY (low energy)	Energy (MeV/u)3	2 - ATIMA 1.2  LS-theory (recommended for high energy)	Energy (MeV/u)4	3 - ATIMA 1.2  without LS-correction	Energy (MeV/u)5	4 - Range straggling - method [0] - LISE	Energy (MeV/u)6	5 - Range straggling - method [1] - Atima	Energy (MeV/u)7	6 - Lateral range - method [0] - LISE	Energy (MeV/u)8	7 - Lateral range - method [1] - Atima	Energy (MeV/u)9	8 - Lateral range - method [2] - PDG	
0.001000	0.161205  	0.001000	0.161205  	0.001000	0.131498  	0.001000	0.131498  	0.001000	0         	0.001000	0         	0.001000	0.000550266	0.001000	0.000838144	0.001000	0.000431625
0.002000	0.328574  	0.002000	0.322409  	0.002000	0.262996  	0.002000	0.262996  	0.002000	0.0218127 	0.002000	0.0218127 	0.002000	0.00161165	0.002000	0.00237177	0.002000	0.00130611
0.005000	0.669383  	0.005000	0.650665  	0.005000	0.518266  	0.005000	0.518266  	0.005000	0.0240702 	0.005000	0.0240702 	0.005000	0.00430096	0.005000	0.00622766	0.005000	0.00353519
0.008000	0.9072    	0.008000	0.879723  	0.008000	0.692171  	0.008000	0.692171  	0.008000	0.0241042 	0.008000	0.0241042 	0.008000	0.00647312	0.008000	0.00929726	0.008000	0.00535669
0.010000	1.03821   	0.010000	1.00591   	0.010000	0.787293  	0.010000	0.787293  	0.010000	0.0242008 	0.010000	0.0242008 	0.010000	0.00779625	0.010000	0.0111557 	0.010000	0.00647145
0.015000	1.30087   	0.015000	1.2589    	0.015000	0.984968  	0.015000	0.984968  	0.015000	0.024601  	0.015000	0.024601  	0.015000	0.010918  	0.015000	0.0155171 	0.015000	0.00911236
0.020000	1.5043    	0.020000	1.45483   	0.020000	1.14796   	0.020000	1.14796   	0.020000	0.0250652 	0.020000	0.0250652 	0.020000	0.0139072 	0.020000	0.0196703 	0.020000	0.0116515
0.025000	1.67371   	0.025000	1.618     	0.025000	1.2895    	0.025000	1.2895    	0.025000	0.0255166 	0.025000	0.0255166 	0.025000	0.0168569 	0.025000	0.0237517 	0.025000	0.0141649
0.030000	1.82116   	0.030000	1.76002   	0.030000	1.41688   	0.030000	1.41688   	0.030000	0.0259434 	0.030000	0.0259434 	0.030000	0.0198225 	0.030000	0.0278392 	0.030000	0.0166989
0.035000	1.95345   	0.035000	1.88743   	0.035000	1.5347    	0.035000	1.5347    	0.035000	0.026351  	0.035000	0.026351  	0.035000	0.0228345 	0.035000	0.031559  	0.035000	0.0192793
0.040000	2.07478   	0.040000	2.00429   	0.040000	1.64533   	0.040000	1.64533   	0.040000	0.0267408 	0.040000	0.0267408 	0.040000	0.0257598 	0.040000	0.0350007 	0.040000	0.0217902
0.045000	2.18795   	0.045000	2.1133    	0.045000	1.75041   	0.045000	1.75041   	0.045000	0.0271155 	0.045000	0.0271155 	0.045000	0.0283885 	0.045000	0.0380088 	0.045000	0.0240485
0.050000	2.29494   	0.050000	2.21635   	0.050000	1.8511    	0.050000	1.8511    	0.050000	0.0274781 	0.050000	0.0275466 	0.050000	0.0308718 	0.050000	0.0407848 	0.050000	0.0261843
0.055000	2.39717   	0.055000	2.31481   	0.055000	1.94829   	0.055000	1.94829   	0.055000	0.0278311 	0.055000	0.0279937 	0.055000	0.033271  	0.055000	0.0434239 	0.055000	0.0282505
0.060000	2.49571   	0.060000	2.40973   	0.060000	2.04265   	0.060000	2.04265   	0.060000	0.0281769 	0.060000	0.02842   	0.060000	0.0356    	0.060000	0.0459598 	0.060000	0.0302592
0.070000	2.68484   	0.070000	2.59188   	0.070000	2.22491   	0.070000	2.22491   	0.070000	0.0288551 	0.070000	0.0292289 	0.070000	0.040199  	0.070000	0.0509003 	0.070000	0.0342347
0.080000	2.86697   	0.080000	2.76731   	0.080000	2.40108   	0.080000	2.40108   	0.080000	0.0295262 	0.080000	0.0300016 	0.080000	0.0447717 	0.080000	0.0557566 	0.080000	0.0382001
0.090000	3.04508   	0.090000	2.93886   	0.090000	2.57332   	0.090000	2.57332   	0.090000	0.0302006 	0.090000	0.0307567 	0.090000	0.0492126 	0.090000	0.0604284 	0.090000	0.0420648
0.100000	3.22111   	0.100000	3.1084    	0.100000	2.74318   	0.100000	2.74318   	0.100000	0.0308865 	0.100000	0.0315071 	0.100000	0.0533605 	0.100000	0.064751  	0.100000	0.0456869
0.120000	3.57172   	0.120000	3.4461    	0.120000	3.07998   	0.120000	3.07998   	0.120000	0.0323163 	0.120000	0.0330276 	0.120000	0.061251  	0.120000	0.0728916 	0.120000	0.0526075
0.140000	3.92503   	0.140000	3.78639   	0.140000	3.41751   	0.140000	3.41751   	0.140000	0.0338519 	0.140000	0.0346114 	0.140000	0.0685187 	0.140000	0.0803268 	0.140000	0.0590169
0.160000	4.28398   	0.160000	4.13212   	0.160000	3.75928   	0.160000	3.75928   	0.160000	0.0355154 	0.160000	0.0362855 	0.160000	0.0751239 	0.160000	0.0870401 	0.160000	0.0648713
0.180000	4.65      	0.180000	4.48467   	0.180000	4.10734   	0.180000	4.10734   	0.180000	0.0373199 	0.180000	0.0380644 	0.180000	0.0810643 	0.180000	0.0930207 	0.180000	0.0701589
0.200000	5.02382   	0.200000	4.84472   	0.200000	4.46294   	0.200000	4.46294   	0.200000	0.039272  	0.200000	0.039955  	0.200000	0.0862664 	0.200000	0.0982421 	0.200000	0.0748093
0.250000	5.99464   	0.250000	5.77978   	0.250000	5.38909   	0.250000	5.38909   	0.250000	0.044805  	0.250000	0.0451781 	0.250000	0.0995334 	0.250000	0.111456  	0.250000	0.0867203
0.300000	7.01942   	0.300000	6.76681   	0.300000	6.37187   	0.300000	6.37187   	0.300000	0.0512416 	0.300000	0.0510825 	0.300000	0.112039  	0.300000	0.123799  	0.300000	0.0980216
0.350000	8.10005   	0.350000	7.80764   	0.350000	7.41289   	0.350000	7.41289   	0.350000	0.0585243 	0.350000	0.0576142 	0.350000	0.122994  	0.350000	0.134546  	0.350000	0.107985
0.400000	9.23805   	0.400000	8.90372   	0.400000	8.51261   	0.400000	8.51261   	0.400000	0.0665977 	0.400000	0.0647217 	0.400000	0.133965  	0.400000	0.145244  	0.400000	0.118006
0.450000	10.4346   	0.450000	10.0562   	0.450000	9.6711    	0.450000	9.6711    	0.450000	0.075417  	0.450000	0.0723627 	0.450000	0.144389  	0.450000	0.15535   	0.450000	0.127568
0.500000	11.6906   	0.500000	11.266    	0.500000	10.8882   	0.500000	10.8882   	0.500000	0.0849473 	0.500000	0.0805039 	0.500000	0.154558  	0.500000	0.165198  	0.500000	0.136934
0.600000	14.3826   	0.600000	13.8588   	0.600000	13.4975   	0.600000	13.4975   	0.600000	0.106036  	0.600000	0.0981823 	0.600000	0.173788  	0.600000	0.183765  	0.600000	0.15474
0.700000	17.3151   	0.700000	16.6833   	0.700000	16.3376   	0.700000	16.3376   	0.700000	0.129695  	0.700000	0.117584  	0.700000	0.192172  	0.700000	0.20148   	0.700000	0.171863
0.800000	20.4862   	0.800000	19.7376   	0.800000	19.4046   	0.800000	19.4046   	0.800000	0.155794  	0.800000	0.138573  	0.800000	0.210171  	0.800000	0.218808  	0.800000	0.188709
0.900000	23.8927   	0.900000	23.0186   	0.900000	22.6942   	0.900000	22.6942   	0.900000	0.184231  	0.900000	0.161039  	0.900000	0.227743  	0.900000	0.235772  	0.900000	0.205229
1.000000	27.5305   	1.000000	26.5225   	1.000000	26.2021   	1.000000	26.2021   	1.000000	0.214917  	1.000000	0.184895  	1.000000	0.243972  	1.000000	0.252781  	1.000000	0.221842
1.250000	37.6112   	1.250000	36.2319   	1.250000	35.9003   	1.250000	35.9003   	1.250000	0.301036  	1.250000	0.250916  	1.250000	0.284316  	1.250000	0.295669  	1.250000	0.263699
1.500000	49.0555   	1.500000	47.2545   	1.500000	46.8821   	1.500000	46.8821   	1.500000	0.399999  	1.500000	0.328844  	1.500000	0.326339  	1.500000	0.340373  	1.500000	0.30727
1.750000	61.8161   	1.750000	59.5452   	1.750000	59.1046   	1.750000	59.1046   	1.750000	0.511315  	1.750000	0.416676  	1.750000	0.366276  	1.750000	0.387654  	1.750000	0.33748
2.000000	75.8555   	2.000000	73.0675   	2.000000	72.5341   	2.000000	72.5341   	2.000000	0.634667  	2.000000	0.512811  	2.000000	0.395236  	2.000000	0.437887  	2.000000	0.365882
2.250000	91.1427   	2.250000	87.7916   	2.250000	87.1435   	2.250000	87.1435   	2.250000	0.76983   	2.250000	0.616387  	2.250000	0.43197   	2.250000	0.489789  	2.250000	0.401606
2.500000	107.655   	2.500000	103.692   	2.500000	102.91    	2.500000	102.91    	2.500000	0.916623  	2.500000	0.726913  	2.500000	0.475782  	2.500000	0.531866  	2.500000	0.444005
3.000000	143.432   	3.000000	138.935   	3.000000	137.834   	3.000000	137.834   	3.000000	1.24446   	3.000000	0.967592  	3.000000	0.582161  	3.000000	0.634848  	3.000000	0.546536
3.500000	183.622   	3.500000	178.641   	3.500000	177.166   	3.500000	177.166   	3.500000	1.61697   	3.500000	1.2329    	3.500000	0.71032   	3.500000	0.75919   	3.500000	0.669726
4.000000	228.112   	4.000000	222.675   	4.000000	220.784   	4.000000	220.784   	4.000000	2.03304   	4.000000	1.52143   	4.000000	0.857493  	4.000000	0.901641  	4.000000	0.811026
4.500000	276.809   	4.500000	270.922   	4.500000	268.58    	4.500000	268.58    	4.500000	2.49158   	4.500000	1.83215   	4.500000	1.02186   	4.500000	1.06003   	4.500000	0.968765
5.000000	329.629   	5.000000	323.276   	5.000000	320.459   	5.000000	320.459   	5.000000	2.99162   	5.000000	2.1642    	5.000000	1.20217   	5.000000	1.23285   	5.000000	1.14179
5.500000	386.502   	5.500000	379.643   	5.500000	376.333   	5.500000	376.333   	5.500000	3.53222   	5.500000	2.51682   	5.500000	1.39754   	5.500000	1.41905   	5.500000	1.3293
6.000000	447.363   	6.000000	439.939   	6.000000	436.123   	6.000000	436.123   	6.000000	4.11257   	6.000000	2.88935   	6.000000	1.60731   	6.000000	1.61783   	6.000000	1.53067
6.500000	512.154   	6.500000	504.087   	6.500000	499.759   	6.500000	499.759   	6.500000	4.7319    	6.500000	3.28123   	6.500000	1.83099   	6.500000	1.82861   	6.500000	1.74545
7.000000	580.824   	7.000000	572.017   	7.000000	567.177   	7.000000	567.177   	7.000000	5.38953   	7.000000	3.69194   	7.000000	2.06816   	7.000000	2.05089   	7.000000	1.97323
7.500000	653.322   	7.500000	643.667   	7.500000	638.315   	7.500000	638.315   	7.500000	6.08484   	7.500000	4.12102   	7.500000	2.31847   	7.500000	2.28429   	7.500000	2.2137
8.000000	729.605   	8.000000	718.977   	8.000000	713.122   	8.000000	713.122   	8.000000	6.81728   	8.000000	4.5681    	8.000000	2.58164   	8.000000	2.52847   	8.000000	2.4666
8.500000	809.631   	8.500000	797.896   	8.500000	791.546   	8.500000	791.546   	8.500000	7.58633   	8.500000	5.03284   	8.500000	2.85742   	8.500000	2.78316   	8.500000	2.73168
9.000000	893.359   	9.000000	880.373   	9.000000	873.541   	9.000000	873.541   	9.000000	8.39152   	9.000000	5.5149    	9.000000	3.1456    	9.000000	3.04811   	9.000000	3.00875
9.500000	980.755   	9.500000	966.363   	9.500000	959.066   	9.500000	959.066   	9.500000	9.23243   	9.500000	6.01394   	9.500000	3.44599   	9.500000	3.3231    	9.500000	3.29762
10.000000	1071.78   	10.000000	1055.81   	10.000000	1048.08   	10.000000	1048.08   	10.000000	10.1087   	10.000000	6.52958   	10.000000	3.7584    	10.000000	3.60795   	10.000000	3.59813
11.000000	1264.6    	11.000000	1244.19   	11.000000	1236.59   	11.000000	1236.59   	11.000000	11.9702   	11.000000	7.61237   	11.000000	4.41956   	11.000000	4.20727   	11.000000	4.2343
12.000000	1471.57   	12.000000	1446.12   	12.000000	1439.02   	12.000000	1439      	12.000000	13.9787   	12.000000	8.765     	12.000000	5.12918   	12.000000	4.8459    	12.000000	4.91739
13.000000	1692.47   	13.000000	1661.45   	13.000000	1655.19   	13.000000	1655.14   	13.000000	16.1324   	13.000000	9.98628   	13.000000	5.88685   	13.000000	5.52328   	13.000000	5.64701
14.000000	1927.09   	14.000000	1890.04   	14.000000	1884.95   	14.000000	1884.86   	14.000000	18.4302   	14.000000	11.2747   	14.000000	6.69217   	14.000000	6.23889   	14.000000	6.4228
15.000000	2175.24   	15.000000	2131.75   	15.000000	2128.16   	15.000000	2128.04   	15.000000	20.8712   	15.000000	12.6294   	15.000000	7.54484   	15.000000	6.99231   	15.000000	7.24448
16.000000	2436.75   	16.000000	2386.45   	16.000000	2384.72   	16.000000	2384.56   	16.000000	23.4549   	16.000000	14.0503   	16.000000	8.44462   	16.000000	7.78319   	16.000000	8.11184
17.000000	2711.44   	17.000000	2654.02   	17.000000	2654.53   	17.000000	2654.33   	17.000000	26.1809   	17.000000	15.5375   	17.000000	9.39129   	17.000000	8.61121   	17.000000	9.02471
18.000000	2999.15   	18.000000	2934.33   	18.000000	2937.51   	18.000000	2937.27   	18.000000	29.0487   	18.000000	17.0905   	18.000000	10.3847   	18.000000	9.47611   	18.000000	9.98293
19.000000	3299.74   	19.000000	3227.26   	19.000000	3233.56   	19.000000	3233.29   	19.000000	32.0582   	19.000000	18.7084   	19.000000	11.4246   	19.000000	10.3777   	19.000000	10.9864
20.000000	3613.07   	20.000000	3532.72   	20.000000	3542.64   	20.000000	3542.34   	20.000000	35.2093   	20.000000	20.391    	20.000000	12.5111   	20.000000	11.3157   	20.000000	12.035
21.000000	3939      	21.000000	3850.58   	21.000000	3864.68   	21.000000	3864.36   	21.000000	38.5023   	21.000000	22.1383   	21.000000	13.644    	21.000000	12.2901   	21.000000	13.1289
22.000000	4277.4    	22.000000	4180.75   	22.000000	4199.63   	22.000000	4199.28   	22.000000	41.937    	22.000000	23.9502   	22.000000	14.8234   	22.000000	13.3007   	22.000000	14.2679
23.000000	4628.14   	23.000000	4523.12   	23.000000	4547.44   	23.000000	4547.06   	23.000000	45.5131   	23.000000	25.8263   	23.000000	16.049    	23.000000	14.3473   	23.000000	15.452
24.000000	4991.12   	24.000000	4877.6    	24.000000	4908.03   	24.000000	4907.66   	24.000000	49.2304   	24.000000	27.7665   	24.000000	17.3209   	24.000000	15.4298   	24.000000	16.6811
25.000000	5366.21   	25.000000	5244.09   	25.000000	5281.38   	25.000000	5281.03   	25.000000	53.0889   	25.000000	29.771    	25.000000	18.6389   	25.000000	16.5482   	25.000000	17.9552
27.000000	6152.3    	27.000000	6012.76   	27.000000	6066.16   	27.000000	6065.94   	27.000000	61.2296   	27.000000	33.9703   	27.000000	21.4135   	27.000000	18.8919   	27.000000	20.6386
29.000000	6985.58   	29.000000	6828.41   	29.000000	6901.47   	29.000000	6901.5    	29.000000	69.9351   	29.000000	38.4215   	29.000000	24.3726   	29.000000	21.3778   	29.000000	23.5021
31.000000	7865.27   	31.000000	7690.38   	31.000000	7786.62   	31.000000	7786.95   	31.000000	79.193    	31.000000	43.1208   	31.000000	27.5138   	31.000000	24.0035   	31.000000	26.5438
33.000000	8790.64   	33.000000	8598.03   	33.000000	8718.26   	33.000000	8718.99   	33.000000	88.9119   	33.000000	48.019    	33.000000	30.8205   	33.000000	26.7556   	33.000000	29.7478
35.000000	9761.01   	35.000000	9550.74   	35.000000	9695.28   	35.000000	9696.5    	35.000000	99.0764   	35.000000	53.1088   	35.000000	34.2864   	35.000000	29.6289   	35.000000	33.1084
38.000000	11299.5   	38.000000	11063     	38.000000	11244.7   	38.000000	11246.7   	38.000000	115.155   	38.000000	61.1043   	38.000000	39.7763   	38.000000	34.159    	38.000000	38.436
41.000000	12935.6   	41.000000	12673.6   	41.000000	12892.7   	41.000000	12895.9   	41.000000	132.215   	41.000000	69.5176   	41.000000	45.6054   	41.000000	38.945    	41.000000	44.0987
44.000000	14667.6   	44.000000	14380.5   	44.000000	14638     	44.000000	14642.2   	44.000000	150.247   	44.000000	78.3489   	44.000000	51.7662   	44.000000	43.9803   	44.000000	50.09
47.000000	16493.4   	47.000000	16182.2   	47.000000	16478.5   	47.000000	16483.9   	47.000000	169.232   	47.000000	87.5934   	47.000000	58.2506   	47.000000	49.2581   	47.000000	56.4028
50.000000	18411.5   	50.000000	18077     	50.000000	18412.5   	50.000000	18419.5   	50.000000	189.147   	50.000000	97.2349   	50.000000	65.0507   	50.000000	54.7722   	50.000000	63.0304
55.000000	21809     	55.000000	21437.7   	55.000000	21839.7   	55.000000	21849.6   	55.000000	224.368   	55.000000	114.166   	55.000000	77.0702   	55.000000	64.4744   	55.000000	74.7624
60.000000	25451.4   	60.000000	25046.1   	60.000000	25515.9   	60.000000	25529.1   	60.000000	262.048   	60.000000	132.137   	60.000000	89.9212   	60.000000	74.7966   	60.000000	87.3302
65.000000	29332.2   	65.000000	28895.7   	65.000000	29435     	65.000000	29451.8   	65.000000	302.118   	65.000000	151.135   	65.000000	103.58    	65.000000	85.7204   	65.000000	100.714
70.000000	33445.6   	70.000000	32980.4   	70.000000	33590.6   	70.000000	33611.8   	70.000000	344.485   	70.000000	171.105   	70.000000	118.018   	70.000000	97.2248   	70.000000	114.889
75.000000	37786.1   	75.000000	37294.8   	75.000000	37977.8   	75.000000	38003.6   	75.000000	389.092   	75.000000	192.038   	75.000000	133.216   	75.000000	109.294   	75.000000	129.839
80.000000	42348.5   	80.000000	41833.2   	80.000000	42590.9   	80.000000	42621.7   	80.000000	435.854   	80.000000	213.883   	80.000000	149.148   	80.000000	121.912   	80.000000	145.544
85.000000	47127.9   	85.000000	46590.5   	85.000000	47424.7   	85.000000	47461.3   	85.000000	484.7     	85.000000	236.615   	85.000000	165.793   	85.000000	135.06    	85.000000	161.985
90.000000	52119.8   	90.000000	51562     	90.000000	52475.1   	90.000000	52517.5   	90.000000	535.58    	90.000000	260.217   	90.000000	183.133   	90.000000	148.728   	90.000000	179.147
95.000000	57319.8   	95.000000	56742.7   	95.000000	57736.9   	95.000000	57785.7   	95.000000	588.412   	95.000000	284.659   	95.000000	201.144   	95.000000	162.898   	95.000000	197.011
100.000000	62724     	100.000000	62128.3   	100.000000	63205.8   	100.000000	63261.7   	100.000000	643.135   	100.000000	309.918   	100.000000	219.808   	100.000000	177.557   	100.000000	215.56
105.000000	68328.3   	105.000000	67714.3   	105.000000	68877.9   	105.000000	68941.1   	105.000000	699.705   	105.000000	335.984   	105.000000	239.108   	105.000000	192.693   	105.000000	234.781
110.000000	74129.1   	110.000000	73496.6   	110.000000	74749.2   	110.000000	74819.9   	110.000000	758.062   	110.000000	362.821   	110.000000	259.027   	110.000000	208.295   	110.000000	254.66
115.000000	80122.8   	115.000000	79471.2   	115.000000	80815.7   	115.000000	80894.1   	115.000000	818.144   	115.000000	390.401   	115.000000	279.546   	115.000000	224.35    	115.000000	275.18
120.000000	86306     	120.000000	85634.2   	120.000000	87072.9   	120.000000	87160.1   	120.000000	879.884   	120.000000	418.715   	120.000000	300.645   	120.000000	240.844   	120.000000	296.325
125.000000	92675.6   	125.000000	91981.8   	125.000000	93517.9   	125.000000	93614.1   	125.000000	943.246   	125.000000	447.734   	125.000000	322.312   	125.000000	257.769   	125.000000	318.084
130.000000	99228.2   	130.000000	98510.4   	130.000000	100147    	130.000000	100253    	130.000000	1008.19   	130.000000	477.46    	130.000000	344.531   	130.000000	275.114   	130.000000	340.444
135.000000	105961    	135.000000	105217    	135.000000	106957    	135.000000	107072    	135.000000	1074.64   	135.000000	507.868   	135.000000	367.286   	135.000000	292.868   	135.000000	363.392
140.000000	112871    	140.000000	112097    	140.000000	113944    	140.000000	114070    	140.000000	1142.56   	140.000000	538.919   	140.000000	390.559   	140.000000	311.019   	140.000000	386.911
145.000000	119956    	145.000000	119148    	145.000000	121105    	145.000000	121241    	145.000000	1211.91   	145.000000	570.611   	145.000000	414.34    	145.000000	329.56    	145.000000	410.993
150.000000	127213    	150.000000	126367    	150.000000	128437    	150.000000	128585    	150.000000	1282.66   	150.000000	602.93    	150.000000	438.614   	150.000000	348.482   	150.000000	435.627
155.000000	134741    	155.000000	133750    	155.000000	135938    	155.000000	136096    	155.000000	1354.75   	155.000000	635.862   	155.000000	463.369   	155.000000	367.776   	155.000000	460.8
160.000000	142432    	160.000000	141295    	160.000000	143603    	160.000000	143773    	160.000000	1428.15   	160.000000	669.394   	160.000000	488.592   	160.000000	387.434   	160.000000	486.503
165.000000	150280    	165.000000	148999    	165.000000	151430    	165.000000	151612    	165.000000	1502.8    	165.000000	703.504   	165.000000	514.267   	165.000000	407.443   	165.000000	512.72
170.000000	158282    	170.000000	156858    	170.000000	159417    	170.000000	159611    	170.000000	1578.66   	170.000000	738.182   	170.000000	540.381   	170.000000	427.798   	170.000000	539.442
175.000000	166436    	175.000000	164871    	175.000000	167559    	175.000000	167767    	175.000000	1655.71   	175.000000	773.424   	175.000000	566.926   	175.000000	448.49    	175.000000	566.658
180.000000	174739    	180.000000	173034    	180.000000	175856    	180.000000	176077    	180.000000	1733.91   	180.000000	809.203   	180.000000	593.888   	180.000000	469.513   	180.000000	594.361
185.000000	183188    	185.000000	181345    	185.000000	184304    	185.000000	184539    	185.000000	1813.24   	185.000000	845.496   	185.000000	621.259   	185.000000	490.859   	185.000000	622.541
190.000000	191781    	190.000000	189800    	190.000000	192902    	190.000000	193150    	190.000000	1893.64   	190.000000	882.311   	190.000000	649.025   	190.000000	512.521   	190.000000	651.186
195.000000	200515    	195.000000	198399    	195.000000	201645    	195.000000	201907    	195.000000	1975.1    	195.000000	919.644   	195.000000	677.177   	195.000000	534.49    	195.000000	680.288
200.000000	209389    	200.000000	207138    	200.000000	210532    	200.000000	210809    	200.000000	2057.56   	200.000000	957.461   	200.000000	705.701   	200.000000	556.76    	200.000000	709.834
210.000000	227546    	210.000000	225028    	210.000000	228727    	210.000000	229035    	210.000000	2225.36   	210.000000	1034.48   	210.000000	763.828   	210.000000	602.171   	210.000000	770.227
220.000000	246233    	220.000000	243452    	220.000000	247471    	220.000000	247811    	220.000000	2396.88   	220.000000	1113.35   	220.000000	823.336   	220.000000	648.709   	220.000000	832.303
230.000000	265436    	230.000000	262393    	230.000000	266745    	230.000000	267117    	230.000000	2571.87   	230.000000	1194.05   	230.000000	884.152   	230.000000	696.323   	230.000000	895.995
240.000000	285137    	240.000000	281833    	240.000000	286533    	240.000000	286939    	240.000000	2750.1    	240.000000	1276.42   	240.000000	946.203   	240.000000	744.965   	240.000000	961.236
250.000000	305323    	250.000000	301759    	250.000000	306816    	250.000000	307259    	250.000000	2931.34   	250.000000	1360.38   	250.000000	1009.41   	250.000000	794.584   	250.000000	1027.96
260.000000	325978    	260.000000	322153    	260.000000	327582    	260.000000	328062    	260.000000	3115.44   	260.000000	1445.91   	260.000000	1073.73   	260.000000	845.144   	260.000000	1096.11
270.000000	347090    	270.000000	343003    	270.000000	348816    	270.000000	349334    	270.000000	3302.23   	270.000000	1532.95   	270.000000	1139.1    	270.000000	896.605   	270.000000	1165.63
280.000000	368646    	280.000000	364295    	280.000000	370504    	280.000000	371060    	280.000000	3491.52   	280.000000	1621.37   	280.000000	1205.45   	280.000000	948.927   	280.000000	1236.48
290.000000	390633    	290.000000	386014    	290.000000	392631    	290.000000	393227    	290.000000	3683.14   	290.000000	1711.14   	290.000000	1272.74   	290.000000	1002.07   	290.000000	1308.59
300.000000	413039    	300.000000	408149    	300.000000	415183    	300.000000	415821    	300.000000	3876.9    	300.000000	1802.23   	300.000000	1340.9    	300.000000	1055.99   	300.000000	1381.91
310.000000	435853    	310.000000	430687    	310.000000	438149    	310.000000	438831    	310.000000	4072.7    	310.000000	1894.55   	310.000000	1409.89   	310.000000	1110.67   	310.000000	1456.39
320.000000	459064    	320.000000	453617    	320.000000	461517    	320.000000	462243    	320.000000	4270.42   	320.000000	1988.11   	320.000000	1479.67   	320.000000	1166.07   	320.000000	1532
330.000000	482661    	330.000000	476928    	330.000000	485277    	330.000000	486047    	330.000000	4469.91   	330.000000	2082.88   	330.000000	1550.2    	330.000000	1222.16   	330.000000	1608.69
340.000000	506634    	340.000000	500608    	340.000000	509416    	340.000000	510231    	340.000000	4671.05   	340.000000	2178.76   	340.000000	1621.42   	340.000000	1278.91   	340.000000	1686.42
350.000000	530974    	350.000000	524648    	350.000000	533922    	350.000000	534784    	350.000000	4873.7    	350.000000	2275.68   	350.000000	1693.3    	350.000000	1336.28   	350.000000	1765.14
360.000000	555670    	360.000000	549037    	360.000000	558784    	360.000000	559695    	360.000000	5077.72   	360.000000	2373.62   	360.000000	1765.78   	360.000000	1394.26   	360.000000	1844.81
370.000000	580713    	370.000000	573766    	370.000000	583995    	370.000000	584955    	370.000000	5283.04   	370.000000	2472.64   	370.000000	1838.86   	370.000000	1452.81   	370.000000	1925.39
380.000000	606096    	380.000000	598825    	380.000000	609544    	380.000000	610555    	380.000000	5489.59   	380.000000	2572.68   	380.000000	1912.48   	380.000000	1511.91   	380.000000	2006.85
390.000000	631808    	390.000000	624206    	390.000000	635421    	390.000000	636483    	390.000000	5697.25   	390.000000	2673.66   	390.000000	1986.61   	390.000000	1571.53   	390.000000	2089.16
400.000000	657843    	400.000000	649899    	400.000000	661619    	400.000000	662732    	400.000000	5905.94   	400.000000	2775.54   	400.000000	2061.23   	400.000000	1631.67   	400.000000	2172.29
410.000000	684192    	410.000000	675897    	410.000000	688129    	410.000000	689293    	410.000000	6115.58   	410.000000	2878.31   	410.000000	2136.3    	410.000000	1692.28   	410.000000	2256.19
420.000000	710847    	420.000000	702192    	420.000000	714940    	420.000000	716157    	420.000000	6326.05   	420.000000	2981.89   	420.000000	2211.79   	420.000000	1753.35   	420.000000	2340.84
430.000000	737801    	430.000000	728775    	430.000000	742044    	430.000000	743316    	430.000000	6537.26   	430.000000	3086.21   	430.000000	2287.67   	430.000000	1814.86   	430.000000	2426.2
440.000000	765046    	440.000000	755639    	440.000000	769434    	440.000000	770763    	440.000000	6749.15   	440.000000	3191.27   	440.000000	2363.91   	440.000000	1876.78   	440.000000	2512.25
450.000000	792576    	450.000000	782777    	450.000000	797103    	450.000000	798488    	450.000000	6961.68   	450.000000	3297.1    	450.000000	2440.49   	450.000000	1939.1    	450.000000	2598.95
460.000000	820383    	460.000000	810181    	460.000000	825043    	460.000000	826486    	460.000000	7174.79   	460.000000	3403.72   	460.000000	2517.4    	460.000000	2001.8    	460.000000	2686.29
470.000000	848462    	470.000000	837846    	470.000000	853248    	470.000000	854749    	470.000000	7388.39   	470.000000	3511.09   	470.000000	2594.6    	470.000000	2064.87   	470.000000	2774.24
480.000000	876805    	480.000000	865764    	480.000000	881711    	480.000000	883269    	480.000000	7602.45   	480.000000	3619.17   	480.000000	2672.07   	480.000000	2128.28   	480.000000	2862.76
490.000000	905407    	490.000000	893929    	490.000000	910424    	490.000000	912041    	490.000000	7816.9    	490.000000	3727.88   	490.000000	2749.8    	490.000000	2192.02   	490.000000	2951.85
500.000000	934261    	500.000000	922334    	500.000000	939382    	500.000000	941058    	500.000000	8031.68   	500.000000	3837.21   	500.000000	2827.76   	500.000000	2256.08   	500.000000	3041.47
520.000000	992702    	520.000000	979844    	520.000000	998004    	520.000000	999800    	520.000000	8461.99   	520.000000	4057.73   	520.000000	2984.29   	520.000000	2385.07   	520.000000	3222.22
540.000000	1.05208e+06	540.000000	1.03825e+06	540.000000	1.05752e+06	540.000000	1.05945e+06	540.000000	8892.95   	540.000000	4280.69   	540.000000	3141.51   	540.000000	2515.12   	540.000000	3404.81
560.000000	1.11236e+06	560.000000	1.0975e+06	560.000000	1.1179e+06	560.000000	1.11996e+06	560.000000	9324.32   	560.000000	4505.82   	560.000000	3299.31   	560.000000	2646.15   	560.000000	3589.12
580.000000	1.1735e+06	580.000000	1.15756e+06	580.000000	1.1791e+06	580.000000	1.18128e+06	580.000000	9755.79   	580.000000	4732.98   	580.000000	3457.56   	580.000000	2778.05   	580.000000	3775
600.000000	1.23546e+06	600.000000	1.21839e+06	600.000000	1.24107e+06	600.000000	1.24339e+06	600.000000	10187.1   	600.000000	4962.1    	600.000000	3616.16   	600.000000	2910.74   	600.000000	3962.29
620.000000	1.29819e+06	620.000000	1.27995e+06	620.000000	1.30379e+06	620.000000	1.30623e+06	620.000000	10618     	620.000000	5193.08   	620.000000	3775.02   	620.000000	3044.12   	620.000000	4150.89
640.000000	1.36168e+06	640.000000	1.34222e+06	640.000000	1.3672e+06	640.000000	1.36978e+06	640.000000	11048.1   	640.000000	5425.8    	640.000000	3934.01   	640.000000	3178.11   	640.000000	4340.64
660.000000	1.42587e+06	660.000000	1.40515e+06	660.000000	1.43128e+06	660.000000	1.434e+06 	660.000000	11477.3   	660.000000	5660.16   	660.000000	4093.07   	660.000000	3312.64   	660.000000	4531.44
680.000000	1.49075e+06	680.000000	1.46871e+06	680.000000	1.49599e+06	680.000000	1.49885e+06	680.000000	11905.4   	680.000000	5896.11   	680.000000	4252.12   	680.000000	3447.63   	680.000000	4723.18
700.000000	1.55629e+06	700.000000	1.53288e+06	700.000000	1.56131e+06	700.000000	1.56432e+06	700.000000	12332.4   	700.000000	6133.62   	700.000000	4411.09   	700.000000	3583.04   	700.000000	4915.77
720.000000	1.62244e+06	720.000000	1.59764e+06	720.000000	1.62722e+06	720.000000	1.63037e+06	720.000000	12757.9   	720.000000	6372.6    	720.000000	4569.92   	720.000000	3718.79   	720.000000	5109.13
740.000000	1.68919e+06	740.000000	1.66294e+06	740.000000	1.69367e+06	740.000000	1.69697e+06	740.000000	13182     	740.000000	6613      	740.000000	4728.55   	740.000000	3854.83   	740.000000	5303.15
760.000000	1.75651e+06	760.000000	1.72877e+06	760.000000	1.76066e+06	760.000000	1.7641e+06	760.000000	13604.5   	760.000000	6854.79   	760.000000	4886.94   	760.000000	3991.12   	760.000000	5497.76
780.000000	1.82437e+06	780.000000	1.7951e+06	780.000000	1.82815e+06	780.000000	1.83173e+06	780.000000	14025.3   	780.000000	7097.92   	780.000000	5045.03   	780.000000	4127.61   	780.000000	5692.89
800.000000	1.89276e+06	800.000000	1.86192e+06	800.000000	1.89611e+06	800.000000	1.89984e+06	800.000000	14444.2   	800.000000	7342.21   	800.000000	5202.78   	800.000000	4264.23   	800.000000	5888.46
820.000000	1.96164e+06	820.000000	1.92919e+06	820.000000	1.96454e+06	820.000000	1.96842e+06	820.000000	14861.2   	820.000000	7587.53   	820.000000	5360.13   	820.000000	4400.96   	820.000000	6084.39
840.000000	2.03099e+06	840.000000	1.9969e+06	840.000000	2.03339e+06	840.000000	2.03742e+06	840.000000	15276.1   	840.000000	7833.75   	840.000000	5517.02   	840.000000	4537.72   	840.000000	6280.59
860.000000	2.1008e+06	860.000000	2.06503e+06	860.000000	2.10264e+06	860.000000	2.10684e+06	860.000000	15688.6   	860.000000	8080.91   	860.000000	5673.42   	860.000000	4674.47   	860.000000	6476.99
880.000000	2.17104e+06	880.000000	2.13355e+06	880.000000	2.17229e+06	880.000000	2.17664e+06	880.000000	16098.9   	880.000000	8329.08   	880.000000	5829.3    	880.000000	4811.19   	880.000000	6673.53
900.000000	2.2417e+06	900.000000	2.20246e+06	900.000000	2.2423e+06	900.000000	2.24681e+06	900.000000	16506.8   	900.000000	8578.19   	900.000000	5984.63   	900.000000	4947.84   	900.000000	6870.18
920.000000	2.31275e+06	920.000000	2.27174e+06	920.000000	2.31267e+06	920.000000	2.31734e+06	920.000000	16912.5   	920.000000	8828.14   	920.000000	6139.38   	920.000000	5084.4    	920.000000	7066.88
940.000000	2.38417e+06	940.000000	2.34136e+06	940.000000	2.38338e+06	940.000000	2.38821e+06	940.000000	17315.7   	940.000000	9078.83   	940.000000	6293.55   	940.000000	5220.83   	940.000000	7263.59
960.000000	2.45596e+06	960.000000	2.41131e+06	960.000000	2.45441e+06	960.000000	2.4594e+06	960.000000	17716.6   	960.000000	9330.27   	960.000000	6447.1    	960.000000	5357.1    	960.000000	7460.26
980.000000	2.52809e+06	980.000000	2.48158e+06	980.000000	2.52576e+06	980.000000	2.5309e+06	980.000000	18115     	980.000000	9582.5    	980.000000	6600.02   	980.000000	5493.2    	980.000000	7656.85
1000.000000	2.60055e+06	1000.000000	2.55215e+06	1000.000000	2.5974e+06	1000.000000	2.6027e+06	1000.000000	18511     	1000.000000	9835.56   	1000.000000	6752.29   	1000.000000	5629.11   	1000.000000	7853.33
1020.000000	2.67331e+06	1020.000000	2.62301e+06	1020.000000	2.66932e+06	1020.000000	2.67478e+06	1020.000000	18904.6   	1020.000000	10089.5   	1020.000000	6903.9    	1020.000000	5764.79   	1020.000000	8049.67
1040.000000	2.74638e+06	1040.000000	2.69415e+06	1040.000000	2.74151e+06	1040.000000	2.74713e+06	1040.000000	19295.7   	1040.000000	10344.1   	1040.000000	7054.84   	1040.000000	5900.25   	1040.000000	8245.83
1060.000000	2.81972e+06	1060.000000	2.76555e+06	1060.000000	2.81397e+06	1060.000000	2.81975e+06	1060.000000	19684.4   	1060.000000	10599.5   	1060.000000	7205.1    	1060.000000	6035.44   	1060.000000	8441.78
1080.000000	2.89334e+06	1080.000000	2.8372e+06	1080.000000	2.88667e+06	1080.000000	2.89261e+06	1080.000000	20070.7   	1080.000000	10855.5   	1080.000000	7354.67   	1080.000000	6170.37   	1080.000000	8637.5
1100.000000	2.9672e+06	1100.000000	2.90909e+06	1100.000000	2.95961e+06	1100.000000	2.96571e+06	1100.000000	20454.5   	1100.000000	11112.2   	1100.000000	7503.53   	1100.000000	6305.02   	1100.000000	8832.95
1120.000000	3.04132e+06	1120.000000	2.9812e+06	1120.000000	3.03278e+06	1120.000000	3.03903e+06	1120.000000	20835.9   	1120.000000	11369.4   	1120.000000	7651.7    	1120.000000	6439.36   	1120.000000	9028.12
1140.000000	3.11566e+06	1140.000000	3.05353e+06	1140.000000	3.10616e+06	1140.000000	3.11258e+06	1140.000000	21214.8   	1140.000000	11627.2   	1140.000000	7799.14   	1140.000000	6573.39   	1140.000000	9222.97
1160.000000	3.19021e+06	1160.000000	3.12607e+06	1160.000000	3.17975e+06	1160.000000	3.18633e+06	1160.000000	21591.2   	1160.000000	11885.6   	1160.000000	7945.87   	1160.000000	6707.08   	1160.000000	9417.49
1180.000000	3.26498e+06	1180.000000	3.19881e+06	1180.000000	3.25354e+06	1180.000000	3.26029e+06	1180.000000	21965.2   	1180.000000	12144.5   	1180.000000	8091.86   	1180.000000	6840.44   	1180.000000	9611.65
1200.000000	3.33994e+06	1200.000000	3.27173e+06	1200.000000	3.32751e+06	1200.000000	3.33443e+06	1200.000000	22336.8   	1200.000000	12404     	1200.000000	8237.14   	1200.000000	6973.45   	1200.000000	9805.44
1220.000000	3.41508e+06	1220.000000	3.34483e+06	1220.000000	3.40167e+06	1220.000000	3.40876e+06	1220.000000	22705.9   	1220.000000	12664.1   	1220.000000	8381.68   	1220.000000	7106.1    	1220.000000	9998.84
1240.000000	3.4904e+06	1240.000000	3.4181e+06	1240.000000	3.476e+06 	1240.000000	3.48326e+06	1240.000000	23072.7   	1240.000000	12924.8   	1240.000000	8525.49   	1240.000000	7238.39   	1240.000000	10191.8
1260.000000	3.56589e+06	1260.000000	3.49152e+06	1260.000000	3.5505e+06	1260.000000	3.55792e+06	1260.000000	23437.1   	1260.000000	13185.9   	1260.000000	8668.58   	1260.000000	7370.3    	1260.000000	10384.4
1280.000000	3.64152e+06	1280.000000	3.5651e+06	1280.000000	3.62516e+06	1280.000000	3.63275e+06	1280.000000	23799.2   	1280.000000	13447.7   	1280.000000	8810.94   	1280.000000	7501.84   	1280.000000	10576.6
1300.000000	3.71731e+06	1300.000000	3.63883e+06	1300.000000	3.69997e+06	1300.000000	3.70774e+06	1300.000000	24158.9   	1300.000000	13709.9   	1300.000000	8952.57   	1300.000000	7632.98   	1300.000000	10768.3
1320.000000	3.79322e+06	1320.000000	3.71269e+06	1320.000000	3.77493e+06	1320.000000	3.78286e+06	1320.000000	24516.3   	1320.000000	13972.7   	1320.000000	9093.47   	1320.000000	7763.74   	1320.000000	10959.5
1340.000000	3.86927e+06	1340.000000	3.78668e+06	1340.000000	3.85003e+06	1340.000000	3.85813e+06	1340.000000	24871.4   	1340.000000	14236     	1340.000000	9233.65   	1340.000000	7894.1    	1340.000000	11150.3
1360.000000	3.94544e+06	1360.000000	3.86079e+06	1360.000000	3.92527e+06	1360.000000	3.93354e+06	1360.000000	25224.2   	1360.000000	14499.8   	1360.000000	9373.1    	1360.000000	8024.05   	1360.000000	11340.6
1380.000000	4.02171e+06	1380.000000	3.93502e+06	1380.000000	4.00063e+06	1380.000000	4.00907e+06	1380.000000	25574.7   	1380.000000	14764.2   	1380.000000	9511.83   	1380.000000	8153.6    	1380.000000	11530.4
1400.000000	4.09809e+06	1400.000000	4.00935e+06	1400.000000	4.07612e+06	1400.000000	4.08472e+06	1400.000000	25923     	1400.000000	15029     	1400.000000	9649.84   	1400.000000	8282.73   	1400.000000	11719.7
1420.000000	4.17456e+06	1420.000000	4.08379e+06	1420.000000	4.15172e+06	1420.000000	4.16049e+06	1420.000000	26269.1   	1420.000000	15294.3   	1420.000000	9787.13   	1420.000000	8411.45   	1420.000000	11908.6
1440.000000	4.25113e+06	1440.000000	4.15832e+06	1440.000000	4.22744e+06	1440.000000	4.23638e+06	1440.000000	26613     	1440.000000	15560.1   	1440.000000	9923.71   	1440.000000	8539.74   	1440.000000	12096.9
1460.000000	4.32777e+06	1460.000000	4.23294e+06	1460.000000	4.30326e+06	1460.000000	4.31237e+06	1460.000000	26954.6   	1460.000000	15826.4   	1460.000000	10059.6   	1460.000000	8667.62   	1460.000000	12284.7
1480.000000	4.40449e+06	1480.000000	4.30765e+06	1480.000000	4.37919e+06	1480.000000	4.38847e+06	1480.000000	27294.1   	1480.000000	16093.1   	1480.000000	10194.7   	1480.000000	8795.07   	1480.000000	12471.9
1500.000000	4.48127e+06	1500.000000	4.38244e+06	1500.000000	4.45521e+06	1500.000000	4.46466e+06	1500.000000	27631.5   	1500.000000	16360.3   	1500.000000	10329.2   	1500.000000	8922.09   	1500.000000	12658.7
1520.000000	4.55811e+06	1520.000000	4.45729e+06	1520.000000	4.53133e+06	1520.000000	4.54094e+06	1520.000000	27966.7   	1520.000000	16628     	1520.000000	10462.9   	1520.000000	9048.68   	1520.000000	12844.9
1540.000000	4.63501e+06	1540.000000	4.53222e+06	1540.000000	4.60754e+06	1540.000000	4.61732e+06	1540.000000	28299.8   	1540.000000	16896.1   	1540.000000	10596     	1540.000000	9174.84   	1540.000000	13030.5
1560.000000	4.71196e+06	1560.000000	4.60721e+06	1560.000000	4.68383e+06	1560.000000	4.69378e+06	1560.000000	28630.8   	1560.000000	17164.7   	1560.000000	10728.3   	1560.000000	9300.57   	1560.000000	13215.6
1580.000000	4.78895e+06	1580.000000	4.68226e+06	1580.000000	4.76021e+06	1580.000000	4.77032e+06	1580.000000	28959.8   	1580.000000	17433.8   	1580.000000	10860     	1580.000000	9425.86   	1580.000000	13400.2
1600.000000	4.86597e+06	1600.000000	4.75737e+06	1600.000000	4.83666e+06	1600.000000	4.84695e+06	1600.000000	29286.7   	1600.000000	17703.3   	1600.000000	10991     	1600.000000	9550.72   	1600.000000	13584.2
1620.000000	4.94303e+06	1620.000000	4.83252e+06	1620.000000	4.91319e+06	1620.000000	4.92364e+06	1620.000000	29611.6   	1620.000000	17973.2   	1620.000000	11121.3   	1620.000000	9675.14   	1620.000000	13767.7
1640.000000	5.02011e+06	1640.000000	4.90772e+06	1640.000000	4.98978e+06	1640.000000	5.00041e+06	1640.000000	29934.4   	1640.000000	18243.6   	1640.000000	11250.9   	1640.000000	9799.12   	1640.000000	13950.6
1660.000000	5.09722e+06	1660.000000	4.98295e+06	1660.000000	5.06645e+06	1660.000000	5.07724e+06	1660.000000	30255.3   	1660.000000	18514.5   	1660.000000	11379.9   	1660.000000	9922.66   	1660.000000	14132.9
1680.000000	5.17434e+06	1680.000000	5.05823e+06	1680.000000	5.14317e+06	1680.000000	5.15414e+06	1680.000000	30574.2   	1680.000000	18785.7   	1680.000000	11508.2   	1680.000000	10045.8   	1680.000000	14314.7
1700.000000	5.25147e+06	1700.000000	5.13354e+06	1700.000000	5.21996e+06	1700.000000	5.2311e+06	1700.000000	30891.1   	1700.000000	19057.4   	1700.000000	11635.8   	1700.000000	10168.4   	1700.000000	14495.9
1750.000000	5.44431e+06	1750.000000	5.32192e+06	1750.000000	5.41217e+06	1750.000000	5.42374e+06	1750.000000	31675     	1750.000000	19738.5   	1750.000000	11952     	1750.000000	10473.1   	1750.000000	14946.4
1800.000000	5.63712e+06	1800.000000	5.51044e+06	1800.000000	5.6047e+06	1800.000000	5.6167e+06	1800.000000	32447.2   	1800.000000	20422.1   	1800.000000	12264.2   	1800.000000	10775.1   	1800.000000	15393.4
1850.000000	5.82983e+06	1850.000000	5.69902e+06	1850.000000	5.79751e+06	1850.000000	5.80995e+06	1850.000000	33207.9   	1850.000000	21108     	1850.000000	12572.4   	1850.000000	11074.4   	1850.000000	15836.7
1900.000000	6.02239e+06	1900.000000	5.88763e+06	1900.000000	5.99056e+06	1900.000000	6.00344e+06	1900.000000	33957.5   	1900.000000	21796.3   	1900.000000	12876.8   	1900.000000	11371     	1900.000000	16276.5
1950.000000	6.21473e+06	1950.000000	6.07622e+06	1950.000000	6.18382e+06	1950.000000	6.19714e+06	1950.000000	34696.3   	1950.000000	22486.8   	1950.000000	13177.4   	1950.000000	11664.8   	1950.000000	16712.8
2000.000000	6.40682e+06	2000.000000	6.26476e+06	2000.000000	6.37726e+06	2000.000000	6.39102e+06	2000.000000	35424.7   	2000.000000	23179.5   	2000.000000	13474.3   	2000.000000	11956     	2000.000000	17145.5
2100.000000	6.79001e+06	2100.000000	6.64149e+06	2100.000000	6.76459e+06	2100.000000	6.77921e+06	2100.000000	36851.1   	2100.000000	24571.9   	2100.000000	14057.3   	2100.000000	12530.6   	2100.000000	18000.4
2200.000000	7.17162e+06	2200.000000	7.01758e+06	2200.000000	7.15234e+06	2200.000000	7.16782e+06	2200.000000	38238.8   	2200.000000	25973.8   	2200.000000	14626.5   	2200.000000	13094.8   	2200.000000	18841.3
2300.000000	7.55137e+06	2300.000000	7.39277e+06	2300.000000	7.54035e+06	2300.000000	7.55669e+06	2300.000000	39589.9   	2300.000000	27385.4   	2300.000000	15182.5   	2300.000000	13648.9   	2300.000000	19668.6
2400.000000	7.929e+06 	2400.000000	7.76688e+06	2400.000000	7.92848e+06	2400.000000	7.94567e+06	2400.000000	40906.3   	2400.000000	28806.4   	2400.000000	15725.9   	2400.000000	14193.2   	2400.000000	20482.5
2500.000000	8.3043e+06	2500.000000	8.13974e+06	2500.000000	8.31661e+06	2500.000000	8.33465e+06	2500.000000	42189.8   	2500.000000	30236.5   	2500.000000	16257.2   	2500.000000	14728     	2500.000000	21283.3
2600.000000	8.6771e+06	2600.000000	8.5112e+06	2600.000000	8.70466e+06	2600.000000	8.72354e+06	2600.000000	43442.1   	2600.000000	31675.3   	2600.000000	16777     	2600.000000	15253.5   	2600.000000	22071.3
2700.000000	9.04723e+06	2700.000000	8.88113e+06	2700.000000	9.09253e+06	2700.000000	9.11225e+06	2700.000000	44664.8   	2700.000000	33122.6   	2700.000000	17285.8   	2700.000000	15770     	2700.000000	22846.8
2800.000000	9.41457e+06	2800.000000	9.24944e+06	2800.000000	9.48015e+06	2800.000000	9.5007e+06	2800.000000	45859.3   	2800.000000	34578.2   	2800.000000	17784.1   	2800.000000	16277.7   	2800.000000	23610.3
2900.000000	9.77901e+06	2900.000000	9.61602e+06	2900.000000	9.86746e+06	2900.000000	9.88885e+06	2900.000000	47027     	2900.000000	36042.1   	2900.000000	18272.4   	2900.000000	16777.1   	2900.000000	24362
3000.000000	1.01405e+07	3000.000000	9.9808e+06	3000.000000	1.02544e+07	3000.000000	1.02766e+07	3000.000000	48169.2   	3000.000000	37514.1   	3000.000000	18751     	3000.000000	17268.2   	3000.000000	25102.2
3200.000000	1.08541e+07	3200.000000	1.07047e+07	3200.000000	1.10271e+07	3200.000000	1.1051e+07	3200.000000	50381.8   	3200.000000	40482.6   	3200.000000	19681     	3200.000000	18226.9   	3200.000000	26549.6
3400.000000	1.1555e+07	3400.000000	1.14208e+07	3400.000000	1.17979e+07	3400.000000	1.18234e+07	3400.000000	52505.8   	3400.000000	43483.7   	3400.000000	20577.3   	3400.000000	19155.9   	3400.000000	27955.1
3600.000000	1.22429e+07	3600.000000	1.21287e+07	3600.000000	1.25666e+07	3600.000000	1.25938e+07	3600.000000	54548.9   	3600.000000	46517.5   	3600.000000	21442.5   	3600.000000	20057     	3600.000000	29321
3800.000000	1.29178e+07	3800.000000	1.28283e+07	3800.000000	1.33332e+07	3800.000000	1.33621e+07	3800.000000	56517.9   	3800.000000	49583.8   	3800.000000	22279.1   	3800.000000	20932     	3800.000000	30649.7
4000.000000	1.35795e+07	4000.000000	1.35194e+07	4000.000000	1.40976e+07	4000.000000	1.4128e+07	4000.000000	58418.8   	4000.000000	52682.8   	4000.000000	23089.4   	4000.000000	21782.5   	4000.000000	31943.5
4200.000000	1.4228e+07	4200.000000	1.42021e+07	4200.000000	1.48596e+07	4200.000000	1.48917e+07	4200.000000	60256.9   	4200.000000	55814.1   	4200.000000	23875.3   	4200.000000	22610     	4200.000000	33204.2
4400.000000	1.48636e+07	4400.000000	1.48763e+07	4400.000000	1.56194e+07	4400.000000	1.56531e+07	4400.000000	62037     	4400.000000	58977.5   	4400.000000	24638.5   	4400.000000	23415.8   	4400.000000	34433.8
4600.000000	1.54864e+07	4600.000000	1.55421e+07	4600.000000	1.63768e+07	4600.000000	1.64121e+07	4600.000000	63763.3   	4600.000000	62172.4   	4600.000000	25380.8   	4600.000000	24201.2   	4600.000000	35634
4800.000000	1.60965e+07	4800.000000	1.61995e+07	4800.000000	1.71319e+07	4800.000000	1.71688e+07	4800.000000	65439.5   	4800.000000	65398.4   	4800.000000	26103.5   	4800.000000	24967.4   	4800.000000	36806.4
5000.000000	1.66942e+07	5000.000000	1.68486e+07	5000.000000	1.78848e+07	5000.000000	1.79232e+07	5000.000000	67069.1   	5000.000000	68655.1   	5000.000000	26808     	5000.000000	25715.6   	5000.000000	37952.6
5250.000000	1.74243e+07	5250.000000	1.76484e+07	5250.000000	1.88226e+07	5250.000000	1.88631e+07	5250.000000	69045     	5250.000000	72768.5   	5250.000000	27664.8   	5250.000000	26626.8   	5250.000000	39350.6
5500.000000	1.81358e+07	5500.000000	1.84357e+07	5500.000000	1.97571e+07	5500.000000	1.97994e+07	5500.000000	70958     	5500.000000	76928.2   	5500.000000	28497     	5500.000000	27513.1   	5500.000000	40712.3
6000.000000	1.95054e+07	6000.000000	1.99736e+07	6000.000000	2.16158e+07	6000.000000	2.16619e+07	6000.000000	74614     	6000.000000	85383.7   	6000.000000	30095.5   	6000.000000	29217.5   	6000.000000	43335.8
6500.000000	2.08071e+07	6500.000000	2.14644e+07	6500.000000	2.34616e+07	6500.000000	2.35115e+07	6500.000000	78068.9   	6500.000000	94016.2   	6500.000000	31616.3   	6500.000000	30840.1   	6500.000000	45839.4
7000.000000	2.20454e+07	7000.000000	2.29103e+07	7000.000000	2.52953e+07	7000.000000	2.53488e+07	7000.000000	81348.7   	7000.000000	102821    	7000.000000	33069.9   	7000.000000	32390.6   	7000.000000	48236.8
7500.000000	2.32242e+07	7500.000000	2.43136e+07	7500.000000	2.71173e+07	7500.000000	2.71745e+07	7500.000000	84474.2   	7500.000000	111795    	7500.000000	34465.1   	7500.000000	33877.1   	7500.000000	50539.6
8000.000000	2.43474e+07	8000.000000	2.56764e+07	8000.000000	2.89285e+07	8000.000000	2.89893e+07	8000.000000	87462.9   	8000.000000	120933    	8000.000000	35809.1   	8000.000000	35306.7   	8000.000000	52757.8
8500.000000	2.54186e+07	8500.000000	2.70007e+07	8500.000000	3.07293e+07	8500.000000	3.07936e+07	8500.000000	90329.3   	8500.000000	130231    	8500.000000	37107.9   	8500.000000	36685.1   	8500.000000	54899.9
9000.000000	2.64412e+07	9000.000000	2.82886e+07	9000.000000	3.25204e+07	9000.000000	3.25882e+07	9000.000000	93085.9   	9000.000000	139682    	9000.000000	38366.7   	9000.000000	38017.6   	9000.000000	56973.5
9500.000000	2.74184e+07	9500.000000	2.95419e+07	9500.000000	3.43024e+07	9500.000000	3.43735e+07	9500.000000	95743.1   	9500.000000	149279    	9500.000000	39589.9   	9500.000000	39308.6   	9500.000000	58984.9
10000.000000	2.83531e+07	10000.000000	3.07623e+07	10000.000000	3.60756e+07	10000.000000	3.615e+07 	10000.000000	98309.8   	10000.000000	159023    	10000.000000	40781.2   	10000.000000	40562     	10000.000000	60939.9
11000.000000	3.01052e+07	11000.000000	3.31108e+07	11000.000000	3.95975e+07	11000.000000	3.96784e+07	11000.000000	103201    	11000.000000	178949    	11000.000000	43080.8   	11000.000000	42968.9   	11000.000000	64699.7
12000.000000	3.17167e+07	12000.000000	3.5346e+07	12000.000000	4.30892e+07	12000.000000	4.31765e+07	12000.000000	107811    	12000.000000	199447    	12000.000000	45286.7   	12000.000000	45260.9   	12000.000000	68285.9
13000.000000	3.32038e+07	13000.000000	3.74784e+07	13000.000000	4.65536e+07	13000.000000	4.66472e+07	13000.000000	112179    	13000.000000	220492    	13000.000000	47415     	13000.000000	47455.7   	13000.000000	71725
14000.000000	3.45803e+07	14000.000000	3.95169e+07	14000.000000	4.99929e+07	14000.000000	5.00926e+07	14000.000000	116338    	14000.000000	242054    	14000.000000	49478.4   	14000.000000	49567.8   	14000.000000	75038.2
15000.000000	3.58583e+07	15000.000000	4.14694e+07	15000.000000	5.34092e+07	15000.000000	5.35149e+07	15000.000000	120312    	15000.000000	264105    	15000.000000	51486.9   	15000.000000	51608.5   	15000.000000	78242.8
16000.000000	3.70479e+07	16000.000000	4.33431e+07	16000.000000	5.68043e+07	16000.000000	5.69159e+07	16000.000000	124122    	16000.000000	286628    	16000.000000	53448.4   	16000.000000	53587.4   	16000.000000	81353
17000.000000	3.81581e+07	17000.000000	4.51442e+07	17000.000000	6.01797e+07	17000.000000	6.02969e+07	17000.000000	127786    	17000.000000	309612    	17000.000000	55369.2   	17000.000000	55512.1   	17000.000000	84380.3
18000.000000	3.91965e+07	18000.000000	4.68781e+07	18000.000000	6.35368e+07	18000.000000	6.36596e+07	18000.000000	131318    	18000.000000	333051    	18000.000000	57254.3   	18000.000000	57389.1   	18000.000000	87334.6
19000.000000	4.01701e+07	19000.000000	4.85498e+07	19000.000000	6.68767e+07	19000.000000	6.7005e+07	19000.000000	134731    	19000.000000	356936    	19000.000000	59107.9   	19000.000000	59223.7   	19000.000000	90224.1
20000.000000	4.10845e+07	20000.000000	5.01637e+07	20000.000000	7.02005e+07	20000.000000	7.03342e+07	20000.000000	138035    	20000.000000	381261    	20000.000000	60933.4   	20000.000000	61020.6   	20000.000000	93055.7
21000.000000	4.19452e+07	21000.000000	5.17237e+07	21000.000000	7.35091e+07	21000.000000	7.36481e+07	21000.000000	141240    	21000.000000	406016    	21000.000000	62733.6   	21000.000000	62783.5   	21000.000000	95835.4
22000.000000	4.27567e+07	22000.000000	5.32334e+07	22000.000000	7.68035e+07	22000.000000	7.69478e+07	22000.000000	144352    	22000.000000	431183    	22000.000000	64510.7   	22000.000000	64515.8   	22000.000000	98568.2
23000.000000	4.3523e+07	23000.000000	5.4696e+07	23000.000000	8.00844e+07	23000.000000	8.02339e+07	23000.000000	147380    	23000.000000	456755    	23000.000000	66266.7   	23000.000000	66220.3   	23000.000000	101258
24000.000000	4.42479e+07	24000.000000	5.61144e+07	24000.000000	8.33527e+07	24000.000000	8.35071e+07	24000.000000	150330    	24000.000000	482731    	24000.000000	68003.3   	24000.000000	67899.3   	24000.000000	103910
25000.000000	4.49346e+07	25000.000000	5.74913e+07	25000.000000	8.66088e+07	25000.000000	8.67681e+07	25000.000000	153207    	25000.000000	509079    	25000.000000	69721.7   	25000.000000	69555.1   	25000.000000	106526
26000.000000	4.5586e+07	26000.000000	5.88291e+07	26000.000000	8.98534e+07	26000.000000	9.00176e+07	26000.000000	156016    	26000.000000	535779    	26000.000000	71422.9   	26000.000000	71189.2   	26000.000000	109109
27000.000000	4.62048e+07	27000.000000	6.01301e+07	27000.000000	9.3087e+07	27000.000000	9.32559e+07	27000.000000	158761    	27000.000000	562839    	27000.000000	73108.1   	27000.000000	72803.4   	27000.000000	111662
28000.000000	4.67934e+07	28000.000000	6.13962e+07	28000.000000	9.63102e+07	28000.000000	9.64838e+07	28000.000000	161446    	28000.000000	590265    	28000.000000	74777.9   	28000.000000	74398.9   	28000.000000	114186
29000.000000	4.73538e+07	29000.000000	6.26293e+07	29000.000000	9.95235e+07	29000.000000	9.97015e+07	29000.000000	164075    	29000.000000	618048    	29000.000000	76433     	29000.000000	75977.1   	29000.000000	116685
30000.000000	4.7888e+07	30000.000000	6.38312e+07	30000.000000	1.02727e+08	30000.000000	1.0291e+08	30000.000000	166652    	30000.000000	646172    	30000.000000	78074     	30000.000000	77538.8   	30000.000000	119158
32000.000000	4.88849e+07	32000.000000	6.61474e+07	32000.000000	1.09107e+08	32000.000000	1.09298e+08	32000.000000	171657    	32000.000000	703403    	32000.000000	81315.8   	32000.000000	80616.8   	32000.000000	124037
34000.000000	4.97964e+07	34000.000000	6.83561e+07	34000.000000	1.15454e+08	34000.000000	1.15652e+08	34000.000000	176483    	34000.000000	761921    	34000.000000	84506.4   	34000.000000	83638.9   	34000.000000	128833
36000.000000	5.06328e+07	36000.000000	7.04672e+07	36000.000000	1.21769e+08	36000.000000	1.21975e+08	36000.000000	181146    	36000.000000	821688    	36000.000000	87648.2   	36000.000000	86609.8   	36000.000000	133553
38000.000000	5.14029e+07	38000.000000	7.24892e+07	38000.000000	1.28055e+08	38000.000000	1.28268e+08	38000.000000	185662    	38000.000000	882638    	38000.000000	90742.3   	38000.000000	89532.9   	38000.000000	138202
40000.000000	5.21141e+07	40000.000000	7.44294e+07	40000.000000	1.34313e+08	40000.000000	1.34533e+08	40000.000000	190044    	40000.000000	944707    	40000.000000	93790.5   	40000.000000	92411.4   	40000.000000	142785
42000.000000	5.27728e+07	42000.000000	7.62944e+07	42000.000000	1.40546e+08	42000.000000	1.40772e+08	42000.000000	194301    	42000.000000	1.00786e+06	42000.000000	96794.1   	42000.000000	95247.7   	42000.000000	147306
44000.000000	5.33844e+07	44000.000000	7.80899e+07	44000.000000	1.46755e+08	44000.000000	1.46986e+08	44000.000000	198444    	44000.000000	1.07209e+06	44000.000000	99754.4   	44000.000000	98044     	44000.000000	151769
46000.000000	5.39537e+07	46000.000000	7.98212e+07	46000.000000	1.52941e+08	46000.000000	1.53178e+08	46000.000000	202481    	46000.000000	1.13739e+06	46000.000000	102672    	46000.000000	100802    	46000.000000	156176
48000.000000	5.44848e+07	48000.000000	8.14927e+07	48000.000000	1.59106e+08	48000.000000	1.59347e+08	48000.000000	206420    	48000.000000	1.20377e+06	48000.000000	105549    	48000.000000	103524    	48000.000000	160530
50000.000000	5.49813e+07	50000.000000	8.31085e+07	50000.000000	1.65251e+08	50000.000000	1.65496e+08	50000.000000	210267    	50000.000000	1.27119e+06	50000.000000	108386    	50000.000000	106210    	50000.000000	164832
