*Energy (MeV/u)1	0 - [He-base] F.Hubert et al, AD&ND Tables 46(1990)1	Energy (MeV/u)2	1 - [H -base] J.F.Ziegler et al, Pergamon Press, NY (low energy)	Energy (MeV/u)3	2 - ATIMA 1.2  LS-theory (recommended for high energy)	Energy (MeV/u)4	3 - ATIMA 1.2  without LS-correction	Energy (MeV/u)5	4 - Range straggling - method [0] - LISE	Energy (MeV/u)6	5 - Range straggling - method [1] - Atima	Energy (MeV/u)7	6 - Lateral range - method [0] - LISE	Energy (MeV/u)8	7 - Lateral range - method [1] - Atima	Energy (MeV/u)9	8 - Lateral range - method [2] - PDG	
0.001000	0.0499049 	0.001000	0.0499049 	0.001000	0.0436543 	0.001000	0.0436543 	0.001000	0         	0.001000	0         	0.001000	9.85596e-05	0.001000	0.000160267	0.001000	7.34018e-05
0.002000	0.101434  	0.002000	0.0998097 	0.002000	0.0873085 	0.002000	0.0873085 	0.002000	0.00610056	0.002000	0.00610056	0.002000	0.000288619	0.002000	0.000453376	0.002000	0.000223891
0.005000	0.238162  	0.005000	0.23223   	0.005000	0.202067  	0.005000	0.202067  	0.005000	0.00729541	0.005000	0.00729541	0.005000	0.00102805	0.005000	0.00155782	0.005000	0.000827498
0.008000	0.358517  	0.008000	0.348791  	0.008000	0.302855  	0.008000	0.302855  	0.008000	0.0073512 	0.008000	0.0073512 	0.008000	0.00188905	0.008000	0.00281165	0.008000	0.0015459
0.010000	0.432524  	0.010000	0.420466  	0.010000	0.364913  	0.010000	0.364913  	0.010000	0.00755105	0.010000	0.00755105	0.010000	0.0025013 	0.010000	0.00369247	0.010000	0.00206174
0.015000	0.601502  	0.015000	0.584118  	0.015000	0.507177  	0.015000	0.507177  	0.015000	0.00859259	0.015000	0.00859259	0.015000	0.004112  	0.015000	0.00598438	0.015000	0.00343018
0.020000	0.74264   	0.020000	0.720809  	0.020000	0.629847  	0.020000	0.629847  	0.020000	0.00980253	0.020000	0.00980253	0.020000	0.00569219	0.020000	0.00821765	0.020000	0.00477937
0.025000	0.860773  	0.025000	0.835219  	0.025000	0.735879  	0.025000	0.735879  	0.025000	0.0108549 	0.025000	0.0108549 	0.025000	0.00717782	0.025000	0.010311  	0.025000	0.00605059
0.030000	0.962979  	0.030000	0.934204  	0.030000	0.830008  	0.030000	0.830008  	0.030000	0.0117429 	0.030000	0.0117429 	0.030000	0.00858573	0.030000	0.0122895 	0.030000	0.00725775
0.035000	1.05369   	0.035000	1.02206   	0.035000	0.915602  	0.035000	0.915602  	0.035000	0.012506  	0.035000	0.012506  	0.035000	0.0099401 	0.035000	0.0141875 	0.035000	0.00842137
0.040000	1.13583   	0.040000	1.10161   	0.040000	0.994527  	0.040000	0.994527  	0.040000	0.0131687 	0.040000	0.0131687 	0.040000	0.0112539 	0.040000	0.0160243 	0.040000	0.00955207
0.045000	1.21142   	0.045000	1.17481   	0.045000	1.06815   	0.045000	1.06815   	0.045000	0.0137526 	0.045000	0.0137526 	0.045000	0.0125378 	0.045000	0.0178154 	0.045000	0.0106588
0.050000	1.28192   	0.050000	1.24309   	0.050000	1.13748   	0.050000	1.13748   	0.050000	0.0142746 	0.050000	0.0140954 	0.050000	0.0138002 	0.050000	0.019573  	0.050000	0.0117486
0.055000	1.34841   	0.055000	1.30749   	0.055000	1.20331   	0.055000	1.20331   	0.055000	0.014748  	0.055000	0.0143085 	0.055000	0.0150485 	0.055000	0.0213075 	0.055000	0.0128278
0.060000	1.41172   	0.060000	1.3688    	0.060000	1.26623   	0.060000	1.26623   	0.060000	0.0151827 	0.060000	0.0145059 	0.060000	0.0161727 	0.060000	0.0228681 	0.060000	0.0138004
0.070000	1.53114   	0.070000	1.48446   	0.070000	1.38525   	0.070000	1.38525   	0.070000	0.0159655 	0.070000	0.0148665 	0.070000	0.0180679 	0.070000	0.0254964 	0.070000	0.0154411
0.080000	1.64376   	0.080000	1.59353   	0.080000	1.4974    	0.080000	1.4974    	0.080000	0.0166669 	0.080000	0.0151962 	0.080000	0.0196861 	0.080000	0.0277373 	0.080000	0.0168435
0.090000	1.75183   	0.090000	1.6982    	0.090000	1.60463   	0.090000	1.60463   	0.090000	0.0173146 	0.090000	0.0155069 	0.090000	0.0211583 	0.090000	0.0297393 	0.090000	0.0181208
0.100000	1.85671   	0.100000	1.79977   	0.100000	1.70831   	0.100000	1.70831   	0.100000	0.0179267 	0.100000	0.0158062 	0.100000	0.022502  	0.100000	0.0314704 	0.100000	0.0192882
0.120000	2.0605    	0.120000	1.99714   	0.120000	1.90864   	0.120000	1.90864   	0.120000	0.0190894 	0.120000	0.0163907 	0.120000	0.0250312 	0.120000	0.034683  	0.120000	0.0214896
0.140000	2.26005   	0.140000	2.1904    	0.140000	2.10348   	0.140000	2.10348   	0.140000	0.0202147 	0.140000	0.0169762 	0.140000	0.0274207 	0.140000	0.0376749 	0.140000	0.0235748
0.160000	2.45779   	0.160000	2.38191   	0.160000	2.29566   	0.160000	2.29566   	0.160000	0.0213324 	0.160000	0.0175758 	0.160000	0.0297295 	0.160000	0.0405333 	0.160000	0.0255949
0.180000	2.65555   	0.180000	2.57344   	0.180000	2.48677   	0.180000	2.48677   	0.180000	0.0224571 	0.180000	0.0181962 	0.180000	0.0319937 	0.180000	0.0433059 	0.180000	0.027581
0.200000	2.85406   	0.200000	2.76569   	0.200000	2.67775   	0.200000	2.67775   	0.200000	0.0235955 	0.200000	0.01884   	0.200000	0.0341924 	0.200000	0.045985  	0.200000	0.0295148
0.250000	3.35418   	0.250000	3.25005   	0.250000	3.15747   	0.250000	3.15747   	0.250000	0.0265103 	0.250000	0.0205505 	0.250000	0.0397004 	0.250000	0.0526212 	0.250000	0.0343773
0.300000	3.8575    	0.300000	3.7375    	0.300000	3.64259   	0.300000	3.64259   	0.300000	0.0295105 	0.300000	0.0223864 	0.300000	0.0451265 	0.300000	0.0590915 	0.300000	0.039193
0.350000	4.35673   	0.350000	4.22101   	0.350000	4.13387   	0.350000	4.13387   	0.350000	0.0325705 	0.350000	0.0243188 	0.350000	0.0504306 	0.350000	0.0653519 	0.350000	0.0439233
0.400000	4.8556    	0.400000	4.70416   	0.400000	4.63137   	0.400000	4.63137   	0.400000	0.0356699 	0.400000	0.026323  	0.400000	0.0557147 	0.400000	0.071532  	0.400000	0.0486555
0.450000	5.35758   	0.450000	5.19031   	0.450000	5.13231   	0.450000	5.13231   	0.450000	0.0387475 	0.450000	0.0283486 	0.450000	0.0608992 	0.450000	0.0775616 	0.450000	0.0533179
0.500000	5.86317   	0.500000	5.67997   	0.500000	5.63607   	0.500000	5.63607   	0.500000	0.0417912 	0.500000	0.0303787 	0.500000	0.0660491 	0.500000	0.0834885 	0.500000	0.0579648
0.600000	6.88145   	0.600000	6.66616   	0.600000	6.65617   	0.600000	6.65617   	0.600000	0.0478511 	0.600000	0.0344766 	0.600000	0.0760529 	0.600000	0.094928  	0.600000	0.0670418
0.700000	7.91567   	0.700000	7.66779   	0.700000	7.69874   	0.700000	7.69874   	0.700000	0.0539726 	0.700000	0.0386642 	0.700000	0.0856821 	0.700000	0.105782  	0.700000	0.0758344
0.800000	8.97009   	0.800000	8.68897   	0.800000	8.76942   	0.800000	8.76942   	0.800000	0.0602466 	0.800000	0.0429827 	0.800000	0.0948814 	0.800000	0.116007  	0.800000	0.0842825
0.900000	10.0494   	0.900000	9.73425   	0.900000	9.86998   	0.900000	9.86998   	0.900000	0.0666966 	0.900000	0.0474347 	0.900000	0.103618  	0.900000	0.125654  	0.900000	0.0923519
1.000000	11.1546   	1.000000	10.8047   	1.000000	11.0016   	1.000000	11.0016   	1.000000	0.0733391 	1.000000	0.052022  	1.000000	0.112026  	1.000000	0.134808  	1.000000	0.100151
1.250000	14.0495   	1.250000	13.6083   	1.250000	13.9724   	1.250000	13.9724   	1.250000	0.0908699 	1.250000	0.0642325 	1.250000	0.131642  	1.250000	0.155878  	1.250000	0.118476
1.500000	17.1792   	1.500000	16.6394   	1.500000	17.1633   	1.500000	17.1633   	1.500000	0.110005  	1.500000	0.0782691 	1.500000	0.149991  	1.500000	0.175185  	1.500000	0.135755
1.750000	20.5581   	1.750000	19.9118   	1.750000	20.5773   	1.750000	20.5773   	1.750000	0.130758  	1.750000	0.093812  	1.750000	0.167443  	1.750000	0.193279  	1.750000	0.152301
2.000000	24.1934   	2.000000	23.4326   	2.000000	24.2112   	2.000000	24.2112   	2.000000	0.153072  	2.000000	0.110543  	2.000000	0.184219  	2.000000	0.210478  	2.000000	0.168295
2.250000	28.0991   	2.250000	27.2151   	2.250000	28.0634   	2.250000	28.0634   	2.250000	0.17693   	2.250000	0.128302  	2.250000	0.200589  	2.250000	0.227045  	2.250000	0.183968
2.500000	32.2589   	2.500000	31.2476   	2.500000	32.1326   	2.500000	32.1326   	2.500000	0.202326  	2.500000	0.146999  	2.500000	0.210867  	2.500000	0.243174  	2.500000	0.193971
3.000000	40.8832   	3.000000	40.027    	3.000000	40.9183   	3.000000	40.9183   	3.000000	0.257727  	3.000000	0.187023  	3.000000	0.218124  	3.000000	0.264168  	3.000000	0.201495
3.500000	50.3923   	3.500000	49.721    	3.500000	50.5598   	3.500000	50.5598   	3.500000	0.319267  	3.500000	0.230404  	3.500000	0.228624  	3.500000	0.273681  	3.500000	0.212061
4.000000	60.7808   	4.000000	60.3003   	4.000000	61.0481   	4.000000	61.0481   	4.000000	0.386915  	4.000000	0.277031  	4.000000	0.242364  	4.000000	0.286707  	4.000000	0.225705
4.500000	72.0412   	4.500000	71.739    	4.500000	72.3737   	4.500000	72.3737   	4.500000	0.460625  	4.500000	0.326798  	4.500000	0.259272  	4.500000	0.303073  	4.500000	0.242375
5.000000	84.1653   	5.000000	84.0176   	5.000000	84.5271   	5.000000	84.5271   	5.000000	0.540341  	5.000000	0.379618  	5.000000	0.279198  	5.000000	0.322561  	5.000000	0.261936
5.500000	97.145    	5.500000	97.1207   	5.500000	97.4989   	5.500000	97.4989   	5.500000	0.626001  	5.500000	0.43543   	5.500000	0.301993  	5.500000	0.344978  	5.500000	0.284254
6.000000	110.972   	6.000000	111.036   	6.000000	111.28    	6.000000	111.28    	6.000000	0.717544  	6.000000	0.494175  	6.000000	0.327483  	6.000000	0.37011   	6.000000	0.309164
6.500000	125.638   	6.500000	125.751   	6.500000	125.861   	6.500000	125.861   	6.500000	0.814906  	6.500000	0.555797  	6.500000	0.355549  	6.500000	0.397816  	6.500000	0.336555
7.000000	141.137   	7.000000	141.258   	7.000000	141.234   	7.000000	141.234   	7.000000	0.91803   	7.000000	0.620245  	7.000000	0.386024  	7.000000	0.427901  	7.000000	0.366272
7.500000	157.459   	7.500000	157.546   	7.500000	157.392   	7.500000	157.392   	7.500000	1.02686   	7.500000	0.687473  	7.500000	0.418804  	7.500000	0.46024   	7.500000	0.398217
8.000000	174.598   	8.000000	174.608   	8.000000	174.325   	8.000000	174.325   	8.000000	1.14134   	8.000000	0.757437  	8.000000	0.453779  	8.000000	0.494703  	8.000000	0.432288
8.500000	192.548   	8.500000	192.434   	8.500000	192.028   	8.500000	192.028   	8.500000	1.26142   	8.500000	0.830099  	8.500000	0.490861  	8.500000	0.531186  	8.500000	0.468405
9.000000	211.301   	9.000000	211.019   	9.000000	210.494   	9.000000	210.494   	9.000000	1.38705   	9.000000	0.905422  	9.000000	0.529976  	9.000000	0.569602  	9.000000	0.506498
9.500000	230.851   	9.500000	230.355   	9.500000	229.715   	9.500000	229.715   	9.500000	1.51818   	9.500000	0.983371  	9.500000	0.571058  	9.500000	0.609867  	9.500000	0.546505
10.000000	251.191   	10.000000	250.432   	10.000000	249.686   	10.000000	249.686   	10.000000	1.65478   	10.000000	1.06391   	10.000000	0.614048  	10.000000	0.651912  	10.000000	0.588374
11.000000	294.221   	11.000000	292.62    	11.000000	291.888   	11.000000	291.87    	11.000000	1.94485   	11.000000	1.23306   	11.000000	0.705678  	11.000000	0.741221  	11.000000	0.677634
12.000000	340.345   	12.000000	337.738   	12.000000	337.1     	12.000000	337.032   	12.000000	2.25772   	12.000000	1.41308   	12.000000	0.804726  	12.000000	0.837306  	12.000000	0.774157
13.000000	389.519   	13.000000	385.767   	13.000000	385.296   	13.000000	385.149   	13.000000	2.59324   	13.000000	1.6038    	13.000000	0.911022  	13.000000	0.939935  	13.000000	0.877793
14.000000	441.704   	14.000000	436.683   	14.000000	436.454   	14.000000	436.202   	14.000000	2.95131   	14.000000	1.80506   	14.000000	1.02445   	14.000000	1.04894   	14.000000	0.988437
15.000000	496.861   	15.000000	490.466   	15.000000	490.553   	15.000000	490.172   	15.000000	3.33185   	15.000000	2.01686   	15.000000	1.14491   	15.000000	1.16419   	15.000000	1.10601
16.000000	554.955   	16.000000	547.091   	16.000000	547.577   	16.000000	547.044   	16.000000	3.7348    	16.000000	2.23917   	16.000000	1.27233   	16.000000	1.28557   	16.000000	1.23044
17.000000	615.951   	17.000000	606.538   	17.000000	607.505   	17.000000	606.803   	17.000000	4.16008   	17.000000	2.47183   	17.000000	1.40665   	17.000000	1.41299   	17.000000	1.36169
18.000000	679.817   	18.000000	668.784   	18.000000	670.324   	18.000000	669.436   	18.000000	4.60765   	18.000000	2.71473   	18.000000	1.54781   	18.000000	1.54637   	18.000000	1.4997
19.000000	746.522   	19.000000	733.806   	19.000000	736.021   	19.000000	734.931   	19.000000	5.07752   	19.000000	2.96787   	19.000000	1.6958    	19.000000	1.68565   	19.000000	1.64447
20.000000	816.035   	20.000000	801.583   	20.000000	804.584   	20.000000	803.277   	20.000000	5.56968   	20.000000	3.23129   	20.000000	1.85057   	20.000000	1.83079   	20.000000	1.79595
21.000000	888.329   	21.000000	872.094   	21.000000	875.999   	21.000000	874.464   	21.000000	6.08405   	21.000000	3.50502   	21.000000	2.01211   	21.000000	1.98175   	21.000000	1.95414
22.000000	963.376   	22.000000	945.318   	22.000000	950.255   	22.000000	948.484   	22.000000	6.62062   	22.000000	3.78898   	22.000000	2.18038   	22.000000	2.13847   	22.000000	2.11903
23.000000	1041.15   	23.000000	1021.23   	23.000000	1027.34   	23.000000	1025.33   	23.000000	7.17939   	23.000000	4.08305   	23.000000	2.35539   	23.000000	2.30094   	23.000000	2.29059
24.000000	1121.63   	24.000000	1099.82   	24.000000	1107.25   	24.000000	1104.99   	24.000000	7.76039   	24.000000	4.38723   	24.000000	2.53711   	24.000000	2.46913   	24.000000	2.46883
25.000000	1204.78   	25.000000	1181.06   	25.000000	1189.98   	25.000000	1187.45   	25.000000	8.36362   	25.000000	4.70154   	25.000000	2.72554   	25.000000	2.64301   	25.000000	2.65376
27.000000	1379.02   	27.000000	1351.43   	27.000000	1363.84   	27.000000	1360.78   	27.000000	9.63673   	27.000000	5.36025   	27.000000	3.12249   	27.000000	3.00779   	27.000000	3.04362
29.000000	1563.7    	29.000000	1532.18   	29.000000	1548.86   	29.000000	1545.25   	29.000000	10.9984   	29.000000	6.05855   	29.000000	3.54614   	29.000000	3.39507   	29.000000	3.46013
31.000000	1758.64   	31.000000	1723.17   	31.000000	1744.84   	31.000000	1740.72   	31.000000	12.446    	31.000000	6.79547   	31.000000	3.99602   	31.000000	3.80438   	31.000000	3.90286
33.000000	1963.68   	33.000000	1924.27   	33.000000	1951.1    	33.000000	1946.51   	33.000000	13.966    	33.000000	7.56429   	33.000000	4.46981   	33.000000	4.23365   	33.000000	4.36959
35.000000	2178.69   	35.000000	2135.35   	35.000000	2167.38   	35.000000	2162.39   	35.000000	15.5561   	35.000000	8.36333   	35.000000	4.96663   	35.000000	4.68207   	35.000000	4.85947
38.000000	2519.54   	38.000000	2470.38   	38.000000	2510.29   	38.000000	2504.84   	38.000000	18.071    	38.000000	9.61777   	38.000000	5.75376   	38.000000	5.38935   	38.000000	5.63658
41.000000	2882.03   	41.000000	2827.15   	41.000000	2875      	41.000000	2869.23   	41.000000	20.7394   	41.000000	10.9388   	41.000000	6.58975   	41.000000	6.13686   	41.000000	6.46312
44.000000	3265.7    	44.000000	3205.27   	44.000000	3261.11   	44.000000	3255.18   	44.000000	23.559    	44.000000	12.3248   	44.000000	7.47331   	44.000000	6.9234    	44.000000	7.33796
47.000000	3670.18   	47.000000	3604.38   	47.000000	3668.25   	47.000000	3662.29   	47.000000	26.5275   	47.000000	13.7757   	47.000000	8.40336   	47.000000	7.74797   	47.000000	8.26017
50.000000	4095.09   	50.000000	4024.1    	50.000000	4096.01   	50.000000	4090.19   	50.000000	29.6411   	50.000000	15.2885   	50.000000	9.37872   	50.000000	8.6095    	50.000000	9.22869
55.000000	4847.69   	55.000000	4768.54   	55.000000	4853.95   	55.000000	4848.66   	55.000000	35.1472   	55.000000	17.9458   	55.000000	11.1027   	55.000000	10.1255   	55.000000	10.9439
60.000000	5654.53   	60.000000	5567.83   	60.000000	5666.83   	60.000000	5662.45   	60.000000	41.0376   	60.000000	20.7681   	60.000000	12.946    	60.000000	11.7386   	60.000000	12.7821
65.000000	6514.18   	65.000000	6420.54   	65.000000	6533.35   	65.000000	6530.15   	65.000000	47.3014   	65.000000	23.749    	65.000000	14.9052   	65.000000	13.4458   	65.000000	14.7405
70.000000	7425.33   	70.000000	7325.35   	70.000000	7452.1    	70.000000	7450.45   	70.000000	53.9241   	70.000000	26.8847   	70.000000	16.9763   	70.000000	15.2437   	70.000000	16.8156
75.000000	8386.78   	75.000000	8281      	75.000000	8421.86   	75.000000	8422.13   	75.000000	60.8945   	75.000000	30.1704   	75.000000	19.1558   	75.000000	17.1298   	75.000000	19.0046
80.000000	9397.38   	80.000000	9286.3    	80.000000	9441.49   	80.000000	9444      	80.000000	68.2018   	80.000000	33.5989   	80.000000	21.4407   	80.000000	19.1013   	80.000000	21.3047
85.000000	10456     	85.000000	10340.1   	85.000000	10509.9   	85.000000	10514.9   	85.000000	75.8347   	85.000000	37.1687   	85.000000	23.8277   	85.000000	21.156    	85.000000	23.7132
90.000000	11561.8   	90.000000	11441.3   	90.000000	11625.9   	90.000000	11633.9   	90.000000	83.7824   	90.000000	40.8756   	90.000000	26.3138   	90.000000	23.2913   	90.000000	26.2276
95.000000	12713.6   	95.000000	12588.9   	95.000000	12788.6   	95.000000	12799.9   	95.000000	92.0349   	95.000000	44.7137   	95.000000	28.896    	95.000000	25.505    	95.000000	28.8452
100.000000	13910.7   	100.000000	13781.8   	100.000000	13997.1   	100.000000	14011.9   	100.000000	100.584   	100.000000	48.6808   	100.000000	31.572    	100.000000	27.7952   	100.000000	31.5642
105.000000	15152.1   	105.000000	15019.1   	105.000000	15250.4   	105.000000	15269     	105.000000	109.421   	105.000000	52.7734   	105.000000	34.3389   	105.000000	30.1598   	105.000000	34.3821
110.000000	16437     	110.000000	16300     	110.000000	16547.5   	110.000000	16570.3   	110.000000	118.534   	110.000000	56.9881   	110.000000	37.194    	110.000000	32.5968   	110.000000	37.2965
115.000000	17764.6   	115.000000	17623.4   	115.000000	17887.6   	115.000000	17914.9   	115.000000	127.914   	115.000000	61.3197   	115.000000	40.1346   	115.000000	35.1041   	115.000000	40.305
120.000000	19134.2   	120.000000	18988.5   	120.000000	19269.8   	120.000000	19302     	120.000000	137.555   	120.000000	65.7644   	120.000000	43.1586   	120.000000	37.6802   	120.000000	43.4059
125.000000	20545.1   	125.000000	20394.6   	125.000000	20693.5   	125.000000	20730.8   	125.000000	147.448   	125.000000	70.3225   	125.000000	46.2637   	125.000000	40.3233   	125.000000	46.5972
130.000000	21996.6   	130.000000	21840.7   	130.000000	22157.8   	130.000000	22200.5   	130.000000	157.587   	130.000000	74.9889   	130.000000	49.4475   	130.000000	43.0318   	130.000000	49.8769
135.000000	23487.9   	135.000000	23326.2   	135.000000	23661.9   	135.000000	23710.3   	135.000000	167.962   	135.000000	79.7615   	135.000000	52.7081   	135.000000	45.8041   	135.000000	53.2433
140.000000	25018.6   	140.000000	24850.2   	140.000000	25205.1   	140.000000	25259.4   	140.000000	178.567   	140.000000	84.64     	140.000000	56.0431   	140.000000	48.6385   	140.000000	56.6942
145.000000	26587.9   	145.000000	26412.1   	145.000000	26786.8   	145.000000	26847.3   	145.000000	189.395   	145.000000	89.6187   	145.000000	59.4506   	145.000000	51.5337   	145.000000	60.2281
150.000000	28195.2   	150.000000	28011.1   	150.000000	28406.1   	150.000000	28473.1   	150.000000	200.438   	150.000000	94.6946   	150.000000	62.9286   	150.000000	54.488    	150.000000	63.843
155.000000	29862.7   	155.000000	29646.6   	155.000000	30062.5   	155.000000	30136.3   	155.000000	211.69    	155.000000	99.8662   	155.000000	66.475    	155.000000	57.5002   	155.000000	67.5374
160.000000	31566.3   	160.000000	31317.8   	160.000000	31755.2   	160.000000	31836     	160.000000	223.145   	160.000000	105.131   	160.000000	70.0882   	160.000000	60.5688   	160.000000	71.3096
165.000000	33304.7   	165.000000	33024.2   	165.000000	33483.7   	165.000000	33571.8   	165.000000	234.796   	165.000000	110.488   	165.000000	73.7661   	165.000000	63.6926   	165.000000	75.1578
170.000000	35077.3   	170.000000	34765.2   	170.000000	35247.2   	170.000000	35343     	170.000000	246.637   	170.000000	115.934   	170.000000	77.5071   	170.000000	66.8702   	170.000000	79.0806
175.000000	36883.4   	175.000000	36540     	175.000000	37045.3   	175.000000	37148.9   	175.000000	258.663   	175.000000	121.467   	175.000000	81.3094   	175.000000	70.1003   	175.000000	83.0764
180.000000	38722.5   	180.000000	38348.1   	180.000000	38877.3   	180.000000	38989     	180.000000	270.867   	180.000000	127.087   	180.000000	85.1713   	180.000000	73.3817   	180.000000	87.1436
185.000000	40594     	185.000000	40189     	185.000000	40742.6   	185.000000	40862.7   	185.000000	283.244   	185.000000	132.79    	185.000000	89.0913   	185.000000	76.7133   	185.000000	91.281
190.000000	42497.3   	190.000000	42062.1   	190.000000	42640.7   	190.000000	42769.4   	190.000000	295.789   	190.000000	138.573   	190.000000	93.0677   	190.000000	80.094    	190.000000	95.4869
195.000000	44432.1   	195.000000	43966.7   	195.000000	44571     	195.000000	44708.6   	195.000000	308.496   	195.000000	144.433   	195.000000	97.0989   	195.000000	83.5224   	195.000000	99.7599
200.000000	46397.7   	200.000000	45902.5   	200.000000	46533     	200.000000	46679.8   	200.000000	321.361   	200.000000	150.371   	200.000000	101.184   	200.000000	86.9978   	200.000000	104.099
210.000000	50419.5   	210.000000	49865.2   	210.000000	50549.9   	210.000000	50715.9   	210.000000	347.542   	210.000000	162.475   	210.000000	109.507   	210.000000	94.0844   	210.000000	112.969
220.000000	54558.9   	220.000000	53946.2   	220.000000	54687.5   	220.000000	54873.6   	220.000000	374.297   	220.000000	174.867   	220.000000	118.028   	220.000000	101.346   	220.000000	122.086
230.000000	58812.3   	230.000000	58141.7   	230.000000	58941.8   	230.000000	59149     	230.000000	401.588   	230.000000	187.543   	230.000000	126.734   	230.000000	108.774   	230.000000	131.441
240.000000	63176.2   	240.000000	62447.9   	240.000000	63309.3   	240.000000	63538.5   	240.000000	429.382   	240.000000	200.48    	240.000000	135.616   	240.000000	116.362   	240.000000	141.024
250.000000	67647.4   	250.000000	66861.5   	250.000000	67786.2   	250.000000	68038.5   	250.000000	457.648   	250.000000	213.67    	250.000000	144.664   	250.000000	124.103   	250.000000	150.826
260.000000	72222.7   	260.000000	71379.1   	260.000000	72369.2   	260.000000	72645.6   	260.000000	486.356   	260.000000	227.104   	260.000000	153.87    	260.000000	131.99    	260.000000	160.839
270.000000	76899.2   	270.000000	75997.5   	270.000000	77055.6   	270.000000	77356.5   	270.000000	515.486   	270.000000	240.775   	270.000000	163.226   	270.000000	140.017   	270.000000	171.056
280.000000	81673.9   	280.000000	80713.6   	280.000000	81841.9   	280.000000	82168     	280.000000	545.005   	280.000000	254.674   	280.000000	172.723   	280.000000	148.178   	280.000000	181.467
290.000000	86544.1   	290.000000	85524.6   	290.000000	86725     	290.000000	87077.2   	290.000000	574.884   	290.000000	268.79    	290.000000	182.352   	290.000000	156.466   	290.000000	192.064
300.000000	91507.2   	300.000000	90427.6   	300.000000	91701.9   	300.000000	92081.2   	300.000000	605.101   	300.000000	283.118   	300.000000	192.107   	300.000000	164.877   	300.000000	202.841
310.000000	96560.6   	310.000000	95420     	310.000000	96769.9   	310.000000	97177.1   	310.000000	635.631   	310.000000	297.649   	310.000000	201.98    	310.000000	173.404   	310.000000	213.79
320.000000	101702    	320.000000	100499    	320.000000	101926    	320.000000	102362    	320.000000	666.455   	320.000000	312.367   	320.000000	211.965   	320.000000	182.043   	320.000000	224.904
330.000000	106929    	330.000000	105663    	330.000000	107169    	330.000000	107634    	330.000000	697.551   	330.000000	327.265   	330.000000	222.056   	330.000000	190.789   	330.000000	236.177
340.000000	112239    	340.000000	110908    	340.000000	112495    	340.000000	112990    	340.000000	728.9     	340.000000	342.347   	340.000000	232.245   	340.000000	199.637   	340.000000	247.603
350.000000	117630    	350.000000	116233    	350.000000	117901    	350.000000	118428    	350.000000	760.483   	350.000000	357.601   	350.000000	242.528   	350.000000	208.583   	350.000000	259.175
360.000000	123100    	360.000000	121635    	360.000000	123387    	360.000000	123945    	360.000000	792.285   	360.000000	373.015   	360.000000	252.898   	360.000000	217.621   	360.000000	270.888
370.000000	128648    	370.000000	127113    	370.000000	128949    	370.000000	129540    	370.000000	824.294   	370.000000	388.587   	370.000000	263.352   	370.000000	226.75    	370.000000	282.737
380.000000	134270    	380.000000	132664    	380.000000	134586    	380.000000	135210    	380.000000	856.494   	380.000000	404.312   	380.000000	273.885   	380.000000	235.965   	380.000000	294.717
390.000000	139966    	390.000000	138286    	390.000000	140295    	390.000000	140952    	390.000000	888.864   	390.000000	420.181   	390.000000	284.491   	390.000000	245.262   	390.000000	306.822
400.000000	145732    	400.000000	143977    	400.000000	146075    	400.000000	146766    	400.000000	921.39    	400.000000	436.198   	400.000000	295.164   	400.000000	254.636   	400.000000	319.046
410.000000	151569    	410.000000	149735    	410.000000	151923    	410.000000	152649    	410.000000	954.058   	410.000000	452.364   	410.000000	305.902   	410.000000	264.085   	410.000000	331.385
420.000000	157473    	420.000000	155560    	420.000000	157838    	420.000000	158599    	420.000000	986.857   	420.000000	468.664   	420.000000	316.699   	420.000000	273.605   	420.000000	343.834
430.000000	163443    	430.000000	161448    	430.000000	163817    	430.000000	164614    	430.000000	1019.77   	430.000000	485.082   	430.000000	327.552   	430.000000	283.193   	430.000000	356.39
440.000000	169478    	440.000000	167399    	440.000000	169859    	440.000000	170693    	440.000000	1052.8    	440.000000	501.616   	440.000000	338.457   	440.000000	292.845   	440.000000	369.046
450.000000	175576    	450.000000	173410    	450.000000	175962    	450.000000	176834    	450.000000	1085.92   	450.000000	518.271   	450.000000	349.411   	450.000000	302.559   	450.000000	381.8
460.000000	181736    	460.000000	179480    	460.000000	182126    	460.000000	183035    	460.000000	1119.12   	460.000000	535.047   	460.000000	360.409   	460.000000	312.332   	460.000000	394.647
470.000000	187955    	470.000000	185608    	470.000000	188347    	470.000000	189295    	470.000000	1152.41   	470.000000	551.94    	470.000000	371.45    	470.000000	322.162   	470.000000	407.585
480.000000	194233    	480.000000	191792    	480.000000	194626    	480.000000	195611    	480.000000	1185.77   	480.000000	568.948   	480.000000	382.531   	480.000000	332.046   	480.000000	420.61
490.000000	200569    	490.000000	198031    	490.000000	200960    	490.000000	201984    	490.000000	1219.19   	490.000000	586.066   	490.000000	393.647   	490.000000	341.981   	490.000000	433.717
500.000000	206960    	500.000000	204323    	500.000000	207347    	500.000000	208411    	500.000000	1252.66   	500.000000	603.29    	500.000000	404.796   	500.000000	351.965   	500.000000	446.902
520.000000	219905    	520.000000	217061    	520.000000	220277    	520.000000	221422    	520.000000	1319.71   	520.000000	638.023   	520.000000	427.18    	520.000000	372.068   	520.000000	473.496
540.000000	233059    	540.000000	229998    	540.000000	233406    	540.000000	234633    	540.000000	1386.86   	540.000000	673.114   	540.000000	449.664   	540.000000	392.338   	540.000000	500.367
560.000000	246411    	560.000000	243122    	560.000000	246723    	560.000000	248035    	560.000000	1454.08   	560.000000	708.574   	560.000000	472.229   	560.000000	412.758   	560.000000	527.491
580.000000	259953    	580.000000	256426    	580.000000	260220    	580.000000	261618    	580.000000	1521.3    	580.000000	744.372   	580.000000	494.856   	580.000000	433.313   	580.000000	554.845
600.000000	273676    	600.000000	269900    	600.000000	273888    	600.000000	275374    	600.000000	1588.49   	600.000000	780.469   	600.000000	517.533   	600.000000	453.989   	600.000000	582.411
620.000000	287573    	620.000000	283537    	620.000000	287718    	620.000000	289293    	620.000000	1655.61   	620.000000	816.856   	620.000000	540.245   	620.000000	474.773   	620.000000	610.169
640.000000	301635    	640.000000	297329    	640.000000	301704    	640.000000	303368    	640.000000	1722.63   	640.000000	853.541   	640.000000	562.979   	640.000000	495.653   	640.000000	638.102
660.000000	315855    	660.000000	311268    	660.000000	315836    	660.000000	317592    	660.000000	1789.51   	660.000000	890.518   	660.000000	585.722   	660.000000	516.616   	660.000000	666.192
680.000000	330226    	680.000000	325349    	680.000000	330109    	680.000000	331958    	680.000000	1856.22   	680.000000	927.759   	680.000000	608.462   	680.000000	537.652   	680.000000	694.422
700.000000	344742    	700.000000	339563    	700.000000	344515    	700.000000	346458    	700.000000	1922.73   	700.000000	965.237   	700.000000	631.19    	700.000000	558.751   	700.000000	722.778
720.000000	359395    	720.000000	353906    	720.000000	359048    	720.000000	361087    	720.000000	1989.02   	720.000000	1002.94   	720.000000	653.897   	720.000000	579.902   	720.000000	751.245
740.000000	374181    	740.000000	368371    	740.000000	373702    	740.000000	375839    	740.000000	2055.07   	740.000000	1040.87   	740.000000	676.574   	740.000000	601.098   	740.000000	779.813
760.000000	389092    	760.000000	382953    	760.000000	388473    	760.000000	390708    	760.000000	2120.88   	760.000000	1079.01   	760.000000	699.216   	760.000000	622.332   	760.000000	808.469
780.000000	404124    	780.000000	397646    	780.000000	403355    	780.000000	405689    	780.000000	2186.42   	780.000000	1117.35   	780.000000	721.816   	780.000000	643.596   	780.000000	837.204
800.000000	419271    	800.000000	412445    	800.000000	418344    	800.000000	420776    	800.000000	2251.69   	800.000000	1155.89   	800.000000	744.367   	800.000000	664.883   	800.000000	866.006
820.000000	434529    	820.000000	427346    	820.000000	433433    	820.000000	435965    	820.000000	2316.66   	820.000000	1194.59   	820.000000	766.862   	820.000000	686.186   	820.000000	894.864
840.000000	449891    	840.000000	442345    	840.000000	448616    	840.000000	451249    	840.000000	2381.29   	840.000000	1233.45   	840.000000	789.292   	840.000000	707.495   	840.000000	923.764
860.000000	465354    	860.000000	457435    	860.000000	463889    	860.000000	466624    	860.000000	2445.56   	860.000000	1272.46   	860.000000	811.652   	860.000000	728.802   	860.000000	952.695
880.000000	480913    	880.000000	472615    	880.000000	479246    	880.000000	482085    	880.000000	2509.48   	880.000000	1311.62   	880.000000	833.935   	880.000000	750.104   	880.000000	981.648
900.000000	496563    	900.000000	487878    	900.000000	494686    	900.000000	497628    	900.000000	2573.03   	900.000000	1350.94   	900.000000	856.14    	900.000000	771.394   	900.000000	1010.62
920.000000	512301    	920.000000	503223    	920.000000	510203    	920.000000	513250    	920.000000	2636.22   	920.000000	1390.38   	920.000000	878.263   	920.000000	792.668   	920.000000	1039.59
940.000000	528123    	940.000000	518644    	940.000000	525794    	940.000000	528947    	940.000000	2699.02   	940.000000	1429.93   	940.000000	900.299   	940.000000	813.922   	940.000000	1068.57
960.000000	544024    	960.000000	534139    	960.000000	541457    	960.000000	544716    	960.000000	2761.46   	960.000000	1469.61   	960.000000	922.247   	960.000000	835.152   	960.000000	1097.55
980.000000	560001    	980.000000	549704    	980.000000	557188    	980.000000	560553    	980.000000	2823.52   	980.000000	1509.41   	980.000000	944.105   	980.000000	856.354   	980.000000	1126.51
1000.000000	576050    	1000.000000	565336    	1000.000000	572984    	1000.000000	576456    	1000.000000	2885.2    	1000.000000	1549.35   	1000.000000	965.871   	1000.000000	877.526   	1000.000000	1155.46
1020.000000	592168    	1020.000000	581032    	1020.000000	588843    	1020.000000	592423    	1020.000000	2946.51   	1020.000000	1589.43   	1020.000000	987.543   	1020.000000	898.665   	1020.000000	1184.39
1040.000000	608352    	1040.000000	596789    	1040.000000	604763    	1040.000000	608449    	1040.000000	3007.44   	1040.000000	1629.62   	1040.000000	1009.12   	1040.000000	919.767   	1040.000000	1213.3
1060.000000	624598    	1060.000000	612605    	1060.000000	620739    	1060.000000	624533    	1060.000000	3067.99   	1060.000000	1669.93   	1060.000000	1030.6    	1060.000000	940.829   	1060.000000	1242.17
1080.000000	640904    	1080.000000	628475    	1080.000000	636770    	1080.000000	640672    	1080.000000	3128.15   	1080.000000	1710.33   	1080.000000	1051.98   	1080.000000	961.849   	1080.000000	1271.01
1100.000000	657266    	1100.000000	644399    	1100.000000	652852    	1100.000000	656863    	1100.000000	3187.94   	1100.000000	1750.83   	1100.000000	1073.26   	1100.000000	982.824   	1100.000000	1299.82
1120.000000	673682    	1120.000000	660373    	1120.000000	668985    	1120.000000	673105    	1120.000000	3247.34   	1120.000000	1791.43   	1120.000000	1094.43   	1120.000000	1003.75   	1120.000000	1328.58
1140.000000	690149    	1140.000000	676395    	1140.000000	685165    	1140.000000	689395    	1140.000000	3306.35   	1140.000000	1832.13   	1140.000000	1115.51   	1140.000000	1024.63   	1140.000000	1357.3
1160.000000	706664    	1160.000000	692463    	1160.000000	701392    	1160.000000	705732    	1160.000000	3364.99   	1160.000000	1872.95   	1160.000000	1136.48   	1160.000000	1045.46   	1160.000000	1385.97
1180.000000	723225    	1180.000000	708574    	1180.000000	717661    	1180.000000	722112    	1180.000000	3423.25   	1180.000000	1913.87   	1180.000000	1157.35   	1180.000000	1066.23   	1180.000000	1414.59
1200.000000	739829    	1200.000000	724726    	1200.000000	733973    	1200.000000	738535    	1200.000000	3481.13   	1200.000000	1954.9    	1200.000000	1178.12   	1200.000000	1086.96   	1200.000000	1443.15
1220.000000	756474    	1220.000000	740918    	1220.000000	750325    	1220.000000	754999    	1220.000000	3538.64   	1220.000000	1996.03   	1220.000000	1198.78   	1220.000000	1107.62   	1220.000000	1471.66
1240.000000	773157    	1240.000000	757148    	1240.000000	766715    	1240.000000	771501    	1240.000000	3595.78   	1240.000000	2037.24   	1240.000000	1219.33   	1240.000000	1128.23   	1240.000000	1500.11
1260.000000	789877    	1260.000000	773412    	1260.000000	783141    	1260.000000	788040    	1260.000000	3652.54   	1260.000000	2078.55   	1260.000000	1239.79   	1260.000000	1148.78   	1260.000000	1528.5
1280.000000	806631    	1280.000000	789711    	1280.000000	799603    	1280.000000	804614    	1280.000000	3708.94   	1280.000000	2119.94   	1280.000000	1260.14   	1280.000000	1169.27   	1280.000000	1556.83
1300.000000	823417    	1300.000000	806041    	1300.000000	816099    	1300.000000	821223    	1300.000000	3764.97   	1300.000000	2161.41   	1300.000000	1280.38   	1300.000000	1189.7    	1300.000000	1585.09
1320.000000	840234    	1320.000000	822401    	1320.000000	832626    	1320.000000	837864    	1320.000000	3820.64   	1320.000000	2202.96   	1320.000000	1300.52   	1320.000000	1210.07   	1320.000000	1613.29
1340.000000	857078    	1340.000000	838790    	1340.000000	849185    	1340.000000	854536    	1340.000000	3875.95   	1340.000000	2244.59   	1340.000000	1320.56   	1340.000000	1230.38   	1340.000000	1641.42
1360.000000	873949    	1360.000000	855206    	1360.000000	865773    	1360.000000	871238    	1360.000000	3930.91   	1360.000000	2286.3    	1360.000000	1340.49   	1360.000000	1250.62   	1360.000000	1669.48
1380.000000	890845    	1380.000000	871648    	1380.000000	882390    	1380.000000	887969    	1380.000000	3985.52   	1380.000000	2328.09   	1380.000000	1360.32   	1380.000000	1270.8    	1380.000000	1697.46
1400.000000	907763    	1400.000000	888114    	1400.000000	899035    	1400.000000	904726    	1400.000000	4039.77   	1400.000000	2369.97   	1400.000000	1380.05   	1400.000000	1290.92   	1400.000000	1725.38
1420.000000	924702    	1420.000000	904602    	1420.000000	915705    	1420.000000	921510    	1420.000000	4093.69   	1420.000000	2411.92   	1420.000000	1399.67   	1420.000000	1310.97   	1420.000000	1753.23
1440.000000	941661    	1440.000000	921111    	1440.000000	932400    	1440.000000	938318    	1440.000000	4147.26   	1440.000000	2453.96   	1440.000000	1419.19   	1440.000000	1330.96   	1440.000000	1781
1460.000000	958638    	1460.000000	937640    	1460.000000	949119    	1460.000000	955151    	1460.000000	4200.49   	1460.000000	2496.07   	1460.000000	1438.62   	1460.000000	1350.88   	1460.000000	1808.69
1480.000000	975631    	1480.000000	954188    	1480.000000	965861    	1480.000000	972006    	1480.000000	4253.38   	1480.000000	2538.26   	1480.000000	1457.94   	1480.000000	1370.74   	1480.000000	1836.31
1500.000000	992639    	1500.000000	970754    	1500.000000	982624    	1500.000000	988883    	1500.000000	4305.93   	1500.000000	2580.52   	1500.000000	1477.15   	1500.000000	1390.52   	1500.000000	1863.85
1520.000000	1.00966e+06	1520.000000	987336    	1520.000000	999408    	1520.000000	1.00578e+06	1520.000000	4358.16   	1520.000000	2622.85   	1520.000000	1496.27   	1520.000000	1410.25   	1520.000000	1891.31
1540.000000	1.02669e+06	1540.000000	1.00393e+06	1540.000000	1.01621e+06	1540.000000	1.0227e+06	1540.000000	4410.05   	1540.000000	2665.25   	1540.000000	1515.29   	1540.000000	1429.9    	1540.000000	1918.69
1560.000000	1.04374e+06	1560.000000	1.02054e+06	1560.000000	1.03303e+06	1560.000000	1.03963e+06	1560.000000	4461.62   	1560.000000	2707.73   	1560.000000	1534.21   	1560.000000	1449.49   	1560.000000	1946
1580.000000	1.06079e+06	1580.000000	1.03717e+06	1580.000000	1.04987e+06	1580.000000	1.05659e+06	1580.000000	4512.86   	1580.000000	2750.28   	1580.000000	1553.03   	1580.000000	1469.01   	1580.000000	1973.22
1600.000000	1.07785e+06	1600.000000	1.0538e+06	1600.000000	1.06673e+06	1600.000000	1.07356e+06	1600.000000	4563.78   	1600.000000	2792.9    	1600.000000	1571.76   	1600.000000	1488.46   	1600.000000	2000.36
1620.000000	1.09492e+06	1620.000000	1.07045e+06	1620.000000	1.0836e+06	1620.000000	1.09055e+06	1620.000000	4614.39   	1620.000000	2835.59   	1620.000000	1590.38   	1620.000000	1507.84   	1620.000000	2027.42
1640.000000	1.112e+06 	1640.000000	1.08711e+06	1640.000000	1.10049e+06	1640.000000	1.10755e+06	1640.000000	4664.68   	1640.000000	2878.35   	1640.000000	1608.91   	1640.000000	1527.15   	1640.000000	2054.4
1660.000000	1.12907e+06	1660.000000	1.10377e+06	1660.000000	1.1174e+06	1660.000000	1.12457e+06	1660.000000	4714.67   	1660.000000	2921.18   	1660.000000	1627.35   	1660.000000	1546.4    	1660.000000	2081.3
1680.000000	1.14616e+06	1680.000000	1.12045e+06	1680.000000	1.13431e+06	1680.000000	1.1416e+06	1680.000000	4764.35   	1680.000000	2964.08   	1680.000000	1645.69   	1680.000000	1565.58   	1680.000000	2108.12
1700.000000	1.16324e+06	1700.000000	1.13713e+06	1700.000000	1.15124e+06	1700.000000	1.15865e+06	1700.000000	4813.72   	1700.000000	3007.06   	1700.000000	1663.93   	1700.000000	1584.69   	1700.000000	2134.85
1750.000000	1.20596e+06	1750.000000	1.17886e+06	1750.000000	1.19363e+06	1750.000000	1.20132e+06	1750.000000	4935.85   	1750.000000	3114.78   	1750.000000	1709.13   	1750.000000	1632.16   	1750.000000	2201.31
1800.000000	1.24866e+06	1800.000000	1.22061e+06	1800.000000	1.23608e+06	1800.000000	1.24406e+06	1800.000000	5056.16   	1800.000000	3222.91   	1800.000000	1753.76   	1800.000000	1679.21   	1800.000000	2267.26
1850.000000	1.29135e+06	1850.000000	1.26238e+06	1850.000000	1.2786e+06	1850.000000	1.28687e+06	1850.000000	5174.69   	1850.000000	3331.43   	1850.000000	1797.82   	1850.000000	1725.84   	1850.000000	2332.68
1900.000000	1.334e+06 	1900.000000	1.30416e+06	1900.000000	1.32116e+06	1900.000000	1.32973e+06	1900.000000	5291.49   	1900.000000	3440.31   	1900.000000	1841.34   	1900.000000	1772.04   	1900.000000	2397.58
1950.000000	1.37661e+06	1950.000000	1.34594e+06	1950.000000	1.36378e+06	1950.000000	1.37263e+06	1950.000000	5406.61   	1950.000000	3549.55   	1950.000000	1884.31   	1950.000000	1817.83   	1950.000000	2461.96
2000.000000	1.41916e+06	2000.000000	1.3877e+06	2000.000000	1.40643e+06	2000.000000	1.41558e+06	2000.000000	5520.09   	2000.000000	3659.14   	2000.000000	1926.75   	2000.000000	1863.2    	2000.000000	2525.83
2100.000000	1.50403e+06	2100.000000	1.47115e+06	2100.000000	1.49184e+06	2100.000000	1.50156e+06	2100.000000	5742.34   	2100.000000	3879.43   	2100.000000	2010.11   	2100.000000	1952.71   	2100.000000	2652
2200.000000	1.58856e+06	2200.000000	1.55445e+06	2200.000000	1.57734e+06	2200.000000	1.58764e+06	2200.000000	5958.58   	2200.000000	4101.24   	2200.000000	2091.48   	2200.000000	2040.62   	2200.000000	2776.14
2300.000000	1.67268e+06	2300.000000	1.63756e+06	2300.000000	1.6629e+06	2300.000000	1.67378e+06	2300.000000	6169.12   	2300.000000	4324.59   	2300.000000	2170.97   	2300.000000	2126.96   	2300.000000	2898.27
2400.000000	1.75633e+06	2400.000000	1.72043e+06	2400.000000	1.74849e+06	2400.000000	1.75994e+06	2400.000000	6374.26   	2400.000000	4549.45   	2400.000000	2248.66   	2400.000000	2211.78   	2400.000000	3018.45
2500.000000	1.83946e+06	2500.000000	1.80302e+06	2500.000000	1.83408e+06	2500.000000	1.8461e+06	2500.000000	6574.28   	2500.000000	4775.8    	2500.000000	2324.63   	2500.000000	2295.1    	2500.000000	3136.7
2600.000000	1.92203e+06	2600.000000	1.8853e+06	2600.000000	1.91965e+06	2600.000000	1.93224e+06	2600.000000	6769.44   	2600.000000	5003.58   	2600.000000	2398.96   	2600.000000	2376.99   	2600.000000	3253.07
2700.000000	2.00402e+06	2700.000000	1.96724e+06	2700.000000	2.00518e+06	2700.000000	2.01834e+06	2700.000000	6959.97   	2700.000000	5232.77   	2700.000000	2471.71   	2700.000000	2457.47   	2700.000000	3367.62
2800.000000	2.08539e+06	2800.000000	2.04882e+06	2800.000000	2.09066e+06	2800.000000	2.10438e+06	2800.000000	7146.12   	2800.000000	5463.34   	2800.000000	2542.95   	2800.000000	2536.6    	2800.000000	3480.38
2900.000000	2.16611e+06	2900.000000	2.13002e+06	2900.000000	2.17607e+06	2900.000000	2.19036e+06	2900.000000	7328.1    	2900.000000	5695.28   	2900.000000	2612.77   	2900.000000	2614.41   	2900.000000	3591.42
3000.000000	2.24617e+06	3000.000000	2.21082e+06	3000.000000	2.2614e+06	3000.000000	2.27625e+06	3000.000000	7506.11   	3000.000000	5928.57   	3000.000000	2681.21   	3000.000000	2690.94   	3000.000000	3700.77
3200.000000	2.40425e+06	3200.000000	2.37117e+06	3200.000000	2.43179e+06	3200.000000	2.44777e+06	3200.000000	7850.95   	3200.000000	6399.17   	3200.000000	2814.2    	3200.000000	2840.35   	3200.000000	3914.62
3400.000000	2.5595e+06	3400.000000	2.52978e+06	3400.000000	2.60178e+06	3400.000000	2.61887e+06	3400.000000	8182.01   	3400.000000	6875.05   	3400.000000	2942.37   	3400.000000	2985.13   	3400.000000	4122.31
3600.000000	2.71188e+06	3600.000000	2.68659e+06	3600.000000	2.77132e+06	3600.000000	2.78952e+06	3600.000000	8500.5    	3600.000000	7356.14   	3600.000000	3066.11   	3600.000000	3125.58   	3600.000000	4324.2
3800.000000	2.86136e+06	3800.000000	2.84155e+06	3800.000000	2.94039e+06	3800.000000	2.95969e+06	3800.000000	8807.47   	3800.000000	7842.37   	3800.000000	3185.78   	3800.000000	3261.96   	3800.000000	4520.62
4000.000000	3.00793e+06	4000.000000	2.99465e+06	4000.000000	3.10897e+06	4000.000000	3.12936e+06	4000.000000	9103.84   	4000.000000	8333.68   	4000.000000	3301.67   	4000.000000	3394.53   	4000.000000	4711.9
4200.000000	3.15159e+06	4200.000000	3.14586e+06	4200.000000	3.27705e+06	4200.000000	3.29852e+06	4200.000000	9390.44   	4200.000000	8830.01   	4200.000000	3414.09   	4200.000000	3523.52   	4200.000000	4898.31
4400.000000	3.29238e+06	4400.000000	3.2952e+06	4400.000000	3.44462e+06	4400.000000	3.46716e+06	4400.000000	9668      	4400.000000	9331.31   	4400.000000	3523.27   	4400.000000	3649.13   	4400.000000	5080.15
4600.000000	3.43033e+06	4600.000000	3.44267e+06	4600.000000	3.61169e+06	4600.000000	3.63529e+06	4600.000000	9937.18   	4600.000000	9837.52   	4600.000000	3629.46   	4600.000000	3771.58   	4600.000000	5257.67
4800.000000	3.56547e+06	4800.000000	3.58828e+06	4800.000000	3.77825e+06	4800.000000	3.8029e+06	4800.000000	10198.6   	4800.000000	10348.6   	4800.000000	3732.85   	4800.000000	3891.04   	4800.000000	5431.1
5000.000000	3.69787e+06	5000.000000	3.73206e+06	5000.000000	3.9443e+06	5000.000000	3.97001e+06	5000.000000	10452.7   	5000.000000	10864.5   	5000.000000	3833.64   	5000.000000	4007.68   	5000.000000	5600.66
5250.000000	3.85958e+06	5250.000000	3.90923e+06	5250.000000	4.15118e+06	5250.000000	4.17818e+06	5250.000000	10760.8   	5250.000000	11516     	5250.000000	3956.23   	5250.000000	4149.76   	5250.000000	5807.5
5500.000000	4.01718e+06	5500.000000	4.08362e+06	5500.000000	4.3573e+06	5500.000000	4.38559e+06	5500.000000	11059.2   	5500.000000	12174.8   	5500.000000	4075.31   	5500.000000	4287.96   	5500.000000	6008.99
6000.000000	4.32054e+06	6000.000000	4.42428e+06	6000.000000	4.76732e+06	6000.000000	4.79815e+06	6000.000000	11629.4   	6000.000000	13514.2   	6000.000000	4304.04   	6000.000000	4553.72   	6000.000000	6397.26
6500.000000	4.60889e+06	6500.000000	4.7545e+06	6500.000000	5.17452e+06	6500.000000	5.20784e+06	6500.000000	12168.3   	6500.000000	14881.7   	6500.000000	4521.68   	6500.000000	4806.75   	6500.000000	6767.86
7000.000000	4.88317e+06	7000.000000	5.07478e+06	7000.000000	5.57903e+06	7000.000000	5.61481e+06	7000.000000	12679.9   	7000.000000	16276.7   	7000.000000	4729.72   	7000.000000	5048.57   	7000.000000	7122.8
7500.000000	5.14428e+06	7500.000000	5.38561e+06	7500.000000	5.98101e+06	7500.000000	6.01921e+06	7500.000000	13167.5   	7500.000000	17698.5   	7500.000000	4929.42   	7500.000000	5280.42   	7500.000000	7463.8
8000.000000	5.39307e+06	8000.000000	5.68747e+06	8000.000000	6.38061e+06	8000.000000	6.42119e+06	8000.000000	13633.8   	8000.000000	19146.5   	8000.000000	5121.79   	8000.000000	5503.41   	8000.000000	7792.33
8500.000000	5.63035e+06	8500.000000	5.98082e+06	8500.000000	6.77793e+06	8500.000000	6.82086e+06	8500.000000	14081.1   	8500.000000	20620     	8500.000000	5307.72   	8500.000000	5718.43   	8500.000000	8109.64
9000.000000	5.85687e+06	9000.000000	6.26609e+06	9000.000000	7.17311e+06	9000.000000	7.21837e+06	9000.000000	14511.1   	9000.000000	22118     	9000.000000	5487.91   	9000.000000	5926.29   	9000.000000	8416.81
9500.000000	6.07332e+06	9500.000000	6.54369e+06	9500.000000	7.56626e+06	9500.000000	7.61382e+06	9500.000000	14925.7   	9500.000000	23639.9   	9500.000000	5663.01   	9500.000000	6127.68   	9500.000000	8714.81
10000.000000	6.28035e+06	10000.000000	6.81401e+06	10000.000000	7.9575e+06	10000.000000	8.00732e+06	10000.000000	15326.2   	10000.000000	25185.9   	10000.000000	5833.56   	10000.000000	6323.2    	10000.000000	9004.47
11000.000000	6.66846e+06	11000.000000	7.33422e+06	11000.000000	8.73462e+06	11000.000000	8.78888e+06	11000.000000	16089.5   	11000.000000	28347.9   	11000.000000	6162.8    	11000.000000	6698.71   	11000.000000	9561.62
12000.000000	7.02541e+06	12000.000000	7.82934e+06	12000.000000	9.50514e+06	12000.000000	9.56373e+06	12000.000000	16809     	12000.000000	31597.7   	12000.000000	6478.63   	12000.000000	7056.32   	12000.000000	10093.2
13000.000000	7.3548e+06	13000.000000	8.30166e+06	13000.000000	1.02696e+07	13000.000000	1.03325e+07	13000.000000	17490.8   	13000.000000	34930.5   	13000.000000	6783.37   	13000.000000	7398.79   	13000.000000	10603
14000.000000	7.65971e+06	14000.000000	8.75319e+06	14000.000000	1.10286e+07	14000.000000	1.10957e+07	14000.000000	18139.9   	14000.000000	38345     	14000.000000	7078.83   	14000.000000	7728.35   	14000.000000	11094.1
15000.000000	7.94279e+06	15000.000000	9.1857e+06	15000.000000	1.17826e+07	15000.000000	1.18537e+07	15000.000000	18760.3   	15000.000000	41840.8   	15000.000000	7366.43   	15000.000000	8046.81   	15000.000000	11569.3
16000.000000	8.20629e+06	16000.000000	9.60073e+06	16000.000000	1.25319e+07	16000.000000	1.26071e+07	16000.000000	19355.2   	16000.000000	45415.5   	16000.000000	7647.31   	16000.000000	8355.62   	16000.000000	12030.5
17000.000000	8.4522e+06	17000.000000	9.99968e+06	17000.000000	1.32769e+07	17000.000000	1.3356e+07	17000.000000	19927.4   	17000.000000	49065.4   	17000.000000	7922.37   	17000.000000	8656.01   	17000.000000	12479.4
18000.000000	8.68223e+06	18000.000000	1.03837e+07	18000.000000	1.40179e+07	18000.000000	1.41008e+07	18000.000000	20479.1   	18000.000000	52786.8   	18000.000000	8192.32   	18000.000000	8948.94   	18000.000000	12917.6
19000.000000	8.89787e+06	19000.000000	1.0754e+07	19000.000000	1.47552e+07	19000.000000	1.48418e+07	19000.000000	21012.1   	19000.000000	56576.1   	19000.000000	8457.76   	19000.000000	9235.28   	19000.000000	13346.1
20000.000000	9.10043e+06	20000.000000	1.11115e+07	20000.000000	1.54889e+07	20000.000000	1.55793e+07	20000.000000	21528.2   	20000.000000	60430.4   	20000.000000	8719.18   	20000.000000	9515.74   	20000.000000	13766.1
21000.000000	9.29107e+06	21000.000000	1.14571e+07	21000.000000	1.62193e+07	21000.000000	1.63133e+07	21000.000000	22028.7   	21000.000000	64347.6   	21000.000000	8976.97   	21000.000000	9790.89   	21000.000000	14178.4
22000.000000	9.47081e+06	22000.000000	1.17915e+07	22000.000000	1.69466e+07	22000.000000	1.70442e+07	22000.000000	22515     	22000.000000	68329     	22000.000000	9231.46   	22000.000000	10061.3   	22000.000000	14583.8
23000.000000	9.64056e+06	23000.000000	1.21154e+07	23000.000000	1.76709e+07	23000.000000	1.77721e+07	23000.000000	22988.1   	23000.000000	72374.1   	23000.000000	9482.92   	23000.000000	10327.3   	23000.000000	14982.9
24000.000000	9.80113e+06	24000.000000	1.24296e+07	24000.000000	1.83925e+07	24000.000000	1.84971e+07	24000.000000	23449     	24000.000000	76478.7   	24000.000000	9731.59   	24000.000000	10589.4   	24000.000000	15376.2
25000.000000	9.95324e+06	25000.000000	1.27346e+07	25000.000000	1.91114e+07	25000.000000	1.92195e+07	25000.000000	23898.5   	25000.000000	80640.2   	25000.000000	9977.65   	25000.000000	10847.8   	25000.000000	15764.3
26000.000000	1.00975e+07	26000.000000	1.30309e+07	26000.000000	1.98278e+07	26000.000000	1.99392e+07	26000.000000	24337.4   	26000.000000	84858     	26000.000000	10221.3   	26000.000000	11102.8   	26000.000000	16147.5
27000.000000	1.02346e+07	27000.000000	1.33191e+07	27000.000000	2.05418e+07	27000.000000	2.06565e+07	27000.000000	24766.4   	27000.000000	89132.6   	27000.000000	10462.6   	27000.000000	11354.8   	27000.000000	16526.3
28000.000000	1.0365e+07	28000.000000	1.35996e+07	28000.000000	2.12536e+07	28000.000000	2.13715e+07	28000.000000	25186.1   	28000.000000	93463.4   	28000.000000	10701.7   	28000.000000	11603.8   	28000.000000	16900.9
29000.000000	1.04891e+07	29000.000000	1.38727e+07	29000.000000	2.19631e+07	29000.000000	2.20843e+07	29000.000000	25597.1   	29000.000000	97848.2   	29000.000000	10938.7   	29000.000000	11850.2   	29000.000000	17271.5
30000.000000	1.06074e+07	30000.000000	1.41389e+07	30000.000000	2.26706e+07	30000.000000	2.27949e+07	30000.000000	25999.8   	30000.000000	102284    	30000.000000	11173.6   	30000.000000	12093.9   	30000.000000	17638.6
32000.000000	1.08282e+07	32000.000000	1.4652e+07	32000.000000	2.40796e+07	32000.000000	2.421e+07 	32000.000000	26782.3   	32000.000000	111306    	32000.000000	11637.8   	32000.000000	12574.3   	32000.000000	18362.5
34000.000000	1.10301e+07	34000.000000	1.51412e+07	34000.000000	2.54812e+07	34000.000000	2.56175e+07	34000.000000	27536.9   	34000.000000	120527    	34000.000000	12094.6   	34000.000000	13046     	34000.000000	19074.1
36000.000000	1.12154e+07	36000.000000	1.56088e+07	36000.000000	2.68761e+07	36000.000000	2.70179e+07	36000.000000	28266.2   	36000.000000	129943    	36000.000000	12544.5   	36000.000000	13509.7   	36000.000000	19774.5
38000.000000	1.1386e+07	38000.000000	1.60567e+07	38000.000000	2.82646e+07	38000.000000	2.84118e+07	38000.000000	28972.6   	38000.000000	139541    	38000.000000	12987.5   	38000.000000	13965.9   	38000.000000	20464.4
40000.000000	1.15435e+07	40000.000000	1.64865e+07	40000.000000	2.96472e+07	40000.000000	2.97996e+07	40000.000000	29658.1   	40000.000000	149307    	40000.000000	13424     	40000.000000	14415.2   	40000.000000	21144.7
42000.000000	1.16894e+07	42000.000000	1.68996e+07	42000.000000	3.10244e+07	42000.000000	3.11816e+07	42000.000000	30324.4   	42000.000000	159233    	42000.000000	13854     	42000.000000	14857.9   	42000.000000	21815.8
44000.000000	1.18249e+07	44000.000000	1.72973e+07	44000.000000	3.23963e+07	44000.000000	3.25581e+07	44000.000000	30973     	44000.000000	169319    	44000.000000	14277.9   	44000.000000	15294.4   	44000.000000	22478.3
46000.000000	1.1951e+07	46000.000000	1.76808e+07	46000.000000	3.37634e+07	46000.000000	3.39295e+07	46000.000000	31605.2   	46000.000000	179563    	46000.000000	14695.8   	46000.000000	15724.9   	46000.000000	23132.6
48000.000000	1.20686e+07	48000.000000	1.8051e+07	48000.000000	3.51259e+07	48000.000000	3.52961e+07	48000.000000	32222.1   	48000.000000	189965    	48000.000000	15107.8   	48000.000000	16149.7   	48000.000000	23779
50000.000000	1.21786e+07	50000.000000	1.84089e+07	50000.000000	3.6484e+07	50000.000000	3.66581e+07	50000.000000	32824.7   	50000.000000	200524    	50000.000000	15514     	50000.000000	16569     	50000.000000	24417.8
