*Energy (MeV/u)1	0 - [He-base] F.Hubert et al, AD&ND Tables 46(1990)1	Energy (MeV/u)2	1 - [H -base] J.F.Ziegler et al, Pergamon Press, NY (low energy)	Energy (MeV/u)3	2 - ATIMA 1.2  LS-theory (recommended for high energy)	Energy (MeV/u)4	3 - ATIMA 1.2  without LS-correction	Energy (MeV/u)5	4 - electrical component of [1] - J.F.Ziegler et al	Energy (MeV/u)6	5 - nuclear component of [1] - J.F.Ziegler et al	
0.001000	0.0930969 	0.001000	0.0194041 	0.001000	0.0175626 	0.001000	0.0175626 	0.001000	0.0179388 	0.001000	0.0014653 	
0.002000	0.110914  	0.002000	0.0259023 	0.002000	0.0233867 	0.002000	0.0233867 	0.002000	0.0245051 	0.002000	0.00139713	
0.005000	0.145664  	0.005000	0.0381474 	0.005000	0.034348  	0.005000	0.034348  	0.005000	0.037011  	0.005000	0.00113645	
0.008000	0.169492  	0.008000	0.0466864 	0.008000	0.0419921 	0.008000	0.0419921 	0.008000	0.0457282 	0.008000	0.000958135	
0.010000	0.182484  	0.010000	0.0514294 	0.010000	0.0462393 	0.010000	0.0462393 	0.010000	0.0505585 	0.010000	0.000870956	
0.015000	0.220095  	0.015000	0.0619149 	0.015000	0.0551662 	0.015000	0.0551662 	0.015000	0.0611983 	0.015000	0.00071667	
0.020000	0.250912  	0.020000	0.0692523 	0.020000	0.0625895 	0.020000	0.0625895 	0.020000	0.0686377 	0.020000	0.000614539	
0.025000	0.276399  	0.025000	0.0758597 	0.025000	0.0690625 	0.025000	0.0690625 	0.025000	0.0753185 	0.025000	0.000541156	
0.030000	0.297338  	0.030000	0.0818271 	0.030000	0.0812475 	0.030000	0.0812475 	0.030000	0.0813416 	0.030000	0.000485464	
0.035000	0.314246  	0.035000	0.0870199 	0.035000	0.0885406 	0.035000	0.0885406 	0.035000	0.0865784 	0.035000	0.000441517	
0.040000	0.327528  	0.040000	0.0914177 	0.040000	0.0930341 	0.040000	0.0930341 	0.040000	0.0910119 	0.040000	0.000405812	
0.045000	0.337549  	0.045000	0.0950739 	0.045000	0.0961815 	0.045000	0.0961815 	0.045000	0.0946977 	0.045000	0.000376137	
0.050000	0.344659  	0.050000	0.0980688 	0.050000	0.0986158 	0.050000	0.0986158 	0.050000	0.0977178 	0.050000	0.000351022	
0.055000	0.349207  	0.055000	0.100487  	0.055000	0.10058   	0.055000	0.10058   	0.055000	0.100158  	0.055000	0.000329449	
0.060000	0.351531  	0.060000	0.102407  	0.060000	0.102172  	0.060000	0.102172  	0.060000	0.102097  	0.060000	0.000310688	
0.070000	0.350807  	0.070000	0.105024  	0.070000	0.104428  	0.070000	0.104428  	0.070000	0.104745  	0.070000	0.000279578	
0.080000	0.344878  	0.080000	0.106373  	0.080000	0.105657  	0.080000	0.105657  	0.080000	0.106118  	0.080000	0.00025475	
0.090000	0.335712  	0.090000	0.106786  	0.090000	0.106073  	0.090000	0.106073  	0.090000	0.106553  	0.090000	0.000232213	
0.100000	0.324801  	0.100000	0.106513  	0.100000	0.105863  	0.100000	0.105863  	0.100000	0.106298  	0.100000	0.000215423	
0.120000	0.301576  	0.120000	0.104598  	0.120000	0.104135  	0.120000	0.104135  	0.120000	0.104409  	0.120000	0.000188794	
0.140000	0.279795  	0.140000	0.101624  	0.140000	0.101357  	0.140000	0.101357  	0.140000	0.101456  	0.140000	0.000168544	
0.160000	0.260886  	0.160000	0.098174  	0.160000	0.0980793 	0.160000	0.0980793 	0.160000	0.0980214 	0.160000	0.00015257	
0.180000	0.24491   	0.180000	0.0945838 	0.180000	0.094634  	0.180000	0.094634  	0.180000	0.0944442 	0.180000	0.000139612	
0.200000	0.231468  	0.200000	0.0910442 	0.200000	0.0912133 	0.200000	0.0912133 	0.200000	0.0909153 	0.200000	0.000128867	
0.250000	0.20594   	0.250000	0.0829595 	0.250000	0.0833362 	0.250000	0.0833362 	0.250000	0.0828509 	0.250000	0.000108542	
0.300000	0.187738  	0.300000	0.0762111 	0.300000	0.0767077 	0.300000	0.0767077 	0.300000	0.076117  	0.300000	9.41612e-05	
0.350000	0.173761  	0.350000	0.0706662 	0.350000	0.0712295 	0.350000	0.0712295 	0.350000	0.0705828 	0.350000	8.3398e-05	
0.400000	0.162427  	0.400000	0.0660786 	0.400000	0.0666763 	0.400000	0.0666763 	0.400000	0.0660036 	0.400000	7.5011e-05	
0.450000	0.152888  	0.450000	0.0622292 	0.450000	0.062841  	0.450000	0.062841  	0.450000	0.0621609 	0.450000	6.82741e-05	
0.500000	0.144655  	0.500000	0.0589491 	0.500000	0.0595623 	0.500000	0.0595623 	0.500000	0.0588863 	0.500000	6.2733e-05	
0.600000	0.130988  	0.600000	0.0536292 	0.600000	0.0542236 	0.600000	0.0542236 	0.600000	0.0535751 	0.600000	5.41323e-05	
0.700000	0.119972  	0.700000	0.0494612 	0.700000	0.050023  	0.700000	0.050023  	0.700000	0.0494134 	0.700000	4.77434e-05	
0.800000	0.110835  	0.800000	0.046074  	0.800000	0.0465985 	0.800000	0.0465985 	0.800000	0.0460312 	0.800000	4.27943e-05	
0.900000	0.103104  	0.900000	0.0432454 	0.900000	0.043732  	0.900000	0.043732  	0.900000	0.0432066 	0.900000	3.88382e-05	
1.000000	0.0964627 	1.000000	0.0408339 	1.000000	0.0412836 	1.000000	0.0412836 	1.000000	0.0407983 	1.000000	3.55975e-05	
1.250000	0.0832989 	1.250000	0.0360734 	1.250000	0.03644   	1.250000	0.03644   	1.250000	0.0360439 	1.250000	2.95677e-05	
1.500000	0.073492  	1.500000	0.0325134 	1.500000	0.032811  	1.500000	0.032811  	1.500000	0.032488  	1.500000	2.53817e-05	
1.750000	0.0658792 	1.750000	0.0297228 	1.750000	0.0299635 	1.750000	0.0299635 	1.750000	0.0297005 	1.750000	2.22934e-05	
2.000000	0.0597848 	2.000000	0.0274616 	2.000000	0.0276553 	2.000000	0.0276553 	2.000000	0.0274417 	2.000000	1.99143e-05	
2.250000	0.0547872 	2.250000	0.0255837 	2.250000	0.025738  	2.250000	0.025738  	2.250000	0.0255657 	2.250000	1.80211e-05	
2.500000	0.0503904 	2.500000	0.0239936 	2.500000	0.0241146 	2.500000	0.0241146 	2.500000	0.0239771 	2.500000	1.64763e-05	
3.000000	0.0439998 	3.000000	0.021435  	3.000000	0.0215034 	3.000000	0.0215034 	3.000000	0.0214209 	3.000000	1.41012e-05	
3.500000	0.0391497 	3.500000	0.0194546 	3.500000	0.0194834 	3.500000	0.0194834 	3.500000	0.0194422 	3.500000	1.23556e-05	
4.000000	0.0353325 	4.000000	0.0178675 	4.000000	0.0178659 	4.000000	0.0178659 	4.000000	0.0178565 	4.000000	1.10149e-05	
4.500000	0.0322435 	4.500000	0.016562  	4.500000	0.0165364 	4.500000	0.0165364 	4.500000	0.0165521 	4.500000	9.95079e-06	
5.000000	0.0296885 	5.000000	0.0154658 	5.000000	0.015421  	5.000000	0.015421  	5.000000	0.0154567 	5.000000	9.08434e-06	
5.500000	0.0275373 	5.500000	0.0145299 	5.500000	0.0144694 	5.500000	0.0144694 	5.500000	0.0145215 	5.500000	8.36427e-06	
6.000000	0.0256993 	6.000000	0.0137198 	6.000000	0.0136465 	6.000000	0.0136465 	6.000000	0.013712  	6.000000	7.75577e-06	
6.500000	0.0241095 	6.500000	0.0130106 	6.500000	0.0129266 	6.500000	0.0129266 	6.500000	0.0130033 	6.500000	7.23434e-06	
7.000000	0.0227197 	7.000000	0.0123835 	7.000000	0.0122906 	7.000000	0.0122906 	7.000000	0.0123768 	7.000000	6.78222e-06	
7.500000	0.0214937 	7.500000	0.0118245 	7.500000	0.011724  	7.500000	0.011724  	7.500000	0.0118181 	7.500000	6.38623e-06	
8.000000	0.0204036 	8.000000	0.0113224 	8.000000	0.0112154 	8.000000	0.0112154 	8.000000	0.0113164 	8.000000	6.03633e-06	
8.500000	0.0194276 	8.500000	0.0108686 	8.500000	0.0107561 	8.500000	0.0107561 	8.500000	0.0108628 	8.500000	5.72479e-06	
9.000000	0.0185482 	9.000000	0.010456  	9.000000	0.0103387 	9.000000	0.0103387 	9.000000	0.0104505 	9.000000	5.44551e-06	
9.500000	0.0177515 	9.500000	0.010079  	9.500000	0.00995766	9.500000	0.00995766	9.500000	0.0100738 	9.500000	5.19365e-06	
10.000000	0.0170262 	10.000000	0.00979738	10.000000	0.00960807	10.000000	0.00960807	10.000000	0.00979241	10.000000	4.96527e-06	
11.000000	0.0157538 	11.000000	0.00923804	11.000000	0.0090075 	11.000000	0.00900762	11.000000	0.00923347	11.000000	4.56677e-06	
12.000000	0.0146732 	12.000000	0.00873798	12.000000	0.00848914	12.000000	0.00848938	12.000000	0.00873375	12.000000	4.23047e-06	
13.000000	0.0137433 	13.000000	0.00828974	13.000000	0.00803665	13.000000	0.00803679	13.000000	0.0082858 	13.000000	3.94263e-06	
14.000000	0.0129342 	14.000000	0.00788652	14.000000	0.00763759	14.000000	0.00763758	14.000000	0.00788282	14.000000	3.69333e-06	
15.000000	0.0122233 	15.000000	0.00752233	15.000000	0.0072824 	15.000000	0.00728242	15.000000	0.00751886	15.000000	3.47518e-06	
16.000000	0.0115935 	16.000000	0.00719207	16.000000	0.00696423	16.000000	0.00696411	16.000000	0.00718879	16.000000	3.2826e-06	
17.000000	0.0110314 	17.000000	0.00689139	17.000000	0.00667745	17.000000	0.00667695	17.000000	0.00688828	17.000000	3.11128e-06	
18.000000	0.0105265 	18.000000	0.00661659	18.000000	0.00641709	18.000000	0.00641641	18.000000	0.00661363	18.000000	2.95781e-06	
19.000000	0.0100703 	19.000000	0.00636454	19.000000	0.00617945	19.000000	0.00617879	19.000000	0.00636172	19.000000	2.81951e-06	
20.000000	0.00965594	20.000000	0.00613256	20.000000	0.00596175	20.000000	0.00596107	20.000000	0.00612986	20.000000	2.69419e-06	
21.000000	0.00927783	21.000000	0.00591837	21.000000	0.00576134	21.000000	0.00576061	21.000000	0.00591579	21.000000	2.58008e-06	
22.000000	0.00893133	22.000000	0.00572002	22.000000	0.00557617	22.000000	0.00557546	22.000000	0.00571754	22.000000	2.47571e-06	
23.000000	0.00861255	23.000000	0.00553581	23.000000	0.00540474	23.000000	0.00540402	23.000000	0.00553343	23.000000	2.37986e-06	
24.000000	0.00831824	24.000000	0.0053643 	24.000000	0.00524564	24.000000	0.00524464	24.000000	0.00536201	24.000000	2.29153e-06	
25.000000	0.00804563	25.000000	0.00520421	25.000000	0.00509751	25.000000	0.00509605	25.000000	0.005202  	25.000000	2.20983e-06	
27.000000	0.00755642	27.000000	0.004914  	27.000000	0.00482884	27.000000	0.004827  	27.000000	0.00491193	27.000000	2.06354e-06	
29.000000	0.00712969	29.000000	0.00465786	29.000000	0.00459155	29.000000	0.00458974	29.000000	0.00465592	29.000000	1.93627e-06	
31.000000	0.00675399	31.000000	0.0044301 	31.000000	0.00437544	31.000000	0.00437361	31.000000	0.00442828	31.000000	1.82448e-06	
33.000000	0.00642053	33.000000	0.00422622	33.000000	0.00417709	33.000000	0.00417537	33.000000	0.00422449	33.000000	1.72547e-06	
35.000000	0.00612244	35.000000	0.00404262	35.000000	0.00399852	35.000000	0.00399699	35.000000	0.00404098	35.000000	1.63713e-06	
38.000000	0.00573001	38.000000	0.00379903	38.000000	0.00376246	38.000000	0.0037604 	38.000000	0.00379751	38.000000	1.5211e-06	
41.000000	0.00539103	41.000000	0.00358696	41.000000	0.0035565 	41.000000	0.00355437	41.000000	0.00358554	41.000000	1.42111e-06	
44.000000	0.0050951 	44.000000	0.0034006 	44.000000	0.00337514	44.000000	0.00337319	44.000000	0.00339927	44.000000	1.33401e-06	
47.000000	0.00483435	47.000000	0.00323551	47.000000	0.00321437	47.000000	0.00321252	47.000000	0.00323426	47.000000	1.25743e-06	
50.000000	0.00460275	50.000000	0.0030882 	50.000000	0.00307071	50.000000	0.00306898	50.000000	0.00308702	50.000000	1.18954e-06	
55.000000	0.00426915	55.000000	0.00287497	55.000000	0.00286241	55.000000	0.00286081	55.000000	0.00287388	55.000000	1.09198e-06	
60.000000	0.00398749	60.000000	0.00269405	60.000000	0.00268534	60.000000	0.00268376	60.000000	0.00269304	60.000000	1.00983e-06	
65.000000	0.00374629	65.000000	0.00253853	65.000000	0.00253307	65.000000	0.0025312 	65.000000	0.00253759	65.000000	9.39667e-07	
70.000000	0.00353726	70.000000	0.00240337	70.000000	0.00239999	70.000000	0.00239829	70.000000	0.00240249	70.000000	8.79011e-07	
75.000000	0.00335425	75.000000	0.00228477	75.000000	0.00228301	75.000000	0.0022814 	75.000000	0.00228395	75.000000	8.26025e-07	
80.000000	0.00319258	80.000000	0.00217985	80.000000	0.00217927	80.000000	0.00217776	80.000000	0.00217907	80.000000	7.79323e-07	
85.000000	0.00304865	85.000000	0.00208633	85.000000	0.00208662	85.000000	0.00208519	85.000000	0.00208559	85.000000	7.37834e-07	
90.000000	0.00291963	90.000000	0.00200244	90.000000	0.00200337	90.000000	0.00200199	90.000000	0.00200174	90.000000	7.0072e-07	
95.000000	0.00280327	95.000000	0.00192675	95.000000	0.00192842	95.000000	0.00192679	95.000000	0.00192609	95.000000	6.67314e-07	
100.000000	0.00269774	100.000000	0.00185811	100.000000	0.00186003	100.000000	0.00185846	100.000000	0.00185747	100.000000	6.37079e-07	
105.000000	0.00260158	105.000000	0.00179556	105.000000	0.0017976 	105.000000	0.00179611	105.000000	0.00179495	105.000000	6.09579e-07	
110.000000	0.00251356	110.000000	0.00173832	110.000000	0.0017404 	110.000000	0.00173896	110.000000	0.00173773	110.000000	5.84452e-07	
115.000000	0.00243265	115.000000	0.00168573	115.000000	0.00168778	115.000000	0.00168639	115.000000	0.00168517	115.000000	5.614e-07 	
120.000000	0.00235802	120.000000	0.00163726	120.000000	0.0016392 	120.000000	0.00163787	120.000000	0.00163672	120.000000	5.40174e-07	
125.000000	0.00228894	125.000000	0.00159242	125.000000	0.00159423	125.000000	0.00159293	125.000000	0.0015919 	125.000000	5.2056e-07	
130.000000	0.0022248 	130.000000	0.00155082	130.000000	0.00155245	130.000000	0.0015512 	130.000000	0.00155032	130.000000	5.0238e-07	
135.000000	0.00216507	135.000000	0.00151212	135.000000	0.00151352	135.000000	0.00151234	135.000000	0.00151164	135.000000	4.8548e-07	
140.000000	0.00210931	140.000000	0.00147603	140.000000	0.00147733	140.000000	0.00147605	140.000000	0.00147556	140.000000	4.69727e-07	
145.000000	0.00205711	145.000000	0.00144229	145.000000	0.00144349	145.000000	0.00144211	145.000000	0.00144183	145.000000	4.55007e-07	
150.000000	0.00200815	150.000000	0.00141067	150.000000	0.00141162	150.000000	0.00141027	150.000000	0.00141023	150.000000	4.41219e-07	
155.000000	0.0019392 	155.000000	0.00138098	155.000000	0.00138165	155.000000	0.00138036	155.000000	0.00138055	155.000000	4.28278e-07	
160.000000	0.00189879	160.000000	0.00135305	160.000000	0.00135347	160.000000	0.0013522 	160.000000	0.00135264	160.000000	4.16105e-07	
165.000000	0.00186069	165.000000	0.00132673	165.000000	0.00132688	165.000000	0.00132564	165.000000	0.00132632	165.000000	4.04635e-07	
170.000000	0.00182469	170.000000	0.00130187	170.000000	0.00130176	170.000000	0.00130055	170.000000	0.00130148	170.000000	3.93805e-07	
175.000000	0.00179063	175.000000	0.00127837	175.000000	0.001278  	175.000000	0.00127681	175.000000	0.00127799	175.000000	3.83565e-07	
180.000000	0.00175835	180.000000	0.00125611	180.000000	0.00125548	180.000000	0.00125432	180.000000	0.00125573	180.000000	3.73866e-07	
185.000000	0.00172771	185.000000	0.00123499	185.000000	0.00123412	185.000000	0.00123298	185.000000	0.00123463	185.000000	3.64665e-07	
190.000000	0.00169859	190.000000	0.00121494	190.000000	0.00121382	190.000000	0.0012127 	190.000000	0.00121458	190.000000	3.55926e-07	
195.000000	0.00167089	195.000000	0.00119587	195.000000	0.0011945 	195.000000	0.00119342	195.000000	0.00119552	195.000000	3.47612e-07	
200.000000	0.00164449	200.000000	0.00117771	200.000000	0.0011761 	200.000000	0.00117504	200.000000	0.00117737	200.000000	3.39695e-07	
210.000000	0.00159525	210.000000	0.00114388	210.000000	0.00114198	210.000000	0.00114081	210.000000	0.00114355	210.000000	3.24937e-07	
220.000000	0.00155025	220.000000	0.001113  	220.000000	0.00111072	220.000000	0.00110955	220.000000	0.00111269	220.000000	3.11458e-07	
230.000000	0.00150896	230.000000	0.00108471	230.000000	0.00108203	230.000000	0.0010809 	230.000000	0.00108441	230.000000	2.99096e-07	
240.000000	0.00147093	240.000000	0.00105869	240.000000	0.00105565	240.000000	0.00105456	240.000000	0.0010584 	240.000000	2.87716e-07	
250.000000	0.0014358 	250.000000	0.00103468	250.000000	0.00103132	250.000000	0.00103025	250.000000	0.0010344 	250.000000	2.77204e-07	
260.000000	0.00140323	260.000000	0.00101246	260.000000	0.0010088 	260.000000	0.00100776	260.000000	0.0010122 	260.000000	2.67463e-07	
270.000000	0.00137297	270.000000	0.000991845	270.000000	0.000987911	270.000000	0.000986899	270.000000	0.000991586	270.000000	2.5841e-07	
280.000000	0.00134477	280.000000	0.000972661	280.000000	0.000968479	280.000000	0.000967492	280.000000	0.000972411	280.000000	2.49974e-07	
290.000000	0.00131842	290.000000	0.000954767	290.000000	0.000950347	290.000000	0.000949399	290.000000	0.000954525	290.000000	2.42093e-07	
300.000000	0.00129376	300.000000	0.000938041	300.000000	0.000933489	300.000000	0.000932494	300.000000	0.000937807	300.000000	2.34713e-07	
310.000000	0.00127063	310.000000	0.000922373	310.000000	0.000917729	310.000000	0.000916668	310.000000	0.000922146	310.000000	2.27787e-07	
320.000000	0.00124889	320.000000	0.000907668	320.000000	0.000902862	320.000000	0.000901824	320.000000	0.000907447	320.000000	2.21275e-07	
330.000000	0.00122842	330.000000	0.000893841	330.000000	0.000888885	330.000000	0.000887876	330.000000	0.000893626	330.000000	2.15139e-07	
340.000000	0.00120911	340.000000	0.000880818	340.000000	0.000875743	340.000000	0.000874749	340.000000	0.000880609	340.000000	2.09347e-07	
350.000000	0.00119087	350.000000	0.000868532	350.000000	0.000863352	350.000000	0.000862375	350.000000	0.000868328	350.000000	2.03871e-07	
360.000000	0.00117362	360.000000	0.000856924	360.000000	0.000851654	360.000000	0.000850694	360.000000	0.000856726	360.000000	1.98686e-07	
370.000000	0.00115727	370.000000	0.000845942	370.000000	0.000840596	370.000000	0.000839652	370.000000	0.000845748	370.000000	1.93768e-07	
380.000000	0.00114176	380.000000	0.000835536	380.000000	0.00083013	380.000000	0.000829201	380.000000	0.000835347	380.000000	1.89097e-07	
390.000000	0.00112702	390.000000	0.000825665	390.000000	0.000820211	390.000000	0.000819295	390.000000	0.000825481	390.000000	1.84655e-07	
400.000000	0.00111301	400.000000	0.00081629	400.000000	0.000810799	400.000000	0.000809897	400.000000	0.00081611	400.000000	1.80425e-07	
410.000000	0.00109968	410.000000	0.000807376	410.000000	0.00080186	410.000000	0.000800971	410.000000	0.0008072 	410.000000	1.76392e-07	
420.000000	0.00108697	420.000000	0.000798891	420.000000	0.000793363	420.000000	0.000792483	420.000000	0.000798718	420.000000	1.72542e-07	
430.000000	0.00107484	430.000000	0.000790805	430.000000	0.000785271	430.000000	0.000784404	430.000000	0.000790637	430.000000	1.68864e-07	
440.000000	0.00106326	440.000000	0.000783094	440.000000	0.000777553	440.000000	0.000776707	440.000000	0.000782929	440.000000	1.65345e-07	
450.000000	0.00105219	450.000000	0.000775732	450.000000	0.000770204	450.000000	0.000769368	450.000000	0.00077557	450.000000	1.61975e-07	
460.000000	0.0010416 	460.000000	0.000768698	460.000000	0.000763224	460.000000	0.000762363	460.000000	0.000768539	460.000000	1.58746e-07	
470.000000	0.00103147	470.000000	0.000761971	470.000000	0.000756575	470.000000	0.000755673	470.000000	0.000761815	470.000000	1.55648e-07	
480.000000	0.00102176	480.000000	0.000755533	480.000000	0.000750219	480.000000	0.000749295	480.000000	0.00075538	480.000000	1.52673e-07	
490.000000	0.00101244	490.000000	0.000749367	490.000000	0.000744125	490.000000	0.000743207	490.000000	0.000749217	490.000000	1.49814e-07	
500.000000	0.00100351	500.000000	0.000743456	500.000000	0.000738278	500.000000	0.000737378	500.000000	0.000743309	500.000000	1.47064e-07	
520.000000	0.000986687	520.000000	0.000732345	520.000000	0.000727316	520.000000	0.000726437	520.000000	0.000732204	520.000000	1.41868e-07	
540.000000	0.000971141	540.000000	0.000722097	540.000000	0.000717231	540.000000	0.000716365	540.000000	0.00072196	540.000000	1.3704e-07	
560.000000	0.000956739	560.000000	0.000712622	560.000000	0.000707921	560.000000	0.000707072	560.000000	0.000712489	560.000000	1.32543e-07	
580.000000	0.00094337	580.000000	0.000703841	580.000000	0.000699314	580.000000	0.000698478	580.000000	0.000703713	580.000000	1.28341e-07	
600.000000	0.000930935	600.000000	0.000695689	600.000000	0.000691337	600.000000	0.000690515	600.000000	0.000695564	600.000000	1.24408e-07	
620.000000	0.000919349	620.000000	0.000688105	620.000000	0.000683934	620.000000	0.000683124	620.000000	0.000687984	620.000000	1.20718e-07	
640.000000	0.000908536	640.000000	0.000681038	640.000000	0.000677051	640.000000	0.00067625	640.000000	0.000680921	640.000000	1.17248e-07	
660.000000	0.00089843	660.000000	0.000674443	660.000000	0.000670635	660.000000	0.000669848	660.000000	0.000674329	660.000000	1.1398e-07	
680.000000	0.000888971	680.000000	0.000668279	680.000000	0.000664646	680.000000	0.000663877	680.000000	0.000668168	680.000000	1.10896e-07	
700.000000	0.000880107	700.000000	0.000662509	700.000000	0.000659074	700.000000	0.000658299	700.000000	0.000662401	700.000000	1.0798e-07	
720.000000	0.000871791	720.000000	0.000657103	720.000000	0.000653892	720.000000	0.000653083	720.000000	0.000656998	720.000000	1.05219e-07	
740.000000	0.00086398	740.000000	0.000652031	740.000000	0.000649035	740.000000	0.000648198	740.000000	0.000651929	740.000000	1.02602e-07	
760.000000	0.000856638	760.000000	0.000647268	760.000000	0.000644454	760.000000	0.000643619	760.000000	0.000647168	760.000000	1.00116e-07	
780.000000	0.00084973	780.000000	0.000642791	780.000000	0.000640143	780.000000	0.000639323	780.000000	0.000642693	780.000000	9.77519e-08	
800.000000	0.000843225	800.000000	0.000638578	800.000000	0.000636095	800.000000	0.000635287	800.000000	0.000638482	800.000000	9.55013e-08	
820.000000	0.000837096	820.000000	0.000634611	820.000000	0.000632294	820.000000	0.000631493	820.000000	0.000634518	820.000000	9.33558e-08	
840.000000	0.000831316	840.000000	0.000630873	840.000000	0.000628719	840.000000	0.000627923	840.000000	0.000630782	840.000000	9.13082e-08	
860.000000	0.000825864	860.000000	0.000627348	860.000000	0.000625351	860.000000	0.000624561	860.000000	0.000627259	860.000000	8.93517e-08	
880.000000	0.000820717	880.000000	0.000624023	880.000000	0.000622176	880.000000	0.000621393	880.000000	0.000623935	880.000000	8.74805e-08	
900.000000	0.000815858	900.000000	0.000620883	900.000000	0.000619183	900.000000	0.000618406	900.000000	0.000620797	900.000000	8.56889e-08	
920.000000	0.000811267	920.000000	0.000617918	920.000000	0.000616358	920.000000	0.000615588	920.000000	0.000617834	920.000000	8.39719e-08	
940.000000	0.000806929	940.000000	0.000615116	940.000000	0.000613692	940.000000	0.000612927	940.000000	0.000615034	940.000000	8.23249e-08	
960.000000	0.000802829	960.000000	0.000612468	960.000000	0.000611173	960.000000	0.000610413	960.000000	0.000612387	960.000000	8.07437e-08	
980.000000	0.000798954	980.000000	0.000609964	980.000000	0.000608793	980.000000	0.000608038	980.000000	0.000609885	980.000000	7.92243e-08	
1000.000000	0.00079529	1000.000000	0.000607596	1000.000000	0.000606542	1000.000000	0.000605792	1000.000000	0.000607518	1000.000000	7.77631e-08	
1020.000000	0.000791826	1020.000000	0.000605355	1020.000000	0.000604414	1020.000000	0.000603668	1020.000000	0.000605279	1020.000000	7.63569e-08	
1040.000000	0.000788552	1040.000000	0.000603236	1040.000000	0.000602399	1040.000000	0.000601658	1040.000000	0.000603161	1040.000000	7.50024e-08	
1060.000000	0.000785456	1060.000000	0.000601231	1060.000000	0.000600492	1060.000000	0.000599756	1060.000000	0.000601157	1060.000000	7.3697e-08	
1080.000000	0.00078253	1080.000000	0.000599334	1080.000000	0.000598687	1080.000000	0.000597955	1080.000000	0.000599261	1080.000000	7.24379e-08	
1100.000000	0.000779765	1100.000000	0.000597539	1100.000000	0.000596978	1100.000000	0.000596249	1100.000000	0.000597467	1100.000000	7.12226e-08	
1120.000000	0.000777153	1120.000000	0.00059584	1120.000000	0.000595359	1120.000000	0.000594634	1120.000000	0.00059577	1120.000000	7.0049e-08	
1140.000000	0.000774687	1140.000000	0.000594234	1140.000000	0.000593827	1140.000000	0.000593104	1140.000000	0.000594165	1140.000000	6.89149e-08	
1160.000000	0.000772359	1160.000000	0.000592715	1160.000000	0.000592374	1160.000000	0.000591654	1160.000000	0.000592647	1160.000000	6.78182e-08	
1180.000000	0.000770162	1180.000000	0.000591278	1180.000000	0.000590996	1180.000000	0.00059028	1180.000000	0.000591211	1180.000000	6.67572e-08	
1200.000000	0.000768092	1200.000000	0.000589921	1200.000000	0.00058969	1200.000000	0.000588978	1200.000000	0.000589855	1200.000000	6.573e-08 	
1220.000000	0.000766141	1220.000000	0.000588638	1220.000000	0.000588451	1220.000000	0.000587744	1220.000000	0.000588573	1220.000000	6.47352e-08	
1240.000000	0.000764305	1240.000000	0.000587427	1240.000000	0.000587276	1240.000000	0.000586575	1240.000000	0.000587363	1240.000000	6.37711e-08	
1260.000000	0.000762577	1260.000000	0.000586283	1260.000000	0.000586163	1260.000000	0.000585467	1260.000000	0.000586221	1260.000000	6.28364e-08	
1280.000000	0.000760955	1280.000000	0.000585205	1280.000000	0.00058511	1280.000000	0.000584418	1280.000000	0.000585143	1280.000000	6.19297e-08	
1300.000000	0.000759433	1300.000000	0.000584189	1300.000000	0.000584116	1300.000000	0.000583424	1300.000000	0.000584128	1300.000000	6.10497e-08	
1320.000000	0.000758006	1320.000000	0.000583232	1320.000000	0.000583178	1320.000000	0.000582482	1320.000000	0.000583172	1320.000000	6.01953e-08	
1340.000000	0.000756672	1340.000000	0.000582332	1340.000000	0.000582294	1340.000000	0.00058159	1340.000000	0.000582272	1340.000000	5.93654e-08	
1360.000000	0.000755425	1360.000000	0.000581486	1360.000000	0.000581459	1360.000000	0.000580746	1360.000000	0.000581427	1360.000000	5.85589e-08	
1380.000000	0.000754263	1380.000000	0.000580691	1380.000000	0.00058067	1380.000000	0.000579947	1380.000000	0.000580634	1380.000000	5.77747e-08	
1400.000000	0.000753182	1400.000000	0.000579947	1400.000000	0.000579924	1400.000000	0.000579191	1400.000000	0.00057989	1400.000000	5.70121e-08	
1420.000000	0.000752179	1420.000000	0.00057925	1420.000000	0.000579217	1420.000000	0.000578476	1420.000000	0.000579194	1420.000000	5.62701e-08	
1440.000000	0.000751252	1440.000000	0.000578599	1440.000000	0.000578547	1440.000000	0.0005778 	1440.000000	0.000578543	1440.000000	5.55479e-08	
1460.000000	0.000750396	1460.000000	0.000577991	1460.000000	0.000577912	1460.000000	0.000577161	1460.000000	0.000577936	1460.000000	5.48446e-08	
1480.000000	0.00074961	1480.000000	0.000577426	1480.000000	0.000577309	1480.000000	0.000576559	1480.000000	0.000577372	1480.000000	5.41596e-08	
1500.000000	0.00074889	1500.000000	0.000576901	1500.000000	0.000576739	1500.000000	0.00057599	1500.000000	0.000576847	1500.000000	5.34921e-08	
1520.000000	0.000748236	1520.000000	0.000576415	1520.000000	0.0005762 	1520.000000	0.000575454	1520.000000	0.000576362	1520.000000	5.28414e-08	
1540.000000	0.000747643	1540.000000	0.000575966	1540.000000	0.000575692	1540.000000	0.000574948	1540.000000	0.000575914	1540.000000	5.2207e-08	
1560.000000	0.00074711	1560.000000	0.000575553	1560.000000	0.000575213	1560.000000	0.000574473	1560.000000	0.000575501	1560.000000	5.15882e-08	
1580.000000	0.000746635	1580.000000	0.000575175	1580.000000	0.000574762	1580.000000	0.000574026	1580.000000	0.000575124	1580.000000	5.09844e-08	
1600.000000	0.000746216	1600.000000	0.00057483	1600.000000	0.000574338	1600.000000	0.000573606	1600.000000	0.000574779	1600.000000	5.0395e-08	
1620.000000	0.000745851	1620.000000	0.000574517	1620.000000	0.000573942	1620.000000	0.000573212	1620.000000	0.000574467	1620.000000	4.98197e-08	
1640.000000	0.000745538	1640.000000	0.000574235	1640.000000	0.00057357	1640.000000	0.000572843	1640.000000	0.000574185	1640.000000	4.92578e-08	
1660.000000	0.000745275	1660.000000	0.000573982	1660.000000	0.000573223	1660.000000	0.000572498	1660.000000	0.000573934	1660.000000	4.87089e-08	
1680.000000	0.000745062	1680.000000	0.000573759	1680.000000	0.000572899	1680.000000	0.000572175	1680.000000	0.000573711	1680.000000	4.81726e-08	
1700.000000	0.000744895	1700.000000	0.000573563	1700.000000	0.000572597	1700.000000	0.000571875	1700.000000	0.000573516	1700.000000	4.76483e-08	
1750.000000	0.000744676	1750.000000	0.000573189	1750.000000	0.000571933	1750.000000	0.000571213	1750.000000	0.000573143	1750.000000	4.6388e-08	
1800.000000	0.00074472	1800.000000	0.000572969	1800.000000	0.000571387	1800.000000	0.00057067	1800.000000	0.000572924	1800.000000	4.5195e-08	
1850.000000	0.00074501	1850.000000	0.000572891	1850.000000	0.000570947	1850.000000	0.000570234	1850.000000	0.000572847	1850.000000	4.40639e-08	
1900.000000	0.000745527	1900.000000	0.000572943	1900.000000	0.000570604	1900.000000	0.000569894	1900.000000	0.0005729 	1900.000000	4.299e-08 	
1950.000000	0.000746255	1950.000000	0.000573115	1950.000000	0.000570348	1950.000000	0.000569641	1950.000000	0.000573073	1950.000000	4.1969e-08	
2000.000000	0.000747181	2000.000000	0.000573398	2000.000000	0.000570172	2000.000000	0.000569467	2000.000000	0.000573357	2000.000000	4.09971e-08	
2100.000000	0.000749573	2100.000000	0.000574268	2100.000000	0.000570028	2100.000000	0.000569329	2100.000000	0.000574228	2100.000000	3.91867e-08	
2200.000000	0.000752615	2200.000000	0.000575495	2200.000000	0.000570122	2200.000000	0.000569428	2200.000000	0.000575457	2200.000000	3.75345e-08	
2300.000000	0.00075623	2300.000000	0.000577033	2300.000000	0.000570414	2300.000000	0.000569723	2300.000000	0.000576997	2300.000000	3.60206e-08	
2400.000000	0.000760357	2400.000000	0.000578843	2400.000000	0.000570869	2400.000000	0.000570182	2400.000000	0.000578808	2400.000000	3.46279e-08	
2500.000000	0.000764943	2500.000000	0.000580892	2500.000000	0.00057147	2500.000000	0.000570786	2500.000000	0.000580859	2500.000000	3.33425e-08	
2600.000000	0.000769941	2600.000000	0.000583153	2600.000000	0.000572247	2600.000000	0.000571566	2600.000000	0.000583121	2600.000000	3.21522e-08	
2700.000000	0.000775314	2700.000000	0.000585601	2700.000000	0.000573116	2700.000000	0.000572438	2700.000000	0.00058557	2700.000000	3.10467e-08	
2800.000000	0.000781028	2800.000000	0.000588217	2800.000000	0.000574062	2800.000000	0.000573387	2800.000000	0.000588187	2800.000000	3.00171e-08	
2900.000000	0.000787054	2900.000000	0.000590982	2900.000000	0.000575073	2900.000000	0.0005744 	2900.000000	0.000590953	2900.000000	2.90559e-08	
3000.000000	0.000793367	3000.000000	0.000593882	3000.000000	0.000576137	3000.000000	0.000575466	3000.000000	0.000593854	3000.000000	2.81564e-08	
3200.000000	0.000806767	3200.000000	0.000600033	3200.000000	0.000578389	3200.000000	0.000577722	3200.000000	0.000600006	3200.000000	2.65197e-08	
3400.000000	0.000821082	3400.000000	0.000606582	3400.000000	0.00058076	3400.000000	0.000580096	3400.000000	0.000606557	3400.000000	2.50686e-08	
3600.000000	0.000836196	3600.000000	0.000613461	3600.000000	0.000583207	3600.000000	0.000582546	3600.000000	0.000613437	3600.000000	2.37728e-08	
3800.000000	0.000852016	3800.000000	0.000620615	3800.000000	0.000585697	3800.000000	0.000585039	3800.000000	0.000620593	3800.000000	2.26084e-08	
4000.000000	0.000868469	4000.000000	0.000628002	4000.000000	0.000588209	4000.000000	0.000587552	4000.000000	0.00062798	4000.000000	2.15563e-08	
4200.000000	0.000885494	4200.000000	0.000635585	4200.000000	0.000590724	4200.000000	0.000590069	4200.000000	0.000635565	4200.000000	2.06007e-08	
4400.000000	0.000903042	4400.000000	0.000643337	4400.000000	0.000593229	4400.000000	0.000592576	4400.000000	0.000643318	4400.000000	1.97289e-08	
4600.000000	0.00092107	4600.000000	0.000651234	4600.000000	0.000595715	4600.000000	0.000595063	4600.000000	0.000651215	4600.000000	1.89301e-08	
4800.000000	0.000939544	4800.000000	0.000659256	4800.000000	0.000598174	4800.000000	0.000597524	4800.000000	0.000659238	4800.000000	1.81954e-08	
5000.000000	0.000958435	5000.000000	0.000667387	5000.000000	0.000600603	5000.000000	0.000599953	5000.000000	0.000667369	5000.000000	1.75175e-08	
5250.000000	0.000982596	5250.000000	0.000677682	5250.000000	0.000603588	5250.000000	0.00060294	5250.000000	0.000677665	5250.000000	1.674e-08 	
5500.000000	0.00100733	5500.000000	0.000688103	5500.000000	0.000606514	5500.000000	0.000605867	5500.000000	0.000688087	5500.000000	1.60307e-08	
6000.000000	0.00105837	6000.000000	0.000709249	6000.000000	0.000612175	6000.000000	0.00061153	6000.000000	0.000709234	6000.000000	1.47834e-08	
6500.000000	0.00111136	6500.000000	0.000730711	6500.000000	0.000617578	6500.000000	0.000616934	6500.000000	0.000730697	6500.000000	1.37214e-08	
7000.000000	0.00116613	7000.000000	0.000752408	7000.000000	0.000622727	7000.000000	0.000622084	7000.000000	0.000752395	7000.000000	1.28059e-08	
7500.000000	0.00122257	7500.000000	0.000774281	7500.000000	0.000627631	7500.000000	0.00062699	7500.000000	0.000774269	7500.000000	1.20083e-08	
8000.000000	0.0012806 	8000.000000	0.000796287	8000.000000	0.000632305	8000.000000	0.000631665	8000.000000	0.000796276	8000.000000	1.1307e-08	
8500.000000	0.00134015	8500.000000	0.000818394	8500.000000	0.000636762	8500.000000	0.000636123	8500.000000	0.000818383	8500.000000	1.06854e-08	
9000.000000	0.00140116	9000.000000	0.000840576	9000.000000	0.000641015	9000.000000	0.000640378	9000.000000	0.000840566	9000.000000	1.01306e-08	
9500.000000	0.00146361	9500.000000	0.000862814	9500.000000	0.000645083	9500.000000	0.000644444	9500.000000	0.000862804	9500.000000	9.63213e-09	
10000.000000	0.00152745	10000.000000	0.000885094	10000.000000	0.000648977	10000.000000	0.000648335	10000.000000	0.000885085	10000.000000	9.18183e-09	
11000.000000	0.00165922	11000.000000	0.000929733	11000.000000	0.000656276	11000.000000	0.000655637	11000.000000	0.000929724	11000.000000	8.40001e-09	
12000.000000	0.00179632	12000.000000	0.000974424	12000.000000	0.000662987	12000.000000	0.00066237	12000.000000	0.000974416	12000.000000	7.74427e-09	
13000.000000	0.00193864	13000.000000	0.00101912	13000.000000	0.000669214	13000.000000	0.000668607	13000.000000	0.00101912	13000.000000	7.18614e-09	
14000.000000	0.00208613	14000.000000	0.0010638 	14000.000000	0.000675029	14000.000000	0.000674408	14000.000000	0.00106379	14000.000000	6.70516e-09	
15000.000000	0.00223873	15000.000000	0.00110844	15000.000000	0.000680472	15000.000000	0.000679827	15000.000000	0.00110843	15000.000000	6.28622e-09	
16000.000000	0.00239641	16000.000000	0.00115302	16000.000000	0.000685567	16000.000000	0.000684906	16000.000000	0.00115302	16000.000000	5.91795e-09	
17000.000000	0.00255917	17000.000000	0.00119754	17000.000000	0.000690344	17000.000000	0.000689681	17000.000000	0.00119754	17000.000000	5.59161e-09	
18000.000000	0.00272697	18000.000000	0.001242  	18000.000000	0.000694836	18000.000000	0.000694185	18000.000000	0.00124199	18000.000000	5.30035e-09	
19000.000000	0.00289984	19000.000000	0.00128638	19000.000000	0.000699071	19000.000000	0.000698445	19000.000000	0.00128638	19000.000000	5.03875e-09	
20000.000000	0.00307776	20000.000000	0.00133069	20000.000000	0.000703077	20000.000000	0.000702485	20000.000000	0.00133069	20000.000000	4.80247e-09	
21000.000000	0.00326075	21000.000000	0.00137493	21000.000000	0.000706881	21000.000000	0.000706323	21000.000000	0.00137492	21000.000000	4.58796e-09	
22000.000000	0.00344881	22000.000000	0.00141909	22000.000000	0.000710518	22000.000000	0.000709979	22000.000000	0.00141909	22000.000000	4.39232e-09	
23000.000000	0.00364197	23000.000000	0.00146318	23000.000000	0.000714006	23000.000000	0.000713467	23000.000000	0.00146317	23000.000000	4.21315e-09	
24000.000000	0.00384023	24000.000000	0.00150719	24000.000000	0.000717339	24000.000000	0.000716802	24000.000000	0.00150719	24000.000000	4.04843e-09	
25000.000000	0.00404361	25000.000000	0.00155114	25000.000000	0.000720521	25000.000000	0.000719995	25000.000000	0.00155113	25000.000000	3.89646e-09	
26000.000000	0.00425213	26000.000000	0.00159501	26000.000000	0.000723576	26000.000000	0.000723058	26000.000000	0.00159501	26000.000000	3.7558e-09	
27000.000000	0.00446582	27000.000000	0.00163881	27000.000000	0.000726522	27000.000000	0.000726  	27000.000000	0.00163881	27000.000000	3.62523e-09	
28000.000000	0.00468468	28000.000000	0.00168254	28000.000000	0.000729352	28000.000000	0.00072883	28000.000000	0.00168254	28000.000000	3.50369e-09	
29000.000000	0.00490876	29000.000000	0.00172621	29000.000000	0.000732066	29000.000000	0.000731555	29000.000000	0.00172621	29000.000000	3.39026e-09	
30000.000000	0.00513806	30000.000000	0.00176981	30000.000000	0.000734672	30000.000000	0.000734183	30000.000000	0.00176981	30000.000000	3.28415e-09	
32000.000000	0.00561243	32000.000000	0.00185682	32000.000000	0.000739612	32000.000000	0.000739171	32000.000000	0.00185682	32000.000000	3.0912e-09	
34000.000000	0.00610802	34000.000000	0.00194359	34000.000000	0.000744243	34000.000000	0.000743838	34000.000000	0.00194359	34000.000000	2.92025e-09	
36000.000000	0.00662502	36000.000000	0.00203012	36000.000000	0.000748598	36000.000000	0.000748221	36000.000000	0.00203012	36000.000000	2.7677e-09	
38000.000000	0.00716364	38000.000000	0.00211643	38000.000000	0.000752704	38000.000000	0.000752351	38000.000000	0.00211643	38000.000000	2.63072e-09	
40000.000000	0.00772412	40000.000000	0.00220252	40000.000000	0.000756585	40000.000000	0.000756255	40000.000000	0.00220252	40000.000000	2.50701e-09	
42000.000000	0.00830667	42000.000000	0.00228841	42000.000000	0.000760262	42000.000000	0.000759954	42000.000000	0.00228841	42000.000000	2.39472e-09	
44000.000000	0.00891151	44000.000000	0.0023741 	44000.000000	0.000763753	44000.000000	0.000763467	44000.000000	0.0023741 	44000.000000	2.29232e-09	
46000.000000	0.00953889	46000.000000	0.00245961	46000.000000	0.000767076	46000.000000	0.000766813	46000.000000	0.00245961	46000.000000	2.19855e-09	
48000.000000	0.010189  	48000.000000	0.00254493	48000.000000	0.000770244	48000.000000	0.000770005	48000.000000	0.00254493	48000.000000	2.11236e-09	
50000.000000	0.0108622 	50000.000000	0.00263008	50000.000000	0.000773266	50000.000000	0.000773057	50000.000000	0.00263008	50000.000000	2.03285e-09	
