*Energy (MeV/u)1	0 - [He-base] F.Hubert et al, AD&ND Tables 46(1990)1	Energy (MeV/u)2	1 - [H -base] J.F.Ziegler et al, Pergamon Press, NY (low energy)	Energy (MeV/u)3	2 - ATIMA 1.2  LS-theory (recommended for high energy)	Energy (MeV/u)4	3 - ATIMA 1.2  without LS-correction	Energy (MeV/u)5	4 - electrical component of [1] - J.F.Ziegler et al	Energy (MeV/u)6	5 - nuclear component of [1] - J.F.Ziegler et al	
0.001000	0.255679  	0.001000	0.0526559 	0.001000	0.0558066 	0.001000	0.0558066 	0.001000	0.0390255 	0.001000	0.0136303 	
0.002000	0.299144  	0.002000	0.070078  	0.002000	0.0725874 	0.002000	0.0725874 	0.002000	0.0571367 	0.002000	0.0129413 	
0.005000	0.421138  	0.005000	0.105039  	0.005000	0.104771  	0.005000	0.104771  	0.005000	0.0945763 	0.005000	0.0104623 	
0.008000	0.523295  	0.008000	0.13127   	0.008000	0.128086  	0.008000	0.128086  	0.008000	0.122475  	0.008000	0.00879444	
0.010000	0.584044  	0.010000	0.146452  	0.010000	0.141356  	0.010000	0.141356  	0.010000	0.138468  	0.010000	0.00798372	
0.015000	0.685929  	0.015000	0.179616  	0.015000	0.169902  	0.015000	0.169902  	0.015000	0.173061  	0.015000	0.00655506	
0.020000	0.765799  	0.020000	0.208342  	0.020000	0.19423   	0.020000	0.19423   	0.020000	0.202729  	0.020000	0.00561315	
0.025000	0.852663  	0.025000	0.233211  	0.025000	0.215568  	0.025000	0.215568  	0.025000	0.228273  	0.025000	0.00493805	
0.030000	0.923087  	0.030000	0.25449   	0.030000	0.2553    	0.030000	0.2553    	0.030000	0.250063  	0.030000	0.00442659	
0.035000	0.979418  	0.035000	0.274836  	0.035000	0.281262  	0.035000	0.281262  	0.035000	0.270812  	0.035000	0.00402353	
0.040000	1.02263   	0.040000	0.292976  	0.040000	0.299657  	0.040000	0.299657  	0.040000	0.289279  	0.040000	0.00369638	
0.045000	1.05342   	0.045000	0.309283  	0.045000	0.314719  	0.045000	0.314719  	0.045000	0.305858  	0.045000	0.00342472	
0.050000	1.07267   	0.050000	0.324276  	0.050000	0.328199  	0.050000	0.328199  	0.050000	0.321081  	0.050000	0.00319496	
0.055000	1.11536   	0.055000	0.338009  	0.055000	0.340675  	0.055000	0.340675  	0.055000	0.335011  	0.055000	0.00299772	
0.060000	1.15086   	0.060000	0.350558  	0.060000	0.35231   	0.060000	0.35231   	0.060000	0.347732  	0.060000	0.00282627	
0.070000	1.20257   	0.070000	0.372425  	0.070000	0.373178  	0.070000	0.373178  	0.070000	0.369883  	0.070000	0.00254215	
0.080000	1.258     	0.080000	0.390487  	0.080000	0.390934  	0.080000	0.390934  	0.080000	0.388172  	0.080000	0.00231557	
0.090000	1.29795   	0.090000	0.405266  	0.090000	0.405762  	0.090000	0.405762  	0.090000	0.403155  	0.090000	0.00211028	
0.100000	1.32745   	0.100000	0.417271  	0.100000	0.417988  	0.100000	0.417988  	0.100000	0.415314  	0.100000	0.00195714	
0.120000	1.34618   	0.120000	0.438662  	0.120000	0.43582   	0.120000	0.43582   	0.120000	0.436948  	0.120000	0.00171442	
0.140000	1.34944   	0.140000	0.454447  	0.140000	0.44676   	0.140000	0.44676   	0.140000	0.452917  	0.140000	0.00152999	
0.160000	1.34956   	0.160000	0.466231  	0.160000	0.45275   	0.160000	0.45275   	0.160000	0.464846  	0.160000	0.00138459	
0.180000	1.34791   	0.180000	0.47282   	0.180000	0.455277  	0.180000	0.455277  	0.180000	0.471554  	0.180000	0.00126669	
0.200000	1.35148   	0.200000	0.477592  	0.200000	0.45543   	0.200000	0.45543   	0.200000	0.476423  	0.200000	0.00116897	
0.250000	1.32383   	0.250000	0.480443  	0.250000	0.449985  	0.250000	0.449985  	0.250000	0.479459  	0.250000	0.000984207	
0.300000	1.31951   	0.300000	0.492835  	0.300000	0.443566  	0.300000	0.443566  	0.300000	0.491982  	0.300000	0.00085356	
0.350000	1.30417   	0.350000	0.496189  	0.350000	0.436947  	0.350000	0.436947  	0.350000	0.495433  	0.350000	0.000755819	
0.400000	1.28215   	0.400000	0.496216  	0.400000	0.428901  	0.400000	0.428901  	0.400000	0.495536  	0.400000	0.000679681	
0.450000	1.25318   	0.450000	0.491575  	0.450000	0.419574  	0.450000	0.419574  	0.450000	0.490957  	0.450000	0.00061854	
0.500000	1.225     	0.500000	0.48682   	0.500000	0.410547  	0.500000	0.410547  	0.500000	0.486252  	0.500000	0.000568262	
0.600000	1.12422   	0.600000	0.47572   	0.600000	0.393699  	0.600000	0.393699  	0.600000	0.47523   	0.600000	0.000490246	
0.700000	1.02332   	0.700000	0.45813   	0.700000	0.378414  	0.700000	0.378414  	0.700000	0.457698  	0.700000	0.000432308	
0.800000	0.978725  	0.800000	0.453415  	0.800000	0.364465  	0.800000	0.364465  	0.800000	0.453028  	0.800000	0.00038744	
0.900000	0.931219  	0.900000	0.444111  	0.900000	0.351623  	0.900000	0.351623  	0.900000	0.443759  	0.900000	0.00035158	
1.000000	0.884068  	1.000000	0.429902  	1.000000	0.338788  	1.000000	0.338788  	1.000000	0.42958   	1.000000	0.00032221	
1.250000	0.775923  	1.250000	0.387765  	1.250000	0.311248  	1.250000	0.311248  	1.250000	0.387498  	1.250000	0.000267575	
1.500000	0.673674  	1.500000	0.320422  	1.500000	0.288369  	1.500000	0.288369  	1.500000	0.320193  	1.500000	0.000229657	
1.750000	0.598735  	1.750000	0.280436  	1.750000	0.268568  	1.750000	0.268568  	1.750000	0.280234  	1.750000	0.000201688	
2.000000	0.540789  	2.000000	0.253922  	2.000000	0.251186  	2.000000	0.251186  	2.000000	0.253742  	2.000000	0.000180145	
2.250000	0.495041  	2.250000	0.234445  	2.250000	0.235748  	2.250000	0.235748  	2.250000	0.234282  	2.250000	0.000163005	
2.500000	0.441819  	2.500000	0.219048  	2.500000	0.222004  	2.500000	0.222004  	2.500000	0.218899  	2.500000	0.000149019	
3.000000	0.388211  	3.000000	0.195295  	3.000000	0.198763  	3.000000	0.198763  	3.000000	0.195167  	3.000000	0.000127522	
3.500000	0.3469    	3.500000	0.177166  	3.500000	0.180033  	3.500000	0.180033  	3.500000	0.177054  	3.500000	0.000111724	
4.000000	0.314035  	4.000000	0.162605  	4.000000	0.164727  	4.000000	0.164727  	4.000000	0.162506  	4.000000	9.95923e-05	
4.500000	0.287231  	4.500000	0.15058   	4.500000	0.152042  	4.500000	0.152042  	4.500000	0.15049   	4.500000	8.99644e-05	
5.000000	0.264927  	5.000000	0.140457  	5.000000	0.14138   	5.000000	0.14138   	5.000000	0.140375  	5.000000	8.21256e-05	
5.500000	0.24606   	5.500000	0.13181   	5.500000	0.132304  	5.500000	0.132304  	5.500000	0.131734  	5.500000	7.56116e-05	
6.000000	0.229882  	6.000000	0.12433   	6.000000	0.124485  	6.000000	0.124485  	6.000000	0.12426   	6.000000	7.01074e-05	
6.500000	0.215845  	6.500000	0.11779   	6.500000	0.117677  	6.500000	0.117677  	6.500000	0.117725  	6.500000	6.5391e-05	
7.000000	0.203545  	7.000000	0.11202   	7.000000	0.111693  	7.000000	0.111693  	7.000000	0.111958  	7.000000	6.13018e-05	
7.500000	0.192673  	7.500000	0.106885  	7.500000	0.106387  	7.500000	0.106387  	7.500000	0.106827  	7.500000	5.77204e-05	
8.000000	0.18299   	8.000000	0.102283  	8.000000	0.101646  	8.000000	0.101646  	8.000000	0.102228  	8.000000	5.45561e-05	
8.500000	0.174307  	8.500000	0.0981303 	8.500000	0.0973805 	8.500000	0.0973805 	8.500000	0.0980785 	8.500000	5.17387e-05	
9.000000	0.166474  	9.000000	0.0943621 	9.000000	0.0935201 	9.000000	0.0935201 	9.000000	0.0943129 	9.000000	4.92132e-05	
9.500000	0.159371  	9.500000	0.0909246 	9.500000	0.0900065 	9.500000	0.0900065 	9.500000	0.0908776 	9.500000	4.69357e-05	
10.000000	0.152898  	10.000000	0.0883554 	10.000000	0.0867926 	10.000000	0.0867926 	10.000000	0.0883105 	10.000000	4.48707e-05	
11.000000	0.14153   	11.000000	0.0832681 	11.000000	0.0813304 	11.000000	0.0813507 	11.000000	0.0832269 	11.000000	4.12676e-05	
12.000000	0.131863  	12.000000	0.0787313 	12.000000	0.0766329 	12.000000	0.0766663 	12.000000	0.078693  	12.000000	3.8227e-05	
13.000000	0.123537  	13.000000	0.0746721 	13.000000	0.0725417 	13.000000	0.0725828 	13.000000	0.0746365 	13.000000	3.56247e-05	
14.000000	0.116287  	14.000000	0.0710255 	14.000000	0.0689405 	14.000000	0.0689847 	14.000000	0.0709922 	14.000000	3.33709e-05	
15.000000	0.109913  	15.000000	0.0677355 	15.000000	0.0657414 	15.000000	0.0657856 	15.000000	0.0677041 	15.000000	3.13988e-05	
16.000000	0.104263  	16.000000	0.0647544 	16.000000	0.0628758 	16.000000	0.0629191 	16.000000	0.0647247 	16.000000	2.9658e-05	
17.000000	0.0992183 	17.000000	0.0620418 	17.000000	0.060291  	17.000000	0.0603334 	17.000000	0.0620137 	17.000000	2.81093e-05	
18.000000	0.0946851 	18.000000	0.059564  	18.000000	0.0579473 	18.000000	0.0579869 	18.000000	0.0595372 	18.000000	2.67221e-05	
19.000000	0.090588  	19.000000	0.057292  	19.000000	0.0558102 	19.000000	0.0558464 	19.000000	0.0572666 	19.000000	2.5472e-05	
20.000000	0.0868659 	20.000000	0.0552017 	20.000000	0.0538498 	20.000000	0.0538847 	20.000000	0.0551773 	20.000000	2.43393e-05	
21.000000	0.0834687 	21.000000	0.0532721 	21.000000	0.0520419 	21.000000	0.0520756 	21.000000	0.0532487 	21.000000	2.3308e-05	
22.000000	0.0803549 	22.000000	0.0514854 	22.000000	0.0503744 	22.000000	0.0504039 	22.000000	0.0514631 	22.000000	2.23647e-05	
23.000000	0.0774897 	23.000000	0.0498265 	23.000000	0.0488343 	23.000000	0.0488579 	23.000000	0.049805  	23.000000	2.14985e-05	
24.000000	0.0748442 	24.000000	0.048282  	24.000000	0.0474012 	24.000000	0.0474203 	24.000000	0.0482613 	24.000000	2.07001e-05	
25.000000	0.0723934 	25.000000	0.0468405 	25.000000	0.046063  	25.000000	0.0460797 	25.000000	0.0468205 	25.000000	1.99618e-05	
27.000000	0.0679946 	27.000000	0.0442277 	27.000000	0.04364   	27.000000	0.0436515 	27.000000	0.044209  	27.000000	1.86398e-05	
29.000000	0.0641571 	29.000000	0.0419219 	29.000000	0.0415044 	29.000000	0.0415094 	29.000000	0.0419044 	29.000000	1.74896e-05	
31.000000	0.060778  	31.000000	0.0398717 	31.000000	0.0395495 	31.000000	0.0395481 	31.000000	0.0398552 	31.000000	1.64794e-05	
33.000000	0.0577785 	33.000000	0.0380365 	33.000000	0.0377492 	33.000000	0.037742  	33.000000	0.0380209 	33.000000	1.55848e-05	
35.000000	0.055097  	35.000000	0.0363839 	35.000000	0.0361305 	35.000000	0.0361183 	35.000000	0.0363692 	35.000000	1.47866e-05	
38.000000	0.0515664 	38.000000	0.0341915 	38.000000	0.0339852 	38.000000	0.0339668 	38.000000	0.0341778 	38.000000	1.37381e-05	
41.000000	0.0485166 	41.000000	0.0322828 	41.000000	0.0321185 	41.000000	0.0320951 	41.000000	0.03227   	41.000000	1.28347e-05	
44.000000	0.0458538 	44.000000	0.0306056 	44.000000	0.0304779 	44.000000	0.0304504 	44.000000	0.0305935 	44.000000	1.20478e-05	
47.000000	0.0435075 	47.000000	0.0291197 	47.000000	0.0290246 	47.000000	0.028993  	47.000000	0.0291084 	47.000000	1.13559e-05	
50.000000	0.0414235 	50.000000	0.0277939 	50.000000	0.027723  	50.000000	0.0276916 	50.000000	0.0277832 	50.000000	1.07425e-05	
55.000000	0.0384215 	55.000000	0.0258748 	55.000000	0.0258388 	55.000000	0.0258058 	55.000000	0.0258649 	55.000000	9.8611e-06	
60.000000	0.0358868 	60.000000	0.0242464 	60.000000	0.0242383 	60.000000	0.0242029 	60.000000	0.0242373 	60.000000	9.11901e-06	
65.000000	0.0337162 	65.000000	0.0228468 	65.000000	0.022857  	65.000000	0.0228225 	65.000000	0.0228383 	65.000000	8.4852e-06	
70.000000	0.0318351 	70.000000	0.0216303 	70.000000	0.0216584 	70.000000	0.0216205 	70.000000	0.0216224 	70.000000	7.93728e-06	
75.000000	0.030188  	75.000000	0.020563  	75.000000	0.0205998 	75.000000	0.0205639 	75.000000	0.0205555 	75.000000	7.45866e-06	
80.000000	0.028733  	80.000000	0.0196186 	80.000000	0.0196647 	80.000000	0.0196272 	80.000000	0.0196116 	80.000000	7.03682e-06	
85.000000	0.0274377 	85.000000	0.018777  	85.000000	0.0188266 	85.000000	0.018791  	85.000000	0.0187703 	85.000000	6.66207e-06	
90.000000	0.0262766 	90.000000	0.018022  	90.000000	0.0180765 	90.000000	0.0180395 	90.000000	0.0180157 	90.000000	6.32684e-06	
95.000000	0.0252293 	95.000000	0.0173408 	95.000000	0.0173957 	95.000000	0.0173605 	95.000000	0.0173348 	95.000000	6.02512e-06	
100.000000	0.0242796 	100.000000	0.016723  	100.000000	0.0167801 	100.000000	0.0167437 	100.000000	0.0167172 	100.000000	5.75204e-06	
105.000000	0.0234142 	105.000000	0.01616   	105.000000	0.0162157 	105.000000	0.0161808 	105.000000	0.0161545 	105.000000	5.50366e-06	
110.000000	0.022622  	110.000000	0.0156449 	110.000000	0.0157008 	110.000000	0.0156651 	110.000000	0.0156396 	110.000000	5.27673e-06	
115.000000	0.0218939 	115.000000	0.0151716 	115.000000	0.0152257 	115.000000	0.0151908 	115.000000	0.0151666 	115.000000	5.06854e-06	
120.000000	0.0212222 	120.000000	0.0147353 	120.000000	0.0147874 	120.000000	0.0147529 	120.000000	0.0147304 	120.000000	4.87684e-06	
125.000000	0.0206005 	125.000000	0.0143318 	125.000000	0.0143827 	125.000000	0.0143476 	125.000000	0.0143271 	125.000000	4.6997e-06	
130.000000	0.0200232 	130.000000	0.0139574 	130.000000	0.014005  	130.000000	0.0139711 	130.000000	0.0139529 	130.000000	4.53552e-06	
135.000000	0.0194857 	135.000000	0.0136091 	135.000000	0.0136531 	135.000000	0.0136206 	135.000000	0.0136047 	135.000000	4.3829e-06	
140.000000	0.0189838 	140.000000	0.0132843 	140.000000	0.0133261 	140.000000	0.0132934 	140.000000	0.01328   	140.000000	4.24063e-06	
145.000000	0.018514  	145.000000	0.0129806 	145.000000	0.0130203 	145.000000	0.0129873 	145.000000	0.0129765 	145.000000	4.1077e-06	
150.000000	0.0180733 	150.000000	0.012696  	150.000000	0.0127322 	150.000000	0.0127002 	150.000000	0.0126921 	150.000000	3.98319e-06	
155.000000	0.0174528 	155.000000	0.0124288 	155.000000	0.0124627 	155.000000	0.0124305 	155.000000	0.012425  	155.000000	3.86633e-06	
160.000000	0.0170891 	160.000000	0.0121775 	160.000000	0.0122091 	160.000000	0.0121766 	160.000000	0.0121737 	160.000000	3.7564e-06	
165.000000	0.0167462 	165.000000	0.0119406 	165.000000	0.0119687 	165.000000	0.0119372 	165.000000	0.0119369 	165.000000	3.65282e-06	
170.000000	0.0164222 	170.000000	0.0117169 	170.000000	0.0117425 	170.000000	0.011711  	170.000000	0.0117133 	170.000000	3.55503e-06	
175.000000	0.0161156 	175.000000	0.0115053 	175.000000	0.011529  	175.000000	0.011497  	175.000000	0.0115019 	175.000000	3.46256e-06	
180.000000	0.0158251 	180.000000	0.011305  	180.000000	0.0113259 	180.000000	0.0112943 	180.000000	0.0113016 	180.000000	3.37497e-06	
185.000000	0.0155494 	185.000000	0.011115  	185.000000	0.0111325 	185.000000	0.0111019 	185.000000	0.0111117 	185.000000	3.29189e-06	
190.000000	0.0152873 	190.000000	0.0109345 	190.000000	0.010949  	190.000000	0.0109192 	190.000000	0.0109313 	190.000000	3.21298e-06	
195.000000	0.015038  	195.000000	0.0107628 	195.000000	0.0107752 	195.000000	0.0107453 	195.000000	0.0107597 	195.000000	3.13791e-06	
200.000000	0.0148004 	200.000000	0.0105994 	200.000000	0.0106101 	200.000000	0.0105798 	200.000000	0.0105963 	200.000000	3.06642e-06	
210.000000	0.0143573 	210.000000	0.0102949 	210.000000	0.0103006 	210.000000	0.0102712 	210.000000	0.010292  	210.000000	2.93316e-06	
220.000000	0.0139523 	220.000000	0.010017  	220.000000	0.0100193 	220.000000	0.00998956	220.000000	0.0100142 	220.000000	2.81145e-06	
230.000000	0.0135806 	230.000000	0.00976235	230.000000	0.00976061	230.000000	0.00973144	230.000000	0.00975965	230.000000	2.69983e-06	
240.000000	0.0132384 	240.000000	0.00952818	240.000000	0.00952206	240.000000	0.00949408	240.000000	0.00952559	240.000000	2.59708e-06	
250.000000	0.0129222 	250.000000	0.00931213	250.000000	0.00930324	250.000000	0.0092751 	250.000000	0.00930962	250.000000	2.50217e-06	
260.000000	0.0126291 	260.000000	0.00911217	260.000000	0.00910052	260.000000	0.00907249	260.000000	0.00910976	260.000000	2.41422e-06	
270.000000	0.0123567 	270.000000	0.00892661	270.000000	0.00891193	270.000000	0.00888452	270.000000	0.00892428	270.000000	2.33248e-06	
280.000000	0.0121029 	280.000000	0.00875395	280.000000	0.00873751	280.000000	0.00870969	280.000000	0.0087517 	280.000000	2.25631e-06	
290.000000	0.0118658 	290.000000	0.00859291	290.000000	0.00857406	290.000000	0.0085467 	290.000000	0.00859073	290.000000	2.18516e-06	
300.000000	0.0116439 	300.000000	0.00844238	300.000000	0.00842092	300.000000	0.00839442	300.000000	0.00844026	300.000000	2.11853e-06	
310.000000	0.0114357 	310.000000	0.00830137	310.000000	0.00827804	310.000000	0.00825186	310.000000	0.00829931	310.000000	2.056e-06 	
320.000000	0.01124   	320.000000	0.00816902	320.000000	0.00814466	320.000000	0.00811815	320.000000	0.00816702	320.000000	1.9972e-06	
330.000000	0.0110558 	330.000000	0.00804458	330.000000	0.00801888	330.000000	0.00799253	330.000000	0.00804263	330.000000	1.9418e-06	
340.000000	0.010882  	340.000000	0.00792737	340.000000	0.00789999	340.000000	0.00787429	340.000000	0.00792548	340.000000	1.88951e-06	
350.000000	0.0107178 	350.000000	0.00781679	350.000000	0.00778796	350.000000	0.00776284	350.000000	0.00781495	350.000000	1.84008e-06	
360.000000	0.0105625 	360.000000	0.00771232	360.000000	0.00768275	360.000000	0.00765764	360.000000	0.00771053	360.000000	1.79326e-06	
370.000000	0.0104154 	370.000000	0.00761348	370.000000	0.00758357	370.000000	0.00755819	370.000000	0.00761173	370.000000	1.74886e-06	
380.000000	0.0102758 	380.000000	0.00751983	380.000000	0.00748917	380.000000	0.00746405	380.000000	0.00751812	380.000000	1.7067e-06	
390.000000	0.0101432 	390.000000	0.00743099	390.000000	0.00739954	390.000000	0.00737485	390.000000	0.00742933	390.000000	1.66659e-06	
400.000000	0.0100171 	400.000000	0.00734662	400.000000	0.00731498	400.000000	0.00729021	400.000000	0.00734499	400.000000	1.62841e-06	
410.000000	0.00989709	410.000000	0.00726639	410.000000	0.0072348 	410.000000	0.00720982	410.000000	0.0072648 	410.000000	1.592e-06 	
420.000000	0.00978269	420.000000	0.00719002	420.000000	0.00715818	420.000000	0.00713337	420.000000	0.00718846	420.000000	1.55725e-06	
430.000000	0.00967355	430.000000	0.00711725	430.000000	0.00708499	430.000000	0.00706062	430.000000	0.00711573	430.000000	1.52404e-06	
440.000000	0.00956933	440.000000	0.00704785	440.000000	0.00701524	440.000000	0.00699131	440.000000	0.00704636	440.000000	1.49227e-06	
450.000000	0.00946972	450.000000	0.00698159	450.000000	0.00694889	450.000000	0.00692521	450.000000	0.00698013	450.000000	1.46185e-06	
460.000000	0.00937443	460.000000	0.00691829	460.000000	0.00688585	460.000000	0.00686214	460.000000	0.00691685	460.000000	1.4327e-06	
470.000000	0.0092832 	470.000000	0.00685774	470.000000	0.00682578	470.000000	0.00680189	470.000000	0.00685634	470.000000	1.40473e-06	
480.000000	0.0091958 	480.000000	0.0067998 	480.000000	0.00676838	480.000000	0.00674445	480.000000	0.00679842	480.000000	1.37787e-06	
490.000000	0.00911199	490.000000	0.0067443 	490.000000	0.00671336	490.000000	0.00668964	490.000000	0.00674295	490.000000	1.35206e-06	
500.000000	0.00903158	500.000000	0.00669111	500.000000	0.00666053	500.000000	0.00663715	500.000000	0.00668978	500.000000	1.32724e-06	
520.000000	0.00888019	520.000000	0.00659111	520.000000	0.00656141	520.000000	0.00653862	520.000000	0.00658983	520.000000	1.28034e-06	
540.000000	0.00874027	540.000000	0.00649888	540.000000	0.00647078	540.000000	0.00644793	540.000000	0.00649764	540.000000	1.23676e-06	
560.000000	0.00861065	560.000000	0.0064136 	560.000000	0.00638721	560.000000	0.00636424	560.000000	0.0064124 	560.000000	1.19616e-06	
580.000000	0.00849033	580.000000	0.00633458	580.000000	0.00630938	580.000000	0.00628686	580.000000	0.00633342	580.000000	1.15823e-06	
600.000000	0.00837842	600.000000	0.0062612 	600.000000	0.00623763	600.000000	0.00621516	600.000000	0.00626008	600.000000	1.12273e-06	
620.000000	0.00827414	620.000000	0.00619295	620.000000	0.00617127	620.000000	0.00614861	620.000000	0.00619186	620.000000	1.08942e-06	
640.000000	0.00817683	640.000000	0.00612935	640.000000	0.00610918	640.000000	0.00608671	640.000000	0.00612829	640.000000	1.0581e-06	
660.000000	0.00808587	660.000000	0.00606999	660.000000	0.00605112	660.000000	0.00602907	660.000000	0.00606896	660.000000	1.0286e-06	
680.000000	0.00800074	680.000000	0.00601451	680.000000	0.00599699	680.000000	0.00597531	680.000000	0.00601351	680.000000	1.00076e-06	
700.000000	0.00792096	700.000000	0.00596259	700.000000	0.00594667	700.000000	0.00592508	700.000000	0.00596161	700.000000	9.74437e-07	
720.000000	0.00784612	720.000000	0.00591393	720.000000	0.00589984	720.000000	0.00587812	720.000000	0.00591298	720.000000	9.49519e-07	
740.000000	0.00777582	740.000000	0.00586828	740.000000	0.00585595	740.000000	0.00583414	740.000000	0.00586736	740.000000	9.25891e-07	
760.000000	0.00770974	760.000000	0.00582541	760.000000	0.00581457	760.000000	0.00579291	760.000000	0.00582451	760.000000	9.03453e-07	
780.000000	0.00764757	780.000000	0.00578512	780.000000	0.0057756 	780.000000	0.00575423	780.000000	0.00578423	780.000000	8.82117e-07	
800.000000	0.00758903	800.000000	0.0057472 	800.000000	0.00573897	800.000000	0.00571789	800.000000	0.00574634	800.000000	8.61803e-07	
820.000000	0.00753386	820.000000	0.0057115 	820.000000	0.00570459	820.000000	0.00568373	820.000000	0.00571066	820.000000	8.42437e-07	
840.000000	0.00748185	840.000000	0.00567786	840.000000	0.00567238	840.000000	0.00565159	840.000000	0.00567704	840.000000	8.23955e-07	
860.000000	0.00743277	860.000000	0.00564614	860.000000	0.0056422 	860.000000	0.00562132	860.000000	0.00564533	860.000000	8.06297e-07	
880.000000	0.00738646	880.000000	0.00561621	880.000000	0.00561379	880.000000	0.0055928 	880.000000	0.00561542	880.000000	7.89407e-07	
900.000000	0.00734272	900.000000	0.00558795	900.000000	0.00558691	900.000000	0.0055659 	900.000000	0.00558718	900.000000	7.73236e-07	
920.000000	0.0073014 	920.000000	0.00556126	920.000000	0.00556143	920.000000	0.00554053	920.000000	0.00556051	920.000000	7.57739e-07	
940.000000	0.00726236	940.000000	0.00553605	940.000000	0.00553729	940.000000	0.00551657	940.000000	0.0055353 	940.000000	7.42874e-07	
960.000000	0.00722546	960.000000	0.00551221	960.000000	0.00551445	960.000000	0.00549394	960.000000	0.00551148	960.000000	7.28602e-07	
980.000000	0.00719059	980.000000	0.00548968	980.000000	0.00549287	980.000000	0.00547255	980.000000	0.00548896	980.000000	7.14889e-07	
1000.000000	0.00715761	1000.000000	0.00546836	1000.000000	0.00547249	1000.000000	0.00545233	1000.000000	0.00546766	1000.000000	7.01701e-07	
1020.000000	0.00712644	1020.000000	0.0054482 	1020.000000	0.00545329	1020.000000	0.00543321	1020.000000	0.00544751	1020.000000	6.89009e-07	
1040.000000	0.00709697	1040.000000	0.00542913	1040.000000	0.0054352 	1040.000000	0.00541511	1040.000000	0.00542845	1040.000000	6.76784e-07	
1060.000000	0.00706911	1060.000000	0.00541108	1060.000000	0.00541814	1060.000000	0.00539798	1060.000000	0.00541042	1060.000000	6.65002e-07	
1080.000000	0.00704277	1080.000000	0.005394  	1080.000000	0.00540201	1080.000000	0.00538177	1080.000000	0.00539335	1080.000000	6.53638e-07	
1100.000000	0.00701789	1100.000000	0.00537785	1100.000000	0.0053867 	1100.000000	0.00536641	1100.000000	0.00537721	1100.000000	6.4267e-07	
1120.000000	0.00699438	1120.000000	0.00536256	1120.000000	0.00537212	1120.000000	0.00535187	1120.000000	0.00536193	1120.000000	6.32077e-07	
1140.000000	0.00697218	1140.000000	0.00534811	1140.000000	0.00535825	1140.000000	0.00533809	1140.000000	0.00534748	1140.000000	6.21841e-07	
1160.000000	0.00695123	1160.000000	0.00533443	1160.000000	0.00534507	1160.000000	0.00532504	1160.000000	0.00533382	1160.000000	6.11944e-07	
1180.000000	0.00693146	1180.000000	0.00532151	1180.000000	0.00533258	1180.000000	0.00531267	1180.000000	0.0053209 	1180.000000	6.02368e-07	
1200.000000	0.00691283	1200.000000	0.00530929	1200.000000	0.00532079	1200.000000	0.00530095	1200.000000	0.00530869	1200.000000	5.93098e-07	
1220.000000	0.00689527	1220.000000	0.00529774	1220.000000	0.00530966	1220.000000	0.00528984	1220.000000	0.00529716	1220.000000	5.84119e-07	
1240.000000	0.00687874	1240.000000	0.00528684	1240.000000	0.00529917	1240.000000	0.00527931	1240.000000	0.00528627	1240.000000	5.75418e-07	
1260.000000	0.0068632 	1260.000000	0.00527655	1260.000000	0.00528925	1260.000000	0.00526934	1260.000000	0.00527599	1260.000000	5.66982e-07	
1280.000000	0.0068486 	1280.000000	0.00526685	1280.000000	0.00527986	1280.000000	0.00525989	1280.000000	0.00526629	1280.000000	5.58799e-07	
1300.000000	0.00683489	1300.000000	0.0052577 	1300.000000	0.00527095	1300.000000	0.00525094	1300.000000	0.00525715	1300.000000	5.50857e-07	
1320.000000	0.00682206	1320.000000	0.00524909	1320.000000	0.00526248	1320.000000	0.00524246	1320.000000	0.00524855	1320.000000	5.43146e-07	
1340.000000	0.00681004	1340.000000	0.00524099	1340.000000	0.00525442	1340.000000	0.00523443	1340.000000	0.00524045	1340.000000	5.35656e-07	
1360.000000	0.00679882	1360.000000	0.00523337	1360.000000	0.00524677	1360.000000	0.00522682	1360.000000	0.00523284	1360.000000	5.28377e-07	
1380.000000	0.00678837	1380.000000	0.00522622	1380.000000	0.00523951	1380.000000	0.00521963	1380.000000	0.0052257 	1380.000000	5.21301e-07	
1400.000000	0.00677864	1400.000000	0.00521952	1400.000000	0.00523262	1400.000000	0.00521282	1400.000000	0.00521901	1400.000000	5.14418e-07	
1420.000000	0.00676961	1420.000000	0.00521325	1420.000000	0.00522609	1420.000000	0.00520639	1420.000000	0.00521274	1420.000000	5.07722e-07	
1440.000000	0.00676126	1440.000000	0.00520739	1440.000000	0.00521991	1440.000000	0.0052003 	1440.000000	0.00520689	1440.000000	5.01204e-07	
1460.000000	0.00675356	1460.000000	0.00520192	1460.000000	0.00521408	1460.000000	0.00519455	1460.000000	0.00520143	1460.000000	4.94857e-07	
1480.000000	0.00674649	1480.000000	0.00519683	1480.000000	0.00520857	1480.000000	0.00518913	1480.000000	0.00519634	1480.000000	4.88675e-07	
1500.000000	0.00674001	1500.000000	0.00519211	1500.000000	0.00520337	1500.000000	0.005184  	1500.000000	0.00519163	1500.000000	4.82651e-07	
1520.000000	0.00673412	1520.000000	0.00518773	1520.000000	0.00519848	1520.000000	0.00517918	1520.000000	0.00518726	1520.000000	4.76779e-07	
1540.000000	0.00672879	1540.000000	0.00518369	1540.000000	0.00519387	1540.000000	0.00517463	1540.000000	0.00518322	1540.000000	4.71053e-07	
1560.000000	0.00672399	1560.000000	0.00517998	1560.000000	0.00518955	1560.000000	0.00517034	1560.000000	0.00517951	1560.000000	4.65468e-07	
1580.000000	0.00671972	1580.000000	0.00517657	1580.000000	0.0051855 	1580.000000	0.00516632	1580.000000	0.00517611	1580.000000	4.60019e-07	
1600.000000	0.00671594	1600.000000	0.00517347	1600.000000	0.00518171	1600.000000	0.00516254	1600.000000	0.00517301	1600.000000	4.54701e-07	
1620.000000	0.00671266	1620.000000	0.00517065	1620.000000	0.00517816	1620.000000	0.00515899	1620.000000	0.0051702 	1620.000000	4.49509e-07	
1640.000000	0.00670984	1640.000000	0.00516811	1640.000000	0.00517486	1640.000000	0.00515567	1640.000000	0.00516767	1640.000000	4.44438e-07	
1660.000000	0.00670748	1660.000000	0.00516584	1660.000000	0.00517177	1660.000000	0.00515256	1660.000000	0.0051654 	1660.000000	4.39484e-07	
1680.000000	0.00670555	1680.000000	0.00516383	1680.000000	0.00516889	1680.000000	0.00514965	1680.000000	0.0051634 	1680.000000	4.34644e-07	
1700.000000	0.00670406	1700.000000	0.00516207	1700.000000	0.00516622	1700.000000	0.00514695	1700.000000	0.00516164	1700.000000	4.29913e-07	
1750.000000	0.00670208	1750.000000	0.00515871	1750.000000	0.00516032	1750.000000	0.00514099	1750.000000	0.00515829	1750.000000	4.1854e-07	
1800.000000	0.00670248	1800.000000	0.00515673	1800.000000	0.00515545	1800.000000	0.0051361 	1800.000000	0.00515632	1800.000000	4.07773e-07	
1850.000000	0.00670509	1850.000000	0.00515602	1850.000000	0.00515149	1850.000000	0.00513217	1850.000000	0.00515562	1850.000000	3.97566e-07	
1900.000000	0.00670974	1900.000000	0.00515648	1900.000000	0.00514835	1900.000000	0.0051291 	1900.000000	0.0051561 	1900.000000	3.87875e-07	
1950.000000	0.00671629	1950.000000	0.00515803	1950.000000	0.00514598	1950.000000	0.00512683	1950.000000	0.00515765	1950.000000	3.78661e-07	
2000.000000	0.00672462	2000.000000	0.00516058	2000.000000	0.00514431	2000.000000	0.00512526	2000.000000	0.00516021	2000.000000	3.6989e-07	
2100.000000	0.00674616	2100.000000	0.00516841	2100.000000	0.00514286	2100.000000	0.00512401	2100.000000	0.00516806	2100.000000	3.53553e-07	
2200.000000	0.00677353	2200.000000	0.00517945	2200.000000	0.00514358	2200.000000	0.00512489	2200.000000	0.00517912	2200.000000	3.38644e-07	
2300.000000	0.00680607	2300.000000	0.0051933 	2300.000000	0.00514614	2300.000000	0.00512755	2300.000000	0.00519297	2300.000000	3.24982e-07	
2400.000000	0.00684322	2400.000000	0.00520959	2400.000000	0.00515023	2400.000000	0.00513168	2400.000000	0.00520928	2400.000000	3.12415e-07	
2500.000000	0.00688448	2500.000000	0.00522803	2500.000000	0.00515569	2500.000000	0.00513711	2500.000000	0.00522773	2500.000000	3.00816e-07	
2600.000000	0.00692947	2600.000000	0.00524838	2600.000000	0.00516276	2600.000000	0.00514413	2600.000000	0.00524809	2600.000000	2.90074e-07	
2700.000000	0.00697783	2700.000000	0.00527041	2700.000000	0.00517066	2700.000000	0.00515197	2700.000000	0.00527013	2700.000000	2.80099e-07	
2800.000000	0.00702925	2800.000000	0.00529395	2800.000000	0.00517923	2800.000000	0.00516051	2800.000000	0.00529368	2800.000000	2.70809e-07	
2900.000000	0.00708349	2900.000000	0.00531884	2900.000000	0.00518835	2900.000000	0.00516963	2900.000000	0.00531858	2900.000000	2.62135e-07	
3000.000000	0.0071403 	3000.000000	0.00534494	3000.000000	0.00519792	3000.000000	0.00517922	3000.000000	0.00534468	3000.000000	2.54018e-07	
3200.000000	0.00726091	3200.000000	0.0054003 	3200.000000	0.00521814	3200.000000	0.00519952	3200.000000	0.00540006	3200.000000	2.3925e-07	
3400.000000	0.00738974	3400.000000	0.00545924	3400.000000	0.00523939	3400.000000	0.00522089	3400.000000	0.00545901	3400.000000	2.26156e-07	
3600.000000	0.00752576	3600.000000	0.00552115	3600.000000	0.00526134	3600.000000	0.00524293	3600.000000	0.00552093	3600.000000	2.14464e-07	
3800.000000	0.00766815	3800.000000	0.00558554	3800.000000	0.00528369	3800.000000	0.00526536	3800.000000	0.00558533	3800.000000	2.03958e-07	
4000.000000	0.00781622	4000.000000	0.00565202	4000.000000	0.00530624	4000.000000	0.00528798	4000.000000	0.00565182	4000.000000	1.94465e-07	
4200.000000	0.00796945	4200.000000	0.00572027	4200.000000	0.00532884	4200.000000	0.00531063	4200.000000	0.00572008	4200.000000	1.85843e-07	
4400.000000	0.00812738	4400.000000	0.00579004	4400.000000	0.00535135	4400.000000	0.00533319	4400.000000	0.00578986	4400.000000	1.77976e-07	
4600.000000	0.00828963	4600.000000	0.00586111	4600.000000	0.0053737 	4600.000000	0.00535558	4600.000000	0.00586094	4600.000000	1.70769e-07	
4800.000000	0.0084559 	4800.000000	0.00593331	4800.000000	0.00539581	4800.000000	0.00537773	4800.000000	0.00593314	4800.000000	1.64141e-07	
5000.000000	0.00862591	5000.000000	0.00600648	5000.000000	0.00541765	5000.000000	0.00539959	5000.000000	0.00600632	5000.000000	1.58024e-07	
5250.000000	0.00884337	5250.000000	0.00609914	5250.000000	0.00544449	5250.000000	0.00542647	5250.000000	0.00609899	5250.000000	1.51009e-07	
5500.000000	0.00906596	5500.000000	0.00619292	5500.000000	0.0054708 	5500.000000	0.00545281	5500.000000	0.00619278	5500.000000	1.4461e-07	
6000.000000	0.00952537	6000.000000	0.00638324	6000.000000	0.00552172	6000.000000	0.00550378	6000.000000	0.00638311	6000.000000	1.33356e-07	
6500.000000	0.0100022 	6500.000000	0.0065764 	6500.000000	0.00557031	6500.000000	0.00555242	6500.000000	0.00657628	6500.000000	1.23774e-07	
7000.000000	0.0104952 	7000.000000	0.00677167	7000.000000	0.00561663	7000.000000	0.00559876	7000.000000	0.00677156	7000.000000	1.15515e-07	
7500.000000	0.0110031 	7500.000000	0.00696853	7500.000000	0.00566075	7500.000000	0.00564292	7500.000000	0.00696842	7500.000000	1.08319e-07	
8000.000000	0.0115254 	8000.000000	0.00716659	8000.000000	0.00570282	8000.000000	0.00568499	8000.000000	0.00716649	8000.000000	1.01992e-07	
8500.000000	0.0120613 	8500.000000	0.00736555	8500.000000	0.00574287	8500.000000	0.00572511	8500.000000	0.00736545	8500.000000	9.63846e-08	
9000.000000	0.0126105 	9000.000000	0.00756518	9000.000000	0.00578103	9000.000000	0.0057634 	9000.000000	0.00756509	9000.000000	9.13788e-08	
9500.000000	0.0131725 	9500.000000	0.00776533	9500.000000	0.00581755	9500.000000	0.0058    	9500.000000	0.00776524	9500.000000	8.68821e-08	
10000.000000	0.013747  	10000.000000	0.00796584	10000.000000	0.00585258	10000.000000	0.00583502	10000.000000	0.00796576	10000.000000	8.28198e-08	
11000.000000	0.0149329 	11000.000000	0.00836759	11000.000000	0.00591826	11000.000000	0.00590073	11000.000000	0.00836752	11000.000000	7.57667e-08	
12000.000000	0.0161668 	12000.000000	0.00876981	12000.000000	0.0059786 	12000.000000	0.00596133	12000.000000	0.00876974	12000.000000	6.98511e-08	
13000.000000	0.0174478 	13000.000000	0.0091721 	13000.000000	0.00603449	13000.000000	0.00601746	13000.000000	0.00917204	13000.000000	6.48162e-08	
14000.000000	0.0187752 	14000.000000	0.00957421	14000.000000	0.00608663	14000.000000	0.00606968	14000.000000	0.00957415	14000.000000	6.04773e-08	
15000.000000	0.0201486 	15000.000000	0.00997594	15000.000000	0.00613542	15000.000000	0.00611844	15000.000000	0.00997589	15000.000000	5.66982e-08	
16000.000000	0.0215677 	16000.000000	0.0103772 	16000.000000	0.00618111	16000.000000	0.00616415	16000.000000	0.0103771 	16000.000000	5.33761e-08	
17000.000000	0.0230325 	17000.000000	0.0107779 	17000.000000	0.00622399	17000.000000	0.00620713	17000.000000	0.0107778 	17000.000000	5.04323e-08	
18000.000000	0.0245428 	18000.000000	0.011178  	18000.000000	0.00626436	18000.000000	0.00624767	18000.000000	0.0111779 	18000.000000	4.78049e-08	
19000.000000	0.0260985 	19000.000000	0.0115774 	19000.000000	0.00630246	19000.000000	0.00628601	19000.000000	0.0115774 	19000.000000	4.54452e-08	
20000.000000	0.0276998 	20000.000000	0.0119762 	20000.000000	0.00633853	20000.000000	0.00632236	20000.000000	0.0119762 	20000.000000	4.33138e-08	
21000.000000	0.0293467 	21000.000000	0.0123744 	21000.000000	0.0063728 	21000.000000	0.00635691	21000.000000	0.0123743 	21000.000000	4.13789e-08	
22000.000000	0.0310393 	22000.000000	0.0127718 	22000.000000	0.00640552	22000.000000	0.00638981	22000.000000	0.0127718 	22000.000000	3.96142e-08	
23000.000000	0.0327777 	23000.000000	0.0131686 	23000.000000	0.00643681	23000.000000	0.0064212 	23000.000000	0.0131686 	23000.000000	3.7998e-08	
24000.000000	0.0345621 	24000.000000	0.0135647 	24000.000000	0.00646667	24000.000000	0.00645122	24000.000000	0.0135647 	24000.000000	3.65122e-08	
25000.000000	0.0363925 	25000.000000	0.0139602 	25000.000000	0.00649517	25000.000000	0.00647996	25000.000000	0.0139602 	25000.000000	3.51414e-08	
26000.000000	0.0382692 	26000.000000	0.0143551 	26000.000000	0.00652245	26000.000000	0.00650753	26000.000000	0.014355  	26000.000000	3.38727e-08	
27000.000000	0.0401924 	27000.000000	0.0147493 	27000.000000	0.00654865	27000.000000	0.006534  	27000.000000	0.0147493 	27000.000000	3.2695e-08	
28000.000000	0.0421622 	28000.000000	0.0151429 	28000.000000	0.00657383	28000.000000	0.00655947	28000.000000	0.0151429 	28000.000000	3.15986e-08	
29000.000000	0.0441788 	29000.000000	0.0155359 	29000.000000	0.00659806	29000.000000	0.006584  	29000.000000	0.0155359 	29000.000000	3.05755e-08	
30000.000000	0.0462425 	30000.000000	0.0159283 	30000.000000	0.0066214 	30000.000000	0.00660765	30000.000000	0.0159283 	30000.000000	2.96184e-08	
32000.000000	0.0505119 	32000.000000	0.0167114 	32000.000000	0.00666571	32000.000000	0.00665254	32000.000000	0.0167114 	32000.000000	2.7878e-08	
34000.000000	0.0549722 	34000.000000	0.0174923 	34000.000000	0.00670717	34000.000000	0.00669454	34000.000000	0.0174923 	34000.000000	2.63361e-08	
36000.000000	0.0596252 	36000.000000	0.0182711 	36000.000000	0.00674604	36000.000000	0.00673399	36000.000000	0.0182711 	36000.000000	2.49602e-08	
38000.000000	0.0644728 	38000.000000	0.0190479 	38000.000000	0.00678258	38000.000000	0.00677116	38000.000000	0.0190478 	38000.000000	2.37247e-08	
40000.000000	0.0695171 	40000.000000	0.0198227 	40000.000000	0.00681702	40000.000000	0.00680629	40000.000000	0.0198227 	40000.000000	2.26089e-08	
42000.000000	0.07476   	42000.000000	0.0205957 	42000.000000	0.00684959	42000.000000	0.00683958	42000.000000	0.0205957 	42000.000000	2.15961e-08	
44000.000000	0.0802036 	44000.000000	0.0213669 	44000.000000	0.0068805 	44000.000000	0.00687121	44000.000000	0.0213669 	44000.000000	2.06726e-08	
46000.000000	0.0858501 	46000.000000	0.0221365 	46000.000000	0.00690989	46000.000000	0.00690132	46000.000000	0.0221364 	46000.000000	1.98268e-08	
48000.000000	0.0917014 	48000.000000	0.0229044 	48000.000000	0.00693789	48000.000000	0.00693005	48000.000000	0.0229044 	48000.000000	1.90494e-08	
50000.000000	0.0977598 	50000.000000	0.0236707 	50000.000000	0.00696457	50000.000000	0.00695751	50000.000000	0.0236707 	50000.000000	1.83323e-08	
