*Energy (MeV/u)1	0 - [He-base] F.Hubert et al, AD&ND Tables 46(1990)1	Energy (MeV/u)2	1 - [H -base] J.F.Ziegler et al, Pergamon Press, NY (low energy)	Energy (MeV/u)3	2 - ATIMA 1.2  LS-theory (recommended for high energy)	Energy (MeV/u)4	3 - ATIMA 1.2  without LS-correction	Energy (MeV/u)5	4 - electrical component of [1] - J.F.Ziegler et al	Energy (MeV/u)6	5 - nuclear component of [1] - J.F.Ziegler et al	
0.001000	0.0158804 	0.001000	0.0236262 	0.001000	0.0310151 	0.001000	0.0310151 	0.001000	0.0203098 	0.001000	0.00331647
0.002000	0.0193041 	0.002000	0.0281825 	0.002000	0.0352359 	0.002000	0.0352359 	0.002000	0.025886  	0.002000	0.00229651
0.005000	0.0256506 	0.005000	0.0369636 	0.005000	0.0427092 	0.005000	0.0427092 	0.005000	0.0356734 	0.005000	0.00129017
0.008000	0.0299283 	0.008000	0.0429853 	0.008000	0.0475166 	0.008000	0.0475166 	0.008000	0.042052  	0.008000	0.000933363
0.010000	0.0322422 	0.010000	0.0462635 	0.010000	0.0500514 	0.010000	0.0500514 	0.010000	0.0454679 	0.010000	0.000795591
0.015000	0.0389273 	0.015000	0.0533872 	0.015000	0.0550977 	0.015000	0.0550977 	0.015000	0.0528    	0.015000	0.000587249
0.020000	0.0443969 	0.020000	0.059148  	0.020000	0.0590477 	0.020000	0.0590477 	0.020000	0.0586756 	0.020000	0.000472391
0.025000	0.0489177 	0.025000	0.0639564 	0.025000	0.0623336 	0.025000	0.0623336 	0.025000	0.0635587 	0.025000	0.000397742
0.030000	0.0526308 	0.030000	0.0680283 	0.030000	0.0654989 	0.030000	0.0654989 	0.030000	0.0676833 	0.030000	0.000344953
0.035000	0.0556284 	0.035000	0.0714931 	0.035000	0.0681438 	0.035000	0.0681438 	0.035000	0.0711876 	0.035000	0.000305458
0.040000	0.0579831 	0.040000	0.0744375 	0.040000	0.0703563 	0.040000	0.0703563 	0.040000	0.0741628 	0.040000	0.000274692
0.045000	0.0597597 	0.045000	0.0769241 	0.045000	0.0722003 	0.045000	0.0722003 	0.045000	0.0766741 	0.045000	0.000249985
0.050000	0.0610206 	0.050000	0.0790017 	0.050000	0.0737249 	0.050000	0.0737249 	0.050000	0.0787721 	0.050000	0.000229668
0.055000	0.0618272 	0.055000	0.0807106 	0.055000	0.0749699 	0.055000	0.0749699 	0.055000	0.080498  	0.055000	0.000212639
0.060000	0.0622398 	0.060000	0.0820854 	0.060000	0.0759681 	0.060000	0.0759681 	0.060000	0.0818873 	0.060000	0.00019814
0.070000	0.0621134 	0.070000	0.0839545 	0.070000	0.0773324 	0.070000	0.0773324 	0.070000	0.0837797 	0.070000	0.000174727
0.080000	0.0610648 	0.080000	0.0848298 	0.080000	0.0780017 	0.080000	0.0780017 	0.080000	0.0846732 	0.080000	0.000156594
0.090000	0.0594427 	0.090000	0.0849048 	0.090000	0.0781207 	0.090000	0.0781207 	0.090000	0.0847626 	0.090000	0.000142102
0.100000	0.0575112 	0.100000	0.0843502 	0.100000	0.0778061 	0.100000	0.0778061 	0.100000	0.08422   	0.100000	0.000130232
0.120000	0.0533996 	0.120000	0.0819246 	0.120000	0.07624   	0.120000	0.07624   	0.120000	0.0818127 	0.120000	0.000111902
0.140000	0.0495433 	0.140000	0.0784789 	0.140000	0.0738768 	0.140000	0.0738768 	0.140000	0.0783805 	0.140000	9.83623e-05
0.160000	0.0461954 	0.160000	0.0746232 	0.160000	0.0710977 	0.160000	0.0710977 	0.160000	0.0745353 	0.160000	8.7921e-05
0.180000	0.0433668 	0.180000	0.0707231 	0.180000	0.0681508 	0.180000	0.0681508 	0.180000	0.0706435 	0.180000	7.96057e-05
0.200000	0.0409867 	0.200000	0.0669774 	0.200000	0.0651928 	0.200000	0.0651928 	0.200000	0.0669046 	0.200000	7.28154e-05
0.250000	0.0364667 	0.250000	0.0587709 	0.250000	0.0582718 	0.250000	0.0582718 	0.250000	0.0587107 	0.250000	6.02352e-05
0.300000	0.0332437 	0.300000	0.052279  	0.300000	0.0523776 	0.300000	0.0523776 	0.300000	0.0522275 	0.300000	5.15461e-05
0.350000	0.0307689 	0.350000	0.0471829 	0.350000	0.0475129 	0.350000	0.0475129 	0.350000	0.0471378 	0.350000	4.51608e-05
0.400000	0.0287621 	0.400000	0.0431271 	0.400000	0.0435152 	0.400000	0.0435152 	0.400000	0.0430868 	0.400000	4.02573e-05
0.450000	0.0270731 	0.450000	0.0398348 	0.450000	0.0402067 	0.450000	0.0402067 	0.450000	0.0397984 	0.450000	3.63658e-05
0.500000	0.0256153 	0.500000	0.0371079 	0.500000	0.0374369 	0.500000	0.0374369 	0.500000	0.0370747 	0.500000	3.31973e-05
0.600000	0.0231952 	0.600000	0.0328341 	0.600000	0.0330709 	0.600000	0.0330709 	0.600000	0.0328058 	0.600000	2.83395e-05
0.700000	0.0212446 	0.700000	0.0296075 	0.700000	0.0297778 	0.700000	0.0297778 	0.700000	0.0295827 	0.700000	2.47802e-05
0.800000	0.0196267 	0.800000	0.027059  	0.800000	0.0271904 	0.800000	0.0271904 	0.800000	0.0270369 	0.800000	2.20535e-05
0.900000	0.0182578 	0.900000	0.0249783 	0.900000	0.0250907 	0.900000	0.0250907 	0.900000	0.0249584 	0.900000	1.98938e-05
1.000000	0.0170817 	1.000000	0.023237  	1.000000	0.0233432 	1.000000	0.0233432 	1.000000	0.0232189 	1.000000	1.81385e-05
1.250000	0.0147507 	1.250000	0.0198849 	1.250000	0.020003  	1.250000	0.020003  	1.250000	0.01987   	1.250000	1.49074e-05
1.500000	0.0130141 	1.500000	0.0174518 	1.500000	0.0175942 	1.500000	0.0175942 	1.500000	0.0174391 	1.500000	1.26928e-05
1.750000	0.011666  	1.750000	0.0155902 	1.750000	0.0157567 	1.750000	0.0157567 	1.750000	0.0155791 	1.750000	1.10753e-05
2.000000	0.0105868 	2.000000	0.0141129 	2.000000	0.0142999 	2.000000	0.0142999 	2.000000	0.014103  	2.000000	9.83917e-06
2.250000	0.00970186	2.250000	0.0129084 	2.250000	0.013112  	2.250000	0.013112  	2.250000	0.0128995 	2.250000	8.86222e-06
2.500000	0.00892357	2.500000	0.0119055 	2.500000	0.012122  	2.500000	0.012122  	2.500000	0.0118974 	2.500000	8.06963e-06
3.000000	0.00779187	3.000000	0.0103268 	3.000000	0.0105607 	3.000000	0.0105607 	3.000000	0.01032   	3.000000	6.8597e-06
3.500000	0.00693297	3.500000	0.00913697	3.500000	0.00938054	3.500000	0.00938054	3.500000	0.009131  	3.500000	5.97758e-06
4.000000	0.00625698	4.000000	0.00820558	4.000000	0.00845383	4.000000	0.00845383	4.000000	0.00820028	4.000000	5.30455e-06
4.500000	0.00570996	4.500000	0.00745526	4.500000	0.00770504	4.500000	0.00770504	4.500000	0.00745049	4.500000	4.7733e-06
5.000000	0.00525749	5.000000	0.006837  	5.000000	0.00708627	5.000000	0.00708627	5.000000	0.00683266	5.000000	4.34278e-06
5.500000	0.00487654	5.500000	0.00631817	5.500000	0.00656563	5.500000	0.00656563	5.500000	0.00631418	5.500000	3.98648e-06
6.000000	0.00455106	6.000000	0.00587617	6.000000	0.00612097	6.000000	0.00612097	6.000000	0.00587248	6.000000	3.68649e-06
6.500000	0.00426952	6.500000	0.00549482	6.500000	0.00573643	6.500000	0.00573643	6.500000	0.00549139	6.500000	3.43027e-06
7.000000	0.0040234 	7.000000	0.00516223	7.000000	0.00540032	7.000000	0.00540032	7.000000	0.00515902	7.000000	3.20877e-06
7.500000	0.00380629	7.500000	0.00486946	7.500000	0.00510383	7.500000	0.00510383	7.500000	0.00486644	7.500000	3.01529e-06
8.000000	0.00361325	8.000000	0.00460963	8.000000	0.0048402 	8.000000	0.0048402 	8.000000	0.00460679	8.000000	2.84475e-06
8.500000	0.0034404 	8.500000	0.0043774 	8.500000	0.00460413	8.500000	0.00460413	8.500000	0.00437471	8.500000	2.69326e-06
9.000000	0.00328467	9.000000	0.00416852	9.000000	0.00439142	9.000000	0.00439142	9.000000	0.00416596	9.000000	2.55774e-06
9.500000	0.0031436 	9.500000	0.00397956	9.500000	0.0041987 	9.500000	0.0041987 	9.500000	0.00397713	9.500000	2.43577e-06
10.000000	0.00301515	10.000000	0.00394215	10.000000	0.0040232 	10.000000	0.0040232 	10.000000	0.00393983	10.000000	2.32538e-06
11.000000	0.00278982	11.000000	0.00365299	11.000000	0.00371155	11.000000	0.00371158	11.000000	0.00365085	11.000000	2.13323e-06
12.000000	0.00259845	12.000000	0.00340611	12.000000	0.00344739	12.000000	0.00344745	12.000000	0.00340414	12.000000	1.97157e-06
13.000000	0.00243379	13.000000	0.00319278	13.000000	0.00322066	13.000000	0.00322069	13.000000	0.00319095	13.000000	1.83359e-06
14.000000	0.0022905 	14.000000	0.0030065 	14.000000	0.00302389	14.000000	0.00302388	14.000000	0.00300479	14.000000	1.71437e-06
15.000000	0.00216461	15.000000	0.00284238	15.000000	0.00285145	15.000000	0.00285146	15.000000	0.00284077	15.000000	1.6103e-06
16.000000	0.00205308	16.000000	0.00269663	16.000000	0.0026992 	16.000000	0.00269917	16.000000	0.00269511	16.000000	1.51862e-06
17.000000	0.00195354	17.000000	0.00256629	17.000000	0.00256382	17.000000	0.0025637 	17.000000	0.00256485	17.000000	1.43721e-06
18.000000	0.00186413	18.000000	0.002449  	18.000000	0.0024426 	18.000000	0.00244244	18.000000	0.00244764	18.000000	1.36442e-06
19.000000	0.00178334	19.000000	0.00234288	19.000000	0.00233345	19.000000	0.00233329	19.000000	0.00234158	19.000000	1.29893e-06
20.000000	0.00170996	20.000000	0.00224637	20.000000	0.00223471	20.000000	0.00223455	20.000000	0.00224513	20.000000	1.23968e-06
21.000000	0.001643  	21.000000	0.00215821	21.000000	0.002145  	21.000000	0.00214483	21.000000	0.00215703	21.000000	1.18581e-06
22.000000	0.00158164	22.000000	0.00207735	22.000000	0.00206314	22.000000	0.00206297	22.000000	0.00207621	22.000000	1.13661e-06
23.000000	0.00152519	23.000000	0.0020029 	23.000000	0.0019882 	23.000000	0.00198802	23.000000	0.00200181	23.000000	1.09148e-06
24.000000	0.00147307	24.000000	0.00193412	24.000000	0.00191941	24.000000	0.00191917	24.000000	0.00193307	24.000000	1.04994e-06
25.000000	0.00142479	25.000000	0.00187037	25.000000	0.00185607	25.000000	0.00185572	25.000000	0.00186936	25.000000	1.01157e-06
27.000000	0.00133816	27.000000	0.0017559 	27.000000	0.00174324	27.000000	0.00174279	27.000000	0.00175495	27.000000	9.42974e-07
29.000000	0.00126259	29.000000	0.00165597	29.000000	0.00164589	29.000000	0.00164545	29.000000	0.00165509	29.000000	8.83415e-07
31.000000	0.00119606	31.000000	0.00156795	31.000000	0.00155987	31.000000	0.00155943	31.000000	0.00156712	31.000000	8.312e-07
33.000000	0.001137  	33.000000	0.00148981	33.000000	0.00148239	33.000000	0.00148197	33.000000	0.00148902	33.000000	7.85033e-07
35.000000	0.00108422	35.000000	0.00141994	35.000000	0.00141307	35.000000	0.0014127 	35.000000	0.00141919	35.000000	7.43909e-07
38.000000	0.00101472	38.000000	0.00132795	38.000000	0.00132198	38.000000	0.00132148	38.000000	0.00132726	38.000000	6.89987e-07
41.000000	0.000954691	41.000000	0.00124851	41.000000	0.00124318	41.000000	0.00124266	41.000000	0.00124787	41.000000	6.43617e-07
44.000000	0.000902284	44.000000	0.00117918	44.000000	0.00117432	44.000000	0.00117385	44.000000	0.00117858	44.000000	6.033e-07
47.000000	0.000856108	47.000000	0.00111813	47.000000	0.00111366	47.000000	0.00111321	47.000000	0.00111756	47.000000	5.67909e-07
50.000000	0.000815095	50.000000	0.00106392	50.000000	0.00105978	50.000000	0.00105936	50.000000	0.00106339	50.000000	5.36583e-07
55.000000	0.000756018	55.000000	0.000985926	55.000000	0.000982205	55.000000	0.000981817	55.000000	0.000985434	55.000000	4.91653e-07
60.000000	0.000706139	60.000000	0.000920158	60.000000	0.000916762	60.000000	0.000916378	60.000000	0.000919704	60.000000	4.53903e-07
65.000000	0.000663426	65.000000	0.000863922	65.000000	0.000860836	65.000000	0.000860382	65.000000	0.0008635 	65.000000	4.21723e-07
70.000000	0.000626409	70.000000	0.000815265	70.000000	0.000812312	70.000000	0.000811899	70.000000	0.000814871	70.000000	3.93952e-07
75.000000	0.000594  	75.000000	0.000772735	75.000000	0.000769885	75.000000	0.000769495	75.000000	0.000772365	75.000000	3.69732e-07
80.000000	0.00056537	80.000000	0.000735232	80.000000	0.000732449	80.000000	0.000732081	80.000000	0.000734883	80.000000	3.48416e-07
85.000000	0.000539881	85.000000	0.000701905	85.000000	0.000699165	85.000000	0.000698816	85.000000	0.000701575	85.000000	3.29506e-07
90.000000	0.000517033	90.000000	0.000672086	90.000000	0.000669374	90.000000	0.000669039	90.000000	0.000671774	90.000000	3.12611e-07
95.000000	0.000496427	95.000000	0.000645245	95.000000	0.000642621	95.000000	0.000642224	95.000000	0.000644947	95.000000	2.97422e-07
100.000000	0.00047774	100.000000	0.000620951	100.000000	0.000618325	100.000000	0.000617946	100.000000	0.000620667	100.000000	2.8369e-07
105.000000	0.000460711	105.000000	0.000598855	105.000000	0.00059622	105.000000	0.000595857	105.000000	0.000598584	105.000000	2.71213e-07
110.000000	0.000445123	110.000000	0.00057867	110.000000	0.000576023	110.000000	0.000575673	110.000000	0.00057841	110.000000	2.59825e-07
115.000000	0.000430796	115.000000	0.000560155	115.000000	0.000557491	115.000000	0.000557155	115.000000	0.000559906	115.000000	2.49387e-07
120.000000	0.000417579	120.000000	0.00054311	120.000000	0.000540428	120.000000	0.000540103	120.000000	0.000542871	120.000000	2.39784e-07
125.000000	0.000405346	125.000000	0.000527366	125.000000	0.000524665	125.000000	0.00052435	125.000000	0.000527135	125.000000	2.30918e-07
130.000000	0.000393987	130.000000	0.000512776	130.000000	0.000510055	130.000000	0.000509751	130.000000	0.000512554	130.000000	2.22707e-07
135.000000	0.00038341	135.000000	0.000499219	135.000000	0.000496472	135.000000	0.000496183	135.000000	0.000499004	135.000000	2.15079e-07
140.000000	0.000373535	140.000000	0.000486588	140.000000	0.000483851	140.000000	0.000483541	140.000000	0.00048638	140.000000	2.07975e-07
145.000000	0.000364292	145.000000	0.000474789	145.000000	0.00047207	145.000000	0.000471732	145.000000	0.000474588	145.000000	2.01341e-07
150.000000	0.00035562	150.000000	0.000463744	150.000000	0.000461005	150.000000	0.000460677	150.000000	0.000463549	150.000000	1.95132e-07
155.000000	0.000343411	155.000000	0.000453381	155.000000	0.000450621	155.000000	0.000450306	155.000000	0.000453192	155.000000	1.89307e-07
160.000000	0.000336255	160.000000	0.00044364	160.000000	0.000440865	160.000000	0.000440556	160.000000	0.000443456	160.000000	1.83832e-07
165.000000	0.000329506	165.000000	0.000434465	165.000000	0.000431676	165.000000	0.000431374	165.000000	0.000434286	165.000000	1.78676e-07
170.000000	0.000323132	170.000000	0.000425808	170.000000	0.000423006	170.000000	0.000422711	170.000000	0.000425635	170.000000	1.73811e-07
175.000000	0.0003171 	175.000000	0.000417628	175.000000	0.000414813	175.000000	0.000414525	175.000000	0.000417458	175.000000	1.69213e-07
180.000000	0.000311383	180.000000	0.000409884	180.000000	0.000407059	180.000000	0.000406777	180.000000	0.000409719	180.000000	1.6486e-07
185.000000	0.000305958	185.000000	0.000402543	185.000000	0.00039971	185.000000	0.000399434	185.000000	0.000402382	185.000000	1.60733e-07
190.000000	0.000300802	190.000000	0.000395575	190.000000	0.000392736	190.000000	0.000392464	190.000000	0.000395418	190.000000	1.56815e-07
195.000000	0.000295895	195.000000	0.000388951	195.000000	0.000386103	195.000000	0.000385839	195.000000	0.000388798	195.000000	1.5309e-07
200.000000	0.00029122	200.000000	0.000382648	200.000000	0.000379792	200.000000	0.000379536	200.000000	0.000382498	200.000000	1.49544e-07
210.000000	0.000282501	210.000000	0.000370911	210.000000	0.000368089	210.000000	0.000367803	210.000000	0.000370768	210.000000	1.42939e-07
220.000000	0.000274532	220.000000	0.000360208	220.000000	0.000357393	220.000000	0.000357108	220.000000	0.000360071	220.000000	1.36912e-07
230.000000	0.00026722	230.000000	0.000350408	230.000000	0.000347593	230.000000	0.00034732	230.000000	0.000350276	230.000000	1.31388e-07
240.000000	0.000260485	240.000000	0.000341402	240.000000	0.000338595	240.000000	0.000338328	240.000000	0.000341276	240.000000	1.26308e-07
250.000000	0.000254263	250.000000	0.000333098	250.000000	0.000330301	250.000000	0.000330042	250.000000	0.000332976	250.000000	1.21618e-07
260.000000	0.000248497	260.000000	0.000325417	260.000000	0.000322633	260.000000	0.000322382	260.000000	0.0003253 	260.000000	1.17276e-07
270.000000	0.000243137	270.000000	0.000318292	270.000000	0.000315526	270.000000	0.00031528	270.000000	0.000318179	270.000000	1.13243e-07
280.000000	0.000238143	280.000000	0.000311666	280.000000	0.000308919	280.000000	0.000308679	280.000000	0.000311557	280.000000	1.09487e-07
290.000000	0.000233478	290.000000	0.000305489	290.000000	0.000302759	290.000000	0.000302529	290.000000	0.000305383	290.000000	1.0598e-07
300.000000	0.000229111	300.000000	0.000299717	300.000000	0.000297027	300.000000	0.000296785	300.000000	0.000299614	300.000000	1.02699e-07
310.000000	0.000225015	310.000000	0.000294312	310.000000	0.000291668	310.000000	0.00029141	310.000000	0.000294212	310.000000	9.96208e-08
320.000000	0.000221164	320.000000	0.00028924	320.000000	0.000286622	320.000000	0.00028637	320.000000	0.000289144	320.000000	9.67281e-08
330.000000	0.000217539	330.000000	0.000284473	330.000000	0.000281881	330.000000	0.000281635	330.000000	0.000284379	330.000000	9.40041e-08
340.000000	0.00021412	340.000000	0.000279985	340.000000	0.000277421	340.000000	0.00027718	340.000000	0.000279893	340.000000	9.14343e-08
350.000000	0.00021089	350.000000	0.000275751	350.000000	0.000273218	350.000000	0.00027298	350.000000	0.000275662	350.000000	8.90059e-08
360.000000	0.000207834	360.000000	0.000271753	360.000000	0.000269249	360.000000	0.000269016	360.000000	0.000271666	360.000000	8.67074e-08
370.000000	0.000204939	370.000000	0.00026797	370.000000	0.000265474	370.000000	0.000265244	370.000000	0.000267885	370.000000	8.45284e-08
380.000000	0.000202192	380.000000	0.000264387	380.000000	0.000261899	380.000000	0.000261673	380.000000	0.000264304	380.000000	8.24599e-08
390.000000	0.000199583	390.000000	0.000260989	390.000000	0.000258511	390.000000	0.000258288	390.000000	0.000260908	390.000000	8.04935e-08
400.000000	0.000197102	400.000000	0.000257761	400.000000	0.000255294	400.000000	0.000255076	400.000000	0.000257683	400.000000	7.86218e-08
410.000000	0.00019474	410.000000	0.000254693	410.000000	0.000252239	410.000000	0.000252023	410.000000	0.000254616	410.000000	7.6838e-08
420.000000	0.000192489	420.000000	0.000251773	420.000000	0.000249333	420.000000	0.000249119	420.000000	0.000251698	420.000000	7.51359e-08
430.000000	0.000190342	430.000000	0.000248991	430.000000	0.000246564	430.000000	0.000246354	430.000000	0.000248918	430.000000	7.35102e-08
440.000000	0.000188291	440.000000	0.000246338	440.000000	0.000243923	440.000000	0.000243718	440.000000	0.000246266	440.000000	7.19556e-08
450.000000	0.000186331	450.000000	0.000243806	450.000000	0.000241406	450.000000	0.000241203	450.000000	0.000243735	450.000000	7.04675e-08
460.000000	0.000184456	460.000000	0.000241386	460.000000	0.000239011	460.000000	0.000238802	460.000000	0.000241317	460.000000	6.90417e-08
470.000000	0.000182661	470.000000	0.000239072	470.000000	0.000236726	470.000000	0.000236506	470.000000	0.000239004	470.000000	6.76744e-08
480.000000	0.000180941	480.000000	0.000236858	480.000000	0.000234535	480.000000	0.000234311	480.000000	0.000236791	480.000000	6.6362e-08
490.000000	0.000179292	490.000000	0.000234737	490.000000	0.000232432	490.000000	0.000232209	490.000000	0.000234672	490.000000	6.51011e-08
500.000000	0.00017771	500.000000	0.000232704	500.000000	0.000230414	500.000000	0.000230195	500.000000	0.000232641	500.000000	6.38889e-08
520.000000	0.000174731	520.000000	0.000228884	520.000000	0.000226626	520.000000	0.000226412	520.000000	0.000228822	520.000000	6.15992e-08
540.000000	0.000171978	540.000000	0.00022536	540.000000	0.000223135	540.000000	0.000222925	540.000000	0.0002253 	540.000000	5.9473e-08
560.000000	0.000169428	560.000000	0.000222101	560.000000	0.000219909	560.000000	0.000219703	560.000000	0.000222044	560.000000	5.74932e-08
580.000000	0.00016706	580.000000	0.000219082	580.000000	0.000216922	580.000000	0.000216719	580.000000	0.000219026	580.000000	5.56451e-08
600.000000	0.000164858	600.000000	0.000216278	600.000000	0.000214148	600.000000	0.000213949	600.000000	0.000216224	600.000000	5.39158e-08
620.000000	0.000162806	620.000000	0.00021367	620.000000	0.000211569	620.000000	0.000211373	620.000000	0.000213618	620.000000	5.2294e-08
640.000000	0.000160891	640.000000	0.000211239	640.000000	0.000209167	640.000000	0.000208972	640.000000	0.000211188	640.000000	5.07701e-08
660.000000	0.000159102	660.000000	0.00020897	660.000000	0.000206922	660.000000	0.000206731	660.000000	0.000208921	660.000000	4.93351e-08
680.000000	0.000157427	680.000000	0.000206849	680.000000	0.000204823	680.000000	0.000204636	680.000000	0.000206801	680.000000	4.79816e-08
700.000000	0.000155857	700.000000	0.000204864	700.000000	0.000202862	700.000000	0.000202674	700.000000	0.000204817	700.000000	4.67027e-08
720.000000	0.000154384	720.000000	0.000203003	720.000000	0.000201031	720.000000	0.000200834	720.000000	0.000202957	720.000000	4.54924e-08
740.000000	0.000153001	740.000000	0.000201257	740.000000	0.00019931	740.000000	0.000199106	740.000000	0.000201212	740.000000	4.43451e-08
760.000000	0.000151701	760.000000	0.000199616	760.000000	0.000197685	760.000000	0.000197482	760.000000	0.000199573	760.000000	4.32561e-08
780.000000	0.000150478	780.000000	0.000198074	780.000000	0.000196152	780.000000	0.000195953	780.000000	0.000198031	780.000000	4.22209e-08
800.000000	0.000149326	800.000000	0.000196622	800.000000	0.000194708	800.000000	0.000194512	800.000000	0.000196581	800.000000	4.12357e-08
820.000000	0.00014824	820.000000	0.000195254	820.000000	0.000193347	820.000000	0.000193153	820.000000	0.000195214	820.000000	4.02968e-08
840.000000	0.000147217	840.000000	0.000193965	840.000000	0.000192062	840.000000	0.000191869	840.000000	0.000193926	840.000000	3.94011e-08
860.000000	0.000146251	860.000000	0.000192749	860.000000	0.000190847	860.000000	0.000190655	860.000000	0.000192711	860.000000	3.85456e-08
880.000000	0.00014534	880.000000	0.000191601	880.000000	0.000189697	880.000000	0.000189507	880.000000	0.000191564	880.000000	3.77276e-08
900.000000	0.000144479	900.000000	0.000190517	900.000000	0.000188609	900.000000	0.00018842	900.000000	0.00019048	900.000000	3.69447e-08
920.000000	0.000143666	920.000000	0.000189493	920.000000	0.000187577	920.000000	0.00018739	920.000000	0.000189457	920.000000	3.61946e-08
940.000000	0.000142898	940.000000	0.000188524	940.000000	0.000186599	940.000000	0.000186413	940.000000	0.000188489	940.000000	3.54753e-08
960.000000	0.000142172	960.000000	0.000187608	960.000000	0.000185671	960.000000	0.000185486	960.000000	0.000187574	960.000000	3.4785e-08
980.000000	0.000141486	980.000000	0.000186742	980.000000	0.000184789	980.000000	0.000184606	980.000000	0.000186708	980.000000	3.41218e-08
1000.000000	0.000140837	1000.000000	0.000185922	1000.000000	0.000183951	1000.000000	0.000183769	1000.000000	0.000185888	1000.000000	3.34843e-08
1020.000000	0.000140224	1020.000000	0.000185145	1020.000000	0.000183154	1020.000000	0.000182973	1020.000000	0.000185112	1020.000000	3.28708e-08
1040.000000	0.000139644	1040.000000	0.00018441	1040.000000	0.000182396	1040.000000	0.000182216	1040.000000	0.000184378	1040.000000	3.22802e-08
1060.000000	0.000139095	1060.000000	0.000183714	1060.000000	0.000181675	1060.000000	0.000181496	1060.000000	0.000183683	1060.000000	3.17111e-08
1080.000000	0.000138577	1080.000000	0.000183055	1080.000000	0.000180987	1080.000000	0.00018081	1080.000000	0.000183024	1080.000000	3.11623e-08
1100.000000	0.000138088	1100.000000	0.000182431	1100.000000	0.000180333	1100.000000	0.000180156	1100.000000	0.000182401	1100.000000	3.06327e-08
1120.000000	0.000137625	1120.000000	0.00018184	1120.000000	0.000179709	1120.000000	0.000179532	1120.000000	0.00018181	1120.000000	3.01215e-08
1140.000000	0.000137188	1140.000000	0.000181281	1140.000000	0.000179113	1140.000000	0.000178938	1140.000000	0.000181251	1140.000000	2.96275e-08
1160.000000	0.000136776	1160.000000	0.000180751	1160.000000	0.000178545	1160.000000	0.00017837	1160.000000	0.000180722	1160.000000	2.915e-08
1180.000000	0.000136387	1180.000000	0.00018025	1180.000000	0.000178003	1180.000000	0.000177829	1180.000000	0.000180221	1180.000000	2.86881e-08
1200.000000	0.00013602	1200.000000	0.000179775	1200.000000	0.000177485	1200.000000	0.000177312	1200.000000	0.000179747	1200.000000	2.82411e-08
1220.000000	0.000135675	1220.000000	0.000179326	1220.000000	0.00017699	1220.000000	0.000176818	1220.000000	0.000179298	1220.000000	2.78082e-08
1240.000000	0.00013535	1240.000000	0.000178902	1240.000000	0.000176517	1240.000000	0.000176346	1240.000000	0.000178874	1240.000000	2.73888e-08
1260.000000	0.000135044	1260.000000	0.0001785 	1260.000000	0.000176064	1260.000000	0.000175896	1260.000000	0.000178473	1260.000000	2.69823e-08
1280.000000	0.000134757	1280.000000	0.000178121	1280.000000	0.000175633	1280.000000	0.000175464	1280.000000	0.000178095	1280.000000	2.6588e-08
1300.000000	0.000134487	1300.000000	0.000177764	1300.000000	0.00017522	1300.000000	0.000175052	1300.000000	0.000177737	1300.000000	2.62055e-08
1320.000000	0.000134234	1320.000000	0.000177426	1320.000000	0.000174827	1320.000000	0.000174658	1320.000000	0.0001774 	1320.000000	2.58341e-08
1340.000000	0.000133998	1340.000000	0.000177108	1340.000000	0.000174452	1340.000000	0.000174281	1340.000000	0.000177082	1340.000000	2.54735e-08
1360.000000	0.000133777	1360.000000	0.000176808	1360.000000	0.000174093	1360.000000	0.00017392	1360.000000	0.000176783	1360.000000	2.51231e-08
1380.000000	0.000133571	1380.000000	0.000176526	1380.000000	0.00017375	1380.000000	0.000173574	1380.000000	0.000176501	1380.000000	2.47825e-08
1400.000000	0.00013338	1400.000000	0.000176261	1400.000000	0.000173422	1400.000000	0.000173244	1400.000000	0.000176237	1400.000000	2.44513e-08
1420.000000	0.000133202	1420.000000	0.000176012	1420.000000	0.000173107	1420.000000	0.000172927	1420.000000	0.000175988	1420.000000	2.41291e-08
1440.000000	0.000133038	1440.000000	0.000175779	1440.000000	0.000172806	1440.000000	0.000172624	1440.000000	0.000175755	1440.000000	2.38155e-08
1460.000000	0.000132887	1460.000000	0.000175561	1460.000000	0.000172516	1460.000000	0.000172334	1460.000000	0.000175538	1460.000000	2.35103e-08
1480.000000	0.000132747	1480.000000	0.000175357	1480.000000	0.000172238	1480.000000	0.000172056	1480.000000	0.000175334	1480.000000	2.3213e-08
1500.000000	0.00013262	1500.000000	0.000175167	1500.000000	0.000171972	1500.000000	0.00017179	1500.000000	0.000175144	1500.000000	2.29234e-08
1520.000000	0.000132504	1520.000000	0.00017499	1520.000000	0.000171717	1520.000000	0.000171535	1520.000000	0.000174968	1520.000000	2.26411e-08
1540.000000	0.000132399	1540.000000	0.000174826	1540.000000	0.000171472	1540.000000	0.000171291	1540.000000	0.000174804	1540.000000	2.23659e-08
1560.000000	0.000132305	1560.000000	0.000174675	1560.000000	0.000171237	1560.000000	0.000171057	1560.000000	0.000174653	1560.000000	2.20975e-08
1580.000000	0.000132221	1580.000000	0.000174535	1580.000000	0.000171012	1580.000000	0.000170833	1580.000000	0.000174513	1580.000000	2.18357e-08
1600.000000	0.000132146	1600.000000	0.000174406	1600.000000	0.000170797	1600.000000	0.000170619	1600.000000	0.000174385	1600.000000	2.15803e-08
1620.000000	0.000132082	1620.000000	0.000174289	1620.000000	0.000170591	1620.000000	0.000170413	1620.000000	0.000174267	1620.000000	2.13309e-08
1640.000000	0.000132026	1640.000000	0.000174182	1640.000000	0.000170393	1640.000000	0.000170216	1640.000000	0.000174161	1640.000000	2.10874e-08
1660.000000	0.00013198	1660.000000	0.000174085	1660.000000	0.000170204	1660.000000	0.000170028	1660.000000	0.000174064	1660.000000	2.08495e-08
1680.000000	0.000131942	1680.000000	0.000173998	1680.000000	0.000170024	1680.000000	0.000169848	1680.000000	0.000173977	1680.000000	2.06171e-08
1700.000000	0.000131912	1700.000000	0.00017392	1700.000000	0.000169851	1700.000000	0.000169675	1700.000000	0.0001739 	1700.000000	2.039e-08
1750.000000	0.000131874	1750.000000	0.000173766	1750.000000	0.00016945	1750.000000	0.000169275	1750.000000	0.000173746	1750.000000	1.98443e-08
1800.000000	0.000131882	1800.000000	0.000173664	1800.000000	0.000169091	1800.000000	0.000168917	1800.000000	0.000173644	1800.000000	1.93278e-08
1850.000000	0.000131933	1850.000000	0.00017361	1850.000000	0.00016877	1850.000000	0.000168597	1850.000000	0.000173591	1850.000000	1.88383e-08
1900.000000	0.000132024	1900.000000	0.000173601	1900.000000	0.000168484	1900.000000	0.000168311	1900.000000	0.000173582	1900.000000	1.83738e-08
1950.000000	0.000132153	1950.000000	0.000173633	1950.000000	0.000168229	1950.000000	0.000168057	1950.000000	0.000173615	1950.000000	1.79322e-08
2000.000000	0.000132317	2000.000000	0.000173703	2000.000000	0.000168002	2000.000000	0.000167831	2000.000000	0.000173685	2000.000000	1.75121e-08
2100.000000	0.000132741	2100.000000	0.000173946	2100.000000	0.000167626	2100.000000	0.000167456	2100.000000	0.000173929	2100.000000	1.67298e-08
2200.000000	0.00013328	2200.000000	0.000174311	2200.000000	0.000167339	2200.000000	0.00016717	2200.000000	0.000174295	2200.000000	1.60163e-08
2300.000000	0.00013392	2300.000000	0.000174782	2300.000000	0.000167125	2300.000000	0.000166958	2300.000000	0.000174767	2300.000000	1.53629e-08
2400.000000	0.000134651	2400.000000	0.000175346	2400.000000	0.000166975	2400.000000	0.000166808	2400.000000	0.000175331	2400.000000	1.47621e-08
2500.000000	0.000135463	2500.000000	0.000175992	2500.000000	0.000166879	2500.000000	0.000166713	2500.000000	0.000175978	2500.000000	1.42079e-08
2600.000000	0.000136348	2600.000000	0.00017671	2600.000000	0.000166828	2600.000000	0.000166663	2600.000000	0.000176696	2600.000000	1.3695e-08
2700.000000	0.000137299	2700.000000	0.000177491	2700.000000	0.000166816	2700.000000	0.000166652	2700.000000	0.000177478	2700.000000	1.32188e-08
2800.000000	0.000138311	2800.000000	0.00017833	2800.000000	0.000166838	2800.000000	0.000166674	2800.000000	0.000178318	2800.000000	1.27756e-08
2900.000000	0.000139378	2900.000000	0.000179221	2900.000000	0.000166889	2900.000000	0.000166726	2900.000000	0.000179208	2900.000000	1.23619e-08
3000.000000	0.000140496	3000.000000	0.000180156	3000.000000	0.000166965	3000.000000	0.000166802	3000.000000	0.000180145	3000.000000	1.1975e-08
3200.000000	0.000142869	3200.000000	0.000182149	3200.000000	0.000167179	3200.000000	0.000167016	3200.000000	0.000182137	3200.000000	1.12713e-08
3400.000000	0.000145404	3400.000000	0.000184276	3400.000000	0.000167457	3400.000000	0.000167295	3400.000000	0.000184266	3400.000000	1.06479e-08
3600.000000	0.000148081	3600.000000	0.000186517	3600.000000	0.000167783	3600.000000	0.000167622	3600.000000	0.000186507	3600.000000	1.00916e-08
3800.000000	0.000150882	3800.000000	0.000188852	3800.000000	0.000168145	3800.000000	0.000167985	3800.000000	0.000188842	3800.000000	9.59211e-09
4000.000000	0.000153796	4000.000000	0.000191266	4000.000000	0.000168533	4000.000000	0.000168374	4000.000000	0.000191257	4000.000000	9.14099e-09
4200.000000	0.000156811	4200.000000	0.000193747	4200.000000	0.000168941	4200.000000	0.000168782	4200.000000	0.000193738	4200.000000	8.73151e-09
4400.000000	0.000159918	4400.000000	0.000196286	4400.000000	0.000169363	4400.000000	0.000169204	4400.000000	0.000196278	4400.000000	8.35811e-09
4600.000000	0.000163111	4600.000000	0.000198875	4600.000000	0.000169794	4600.000000	0.000169635	4600.000000	0.000198867	4600.000000	8.01619e-09
4800.000000	0.000166383	4800.000000	0.000201506	4800.000000	0.00017023	4800.000000	0.000170072	4800.000000	0.000201498	4800.000000	7.70187e-09
5000.000000	0.000169728	5000.000000	0.000204175	5000.000000	0.00017067	5000.000000	0.000170513	5000.000000	0.000204167	5000.000000	7.41194e-09
5250.000000	0.000174007	5250.000000	0.000207555	5250.000000	0.000171222	5250.000000	0.000171064	5250.000000	0.000207548	5250.000000	7.07963e-09
5500.000000	0.000178386	5500.000000	0.000210979	5500.000000	0.000171772	5500.000000	0.000171615	5500.000000	0.000210973	5500.000000	6.77662e-09
6000.000000	0.000187426	6000.000000	0.000217932	6000.000000	0.000172859	6000.000000	0.000172703	6000.000000	0.000217926	6000.000000	6.24412e-09
6500.000000	0.000196809	6500.000000	0.000224993	6500.000000	0.000173921	6500.000000	0.000173764	6500.000000	0.000224988	6500.000000	5.79116e-09
7000.000000	0.000206508	7000.000000	0.000232136	7000.000000	0.00017495	7000.000000	0.000174794	7000.000000	0.00023213	7000.000000	5.40102e-09
7500.000000	0.000216504	7500.000000	0.000239339	7500.000000	0.000175943	7500.000000	0.000175787	7500.000000	0.000239334	7500.000000	5.06139e-09
8000.000000	0.00022678	8000.000000	0.000246588	8000.000000	0.000176901	8000.000000	0.000176745	8000.000000	0.000246583	8000.000000	4.76298e-09
8500.000000	0.000237325	8500.000000	0.000253872	8500.000000	0.000177822	8500.000000	0.000177667	8500.000000	0.000253868	8500.000000	4.49865e-09
9000.000000	0.00024813	9000.000000	0.000261183	9000.000000	0.000178708	9000.000000	0.000178554	9000.000000	0.000261178	9000.000000	4.26283e-09
9500.000000	0.000259188	9500.000000	0.000268513	9500.000000	0.000179562	9500.000000	0.000179407	9500.000000	0.000268509	9500.000000	4.05111e-09
10000.000000	0.000270493	10000.000000	0.000275859	10000.000000	0.000180385	10000.000000	0.000180229	10000.000000	0.000275855	10000.000000	3.85995e-09
11000.000000	0.000293828	11000.000000	0.000290578	11000.000000	0.000181937	11000.000000	0.000181782	11000.000000	0.000290575	11000.000000	3.5283e-09
12000.000000	0.000318107	12000.000000	0.000305318	12000.000000	0.000183376	12000.000000	0.000183227	12000.000000	0.000305315	12000.000000	3.25038e-09
13000.000000	0.000343312	13000.000000	0.000320063	13000.000000	0.000184723	13000.000000	0.000184575	13000.000000	0.00032006	13000.000000	3.01403e-09
14000.000000	0.00036943	14000.000000	0.000334802	14000.000000	0.000185994	14000.000000	0.000185837	14000.000000	0.000334799	14000.000000	2.8105e-09
15000.000000	0.000396454	15000.000000	0.00034953	15000.000000	0.000187193	15000.000000	0.000187022	15000.000000	0.000349527	15000.000000	2.63335e-09
16000.000000	0.000424378	16000.000000	0.000364241	16000.000000	0.000188318	16000.000000	0.000188138	16000.000000	0.000364238	16000.000000	2.47773e-09
17000.000000	0.000453199	17000.000000	0.000378932	17000.000000	0.000189374	17000.000000	0.000189193	17000.000000	0.00037893	17000.000000	2.3399e-09
18000.000000	0.000482916	18000.000000	0.000393602	18000.000000	0.000190368	18000.000000	0.000190191	18000.000000	0.0003936 	18000.000000	2.21696e-09
19000.000000	0.000513528	19000.000000	0.000408249	19000.000000	0.000191305	19000.000000	0.000191139	19000.000000	0.000408247	19000.000000	2.1066e-09
20000.000000	0.000545037	20000.000000	0.000422873	20000.000000	0.000192193	20000.000000	0.00019204	20000.000000	0.000422871	20000.000000	2.00697e-09
21000.000000	0.000577442	21000.000000	0.000437472	21000.000000	0.00019304	21000.000000	0.0001929 	21000.000000	0.000437471	21000.000000	1.91656e-09
22000.000000	0.000610746	22000.000000	0.000452048	22000.000000	0.00019386	22000.000000	0.000193721	22000.000000	0.000452046	22000.000000	1.83414e-09
23000.000000	0.000644951	23000.000000	0.0004666 	23000.000000	0.000194647	23000.000000	0.000194507	23000.000000	0.000466598	23000.000000	1.75869e-09
24000.000000	0.000680061	24000.000000	0.000481127	24000.000000	0.0001954 	24000.000000	0.00019526	24000.000000	0.000481126	24000.000000	1.68935e-09
25000.000000	0.000716078	25000.000000	0.000495632	25000.000000	0.000196123	25000.000000	0.000195983	25000.000000	0.00049563	25000.000000	1.6254e-09
26000.000000	0.000753005	26000.000000	0.000510113	26000.000000	0.000196818	26000.000000	0.000196679	26000.000000	0.000510111	26000.000000	1.56624e-09
27000.000000	0.000790846	27000.000000	0.000524571	27000.000000	0.000197489	27000.000000	0.000197348	27000.000000	0.000524569	27000.000000	1.51134e-09
28000.000000	0.000829605	28000.000000	0.000539007	28000.000000	0.000198134	28000.000000	0.000197993	28000.000000	0.000539005	28000.000000	1.46025e-09
29000.000000	0.000869285	29000.000000	0.000553421	29000.000000	0.000198755	29000.000000	0.000198616	29000.000000	0.000553419	29000.000000	1.41258e-09
30000.000000	0.000909892	30000.000000	0.000567813	30000.000000	0.000199353	30000.000000	0.000199218	30000.000000	0.000567812	30000.000000	1.368e-09
32000.000000	0.000993899	32000.000000	0.000596535	32000.000000	0.000200491	32000.000000	0.000200365	32000.000000	0.000596534	32000.000000	1.28698e-09
34000.000000	0.00108166	34000.000000	0.000625177	34000.000000	0.00020156	34000.000000	0.000201441	34000.000000	0.000625176	34000.000000	1.21524e-09
36000.000000	0.00117322	36000.000000	0.000653742	36000.000000	0.00020257	36000.000000	0.000202456	36000.000000	0.000653741	36000.000000	1.15125e-09
38000.000000	0.0012686 	38000.000000	0.000682233	38000.000000	0.000203526	38000.000000	0.000203416	38000.000000	0.000682232	38000.000000	1.09382e-09
40000.000000	0.00136785	40000.000000	0.000710654	40000.000000	0.000204434	40000.000000	0.000204326	40000.000000	0.000710653	40000.000000	1.04198e-09
42000.000000	0.00147102	42000.000000	0.000739007	42000.000000	0.000205296	42000.000000	0.000205191	42000.000000	0.000739006	42000.000000	9.94943e-10
44000.000000	0.00157813	44000.000000	0.000767296	44000.000000	0.000206117	44000.000000	0.000206016	44000.000000	0.000767295	44000.000000	9.52067e-10
46000.000000	0.00168923	46000.000000	0.000795523	46000.000000	0.0002069 	46000.000000	0.000206803	46000.000000	0.000795522	46000.000000	9.1282e-10
48000.000000	0.00180436	48000.000000	0.00082369	48000.000000	0.000207649	48000.000000	0.000207556	48000.000000	0.000823689	48000.000000	8.76755e-10
50000.000000	0.00192357	50000.000000	0.0008518 	50000.000000	0.000208365	50000.000000	0.000208278	50000.000000	0.000851799	50000.000000	8.43499e-10
