*Energy (MeV/u)1	0 - [He-base] F.Hubert et al, AD&ND Tables 46(1990)1	Energy (MeV/u)2	1 - [H -base] J.F.Ziegler et al, Pergamon Press, NY (low energy)	Energy (MeV/u)3	2 - ATIMA 1.2  LS-theory (recommended for high energy)	Energy (MeV/u)4	3 - ATIMA 1.2  without LS-correction	Energy (MeV/u)5	4 - electrical component of [1] - J.F.Ziegler et al	Energy (MeV/u)6	5 - nuclear component of [1] - J.F.Ziegler et al	
0.001000	0.537655  	0.001000	0.0481012 	0.001000	0.0486168 	0.001000	0.0486168 	0.001000	0.0341683 	0.001000	0.0139329 	
0.002000	0.687007  	0.002000	0.0732319 	0.002000	0.0741239 	0.002000	0.0741239 	0.002000	0.0591287 	0.002000	0.0141032 	
0.005000	1.06289   	0.005000	0.128389  	0.005000	0.130136  	0.005000	0.130136  	0.005000	0.115829  	0.005000	0.0125603 	
0.008000	1.3446    	0.008000	0.169743  	0.008000	0.172136  	0.008000	0.172136  	0.008000	0.15865   	0.008000	0.0110933 	
0.010000	1.50001   	0.010000	0.19305   	0.010000	0.195806  	0.010000	0.195806  	0.010000	0.182753  	0.010000	0.0102976 	
0.015000	1.91382   	0.015000	0.237879  	0.015000	0.245928  	0.015000	0.245928  	0.015000	0.2291    	0.015000	0.00877898	
0.020000	2.26      	0.020000	0.274519  	0.020000	0.288104  	0.020000	0.288104  	0.020000	0.266818  	0.020000	0.00770091	
0.025000	2.55519   	0.025000	0.306135  	0.025000	0.32556   	0.025000	0.32556   	0.025000	0.299243  	0.025000	0.00689186	
0.030000	2.80824   	0.030000	0.334338  	0.030000	0.350293  	0.030000	0.350293  	0.030000	0.328079  	0.030000	0.00625891	
0.035000	3.02452   	0.035000	0.360055  	0.035000	0.372633  	0.035000	0.372633  	0.035000	0.354307  	0.035000	0.00574796	
0.040000	3.20775   	0.040000	0.383856  	0.040000	0.393197  	0.040000	0.393197  	0.040000	0.378531  	0.040000	0.00532537	
0.045000	3.36088   	0.045000	0.406113  	0.045000	0.412376  	0.045000	0.412376  	0.045000	0.401144  	0.045000	0.00496904	
0.050000	3.48659   	0.050000	0.427074  	0.050000	0.43043   	0.050000	0.43043   	0.050000	0.42241   	0.050000	0.00466382	
0.055000	3.58745   	0.055000	0.446911  	0.055000	0.447536  	0.055000	0.447536  	0.055000	0.442512  	0.055000	0.00439896	
0.060000	3.66605   	0.060000	0.465746  	0.060000	0.463815  	0.060000	0.463815  	0.060000	0.46158   	0.060000	0.00416658	
0.070000	3.76657   	0.070000	0.500735  	0.070000	0.494218  	0.070000	0.494218  	0.070000	0.496958  	0.070000	0.00377704	
0.080000	3.80767   	0.080000	0.532498  	0.080000	0.522083  	0.080000	0.522083  	0.080000	0.529036  	0.080000	0.00346233	
0.090000	3.80667   	0.090000	0.561305  	0.090000	0.547653  	0.090000	0.547653  	0.090000	0.558103  	0.090000	0.00320198	
0.100000	3.77771   	0.100000	0.587337  	0.100000	0.571077  	0.100000	0.571077  	0.100000	0.584354  	0.100000	0.00298249	
0.120000	3.67613   	0.120000	0.631632  	0.120000	0.611879  	0.120000	0.611879  	0.120000	0.629001  	0.120000	0.00263158	
0.140000	3.55617   	0.140000	0.666437  	0.140000	0.645162  	0.140000	0.645162  	0.140000	0.664074  	0.140000	0.00236227	
0.160000	3.44049   	0.160000	0.692807  	0.160000	0.671564  	0.160000	0.671564  	0.160000	0.690678  	0.160000	0.00212842	
0.180000	3.33624   	0.180000	0.71191   	0.180000	0.691835  	0.180000	0.691835  	0.180000	0.709955  	0.180000	0.00195562	
0.200000	3.24396   	0.200000	0.724848  	0.200000	0.706699  	0.200000	0.706699  	0.200000	0.723036  	0.200000	0.00181133	
0.250000	3.05345   	0.250000	0.736931  	0.250000	0.724997  	0.250000	0.724997  	0.250000	0.735395  	0.250000	0.00153593	
0.300000	2.89788   	0.300000	0.730394  	0.300000	0.724406  	0.300000	0.724406  	0.300000	0.729055  	0.300000	0.00133909	
0.350000	2.76072   	0.350000	0.714264  	0.350000	0.712731  	0.350000	0.712731  	0.350000	0.713073  	0.350000	0.00119065	
0.400000	2.6351    	0.400000	0.693912  	0.400000	0.695221  	0.400000	0.695221  	0.400000	0.692838  	0.400000	0.00107431	
0.450000	2.51844   	0.450000	0.672299  	0.450000	0.675143  	0.450000	0.675143  	0.450000	0.671319  	0.450000	0.000980417	
0.500000	2.40976   	0.500000	0.650952  	0.500000	0.654411  	0.500000	0.654411  	0.500000	0.650049  	0.500000	0.000902884	
0.600000	2.21446   	0.600000	0.611509  	0.600000	0.61469   	0.600000	0.61469   	0.600000	0.610727  	0.600000	0.000781977	
0.700000	2.04584   	0.700000	0.57733   	0.700000	0.57948   	0.700000	0.57948   	0.700000	0.576638  	0.700000	0.000691698	
0.800000	1.90026   	0.800000	0.547959  	0.800000	0.549036  	0.800000	0.549036  	0.800000	0.547337  	0.800000	0.00062148	
0.900000	1.77408   	0.900000	0.522536  	0.900000	0.52273   	0.900000	0.52273   	0.900000	0.521971  	0.900000	0.000565164	
1.000000	1.66401   	1.000000	0.500272  	1.000000	0.499809  	1.000000	0.499809  	1.000000	0.499753  	1.000000	0.000518902	
1.250000	1.44251   	1.250000	0.454643  	1.250000	0.453319  	1.250000	0.453319  	1.250000	0.454211  	1.250000	0.000432495	
1.500000	1.27527   	1.500000	0.418771  	1.500000	0.417232  	1.500000	0.417232  	1.500000	0.418399  	1.500000	0.000372242	
1.750000	1.14428   	1.750000	0.389339  	1.750000	0.387858  	1.750000	0.387858  	1.750000	0.389011  	1.750000	0.000327637	
2.000000	1.03871   	2.000000	0.364508  	2.000000	0.363182  	2.000000	0.363182  	2.000000	0.364214  	2.000000	0.000293181	
2.250000	0.951701  	2.250000	0.343158  	2.250000	0.342009  	2.250000	0.342009  	2.250000	0.342893  	2.250000	0.0002657 	
2.500000	0.863967  	2.500000	0.32455   	2.500000	0.323566  	2.500000	0.323566  	2.500000	0.324307  	2.500000	0.000243231	
3.000000	0.754112  	3.000000	0.293597  	3.000000	0.292876  	3.000000	0.292876  	3.000000	0.293389  	3.000000	0.000208607	
3.500000	0.670838  	3.500000	0.268832  	3.500000	0.268284  	3.500000	0.268284  	3.500000	0.268649  	3.500000	0.000183093	
4.000000	0.605346  	4.000000	0.248534  	4.000000	0.248091  	4.000000	0.248091  	4.000000	0.24837   	4.000000	0.000163455	
4.500000	0.552374  	4.500000	0.231571  	4.500000	0.231188  	4.500000	0.231188  	4.500000	0.231424  	4.500000	0.000147841	
5.000000	0.508573  	5.000000	0.217166  	5.000000	0.216809  	5.000000	0.216809  	5.000000	0.217031  	5.000000	0.000135108	
5.500000	0.471702  	5.500000	0.204762  	5.500000	0.204411  	5.500000	0.204411  	5.500000	0.204637  	5.500000	0.000124512	
6.000000	0.440205  	6.000000	0.193955  	6.000000	0.193597  	6.000000	0.193597  	6.000000	0.193839  	6.000000	0.000115547	
6.500000	0.412963  	6.500000	0.184443  	6.500000	0.184067  	6.500000	0.184067  	6.500000	0.184335  	6.500000	0.000107857	
7.000000	0.389152  	7.000000	0.175995  	7.000000	0.175597  	7.000000	0.175597  	7.000000	0.175894  	7.000000	0.000101184	
7.500000	0.368148  	7.500000	0.168433  	7.500000	0.16801   	7.500000	0.16801   	7.500000	0.168338  	7.500000	9.53332e-05	
8.000000	0.349473  	8.000000	0.161618  	8.000000	0.161167  	8.000000	0.161167  	8.000000	0.161528  	8.000000	9.016e-05 	
8.500000	0.332753  	8.500000	0.155439  	8.500000	0.154959  	8.500000	0.154959  	8.500000	0.155353  	8.500000	8.55507e-05	
9.000000	0.317689  	9.000000	0.149804  	9.000000	0.149296  	9.000000	0.149296  	9.000000	0.149723  	9.000000	8.14159e-05	
9.500000	0.304043  	9.500000	0.144642  	9.500000	0.144106  	9.500000	0.144106  	9.500000	0.144564  	9.500000	7.76848e-05	
10.000000	0.291619  	10.000000	0.140253  	10.000000	0.139327  	10.000000	0.139327  	10.000000	0.140178  	10.000000	7.42998e-05	
11.000000	0.269824  	11.000000	0.132939  	11.000000	0.130879  	11.000000	0.130893  	11.000000	0.13287   	11.000000	6.83885e-05	
12.000000	0.251314  	12.000000	0.12628   	12.000000	0.123483  	12.000000	0.123507  	12.000000	0.126217  	12.000000	6.33951e-05	
13.000000	0.235387  	13.000000	0.12023   	13.000000	0.116949  	13.000000	0.116975  	13.000000	0.120171  	13.000000	5.91178e-05	
14.000000	0.221529  	14.000000	0.114729  	14.000000	0.111131  	14.000000	0.111156  	14.000000	0.114674  	14.000000	5.54103e-05	
15.000000	0.209353  	15.000000	0.109717  	15.000000	0.105916  	15.000000	0.10594   	15.000000	0.109665  	15.000000	5.21639e-05	
16.000000	0.198566  	16.000000	0.10514   	16.000000	0.101215  	16.000000	0.101238  	16.000000	0.10509   	16.000000	4.92963e-05	
17.000000	0.188939  	17.000000	0.100947  	17.000000	0.0969591 	17.000000	0.0969796 	17.000000	0.1009    	17.000000	4.67435e-05	
18.000000	0.180291  	18.000000	0.0970947 	18.000000	0.0930892 	18.000000	0.0931047 	18.000000	0.0970503 	18.000000	4.44557e-05	
19.000000	0.172477  	19.000000	0.0935459 	19.000000	0.0895531 	19.000000	0.0895644 	19.000000	0.0935035 	19.000000	4.23929e-05	
20.000000	0.16538   	20.000000	0.0902669 	20.000000	0.0863053 	20.000000	0.0863165 	20.000000	0.0902264 	20.000000	4.05229e-05	
21.000000	0.158904  	21.000000	0.087229  	21.000000	0.0833137 	21.000000	0.0833261 	21.000000	0.0871902 	21.000000	3.88193e-05	
22.000000	0.152969  	22.000000	0.084407  	22.000000	0.080554  	22.000000	0.0805633 	22.000000	0.0843698 	22.000000	3.72606e-05	
23.000000	0.14751   	23.000000	0.0817792 	23.000000	0.0780003 	23.000000	0.0780031 	23.000000	0.0817434 	23.000000	3.58287e-05	
24.000000	0.142469  	24.000000	0.0793263 	24.000000	0.0756273 	24.000000	0.0756235 	24.000000	0.0792918 	24.000000	3.45084e-05	
25.000000	0.1378    	25.000000	0.0770316 	25.000000	0.0734157 	25.000000	0.073406  	25.000000	0.0769983 	25.000000	3.3287e-05	
27.000000	0.129421  	27.000000	0.0728597 	27.000000	0.0694187 	27.000000	0.0693943 	27.000000	0.0728286 	27.000000	3.10987e-05	
29.000000	0.122112  	29.000000	0.0691651 	29.000000	0.0658921 	29.000000	0.0658617 	29.000000	0.0691359 	29.000000	2.91938e-05	
31.000000	0.115678  	31.000000	0.0658702 	31.000000	0.0628125 	31.000000	0.0627805 	31.000000	0.0658426 	31.000000	2.75197e-05	
33.000000	0.109966  	33.000000	0.0629133 	33.000000	0.0601323 	33.000000	0.0600904 	33.000000	0.0628873 	33.000000	2.60362e-05	
35.000000	0.104861  	35.000000	0.0602448 	35.000000	0.057704  	35.000000	0.0576642 	35.000000	0.0602201 	35.000000	2.4712e-05	
38.000000	0.0981394 	38.000000	0.0566962 	38.000000	0.0544824 	38.000000	0.0544362 	38.000000	0.0566732 	38.000000	2.29717e-05	
41.000000	0.0923337 	41.000000	0.0535993 	41.000000	0.0516612 	41.000000	0.0516141 	41.000000	0.0535779 	41.000000	2.14712e-05	
44.000000	0.0872651 	44.000000	0.0508725 	44.000000	0.0491641 	44.000000	0.0491224 	44.000000	0.0508524 	44.000000	2.01635e-05	
47.000000	0.0827992 	47.000000	0.0484526 	47.000000	0.0469515 	47.000000	0.0469041 	47.000000	0.0484336 	47.000000	1.9013e-05	
50.000000	0.0788325 	50.000000	0.0462901 	50.000000	0.0449627 	50.000000	0.0449148 	50.000000	0.0462721 	50.000000	1.79927e-05	
55.000000	0.0731189 	55.000000	0.0431546 	55.000000	0.0420688 	55.000000	0.0420167 	55.000000	0.0431381 	55.000000	1.65256e-05	
60.000000	0.0682948 	60.000000	0.0404892 	60.000000	0.0395862 	60.000000	0.0395382 	60.000000	0.040474  	60.000000	1.52896e-05	
65.000000	0.0641637 	65.000000	0.0381948 	65.000000	0.0374413 	65.000000	0.0373921 	65.000000	0.0381806 	65.000000	1.42334e-05	
70.000000	0.0605837 	70.000000	0.0361982 	70.000000	0.0355641 	70.000000	0.0355141 	70.000000	0.0361849 	70.000000	1.33197e-05	
75.000000	0.0574491 	75.000000	0.0344444 	75.000000	0.0339019 	75.000000	0.0338559 	75.000000	0.0344319 	75.000000	1.25213e-05	
80.000000	0.0546802 	80.000000	0.0328912 	80.000000	0.0324302 	80.000000	0.0323802 	80.000000	0.0328794 	80.000000	1.18172e-05	
85.000000	0.052215  	85.000000	0.0315058 	85.000000	0.0311053 	85.000000	0.0310579 	85.000000	0.0314946 	85.000000	1.11915e-05	
90.000000	0.0500053 	90.000000	0.0302622 	90.000000	0.0299112 	90.000000	0.0298659 	90.000000	0.0302515 	90.000000	1.06316e-05	
95.000000	0.0480123 	95.000000	0.0291393 	95.000000	0.028834  	95.000000	0.0287854 	95.000000	0.0291292 	95.000000	1.01274e-05	
100.000000	0.046205  	100.000000	0.0281204 	100.000000	0.0278478 	100.000000	0.0278014 	100.000000	0.0281107 	100.000000	9.67094e-06	
105.000000	0.044558  	105.000000	0.0271914 	105.000000	0.0269457 	105.000000	0.0269012 	105.000000	0.0271822 	105.000000	9.25564e-06	
110.000000	0.0430504 	110.000000	0.0263409 	110.000000	0.0261168 	110.000000	0.0260744 	110.000000	0.0263321 	110.000000	8.87609e-06	
115.000000	0.0416647 	115.000000	0.0255593 	115.000000	0.0253563 	115.000000	0.0253124 	115.000000	0.0255508 	115.000000	8.52779e-06	
120.000000	0.0403865 	120.000000	0.0248384 	120.000000	0.0246525 	120.000000	0.0246077 	120.000000	0.0248302 	120.000000	8.20698e-06	
125.000000	0.0392033 	125.000000	0.0241714 	125.000000	0.0239965 	125.000000	0.023954  	125.000000	0.0241635 	125.000000	7.91049e-06	
130.000000	0.0381048 	130.000000	0.0235524 	130.000000	0.0233872 	130.000000	0.0233459 	130.000000	0.0235448 	130.000000	7.6356e-06	
135.000000	0.0370818 	135.000000	0.0229764 	135.000000	0.0228219 	135.000000	0.0227788 	135.000000	0.022969  	135.000000	7.38001e-06	
140.000000	0.0361267 	140.000000	0.022439  	140.000000	0.0222919 	140.000000	0.0222487 	140.000000	0.0224318 	140.000000	7.14172e-06	
145.000000	0.0352327 	145.000000	0.0219364 	145.000000	0.0217936 	145.000000	0.021752  	145.000000	0.0219295 	145.000000	6.919e-06 	
150.000000	0.0343941 	150.000000	0.0214654 	150.000000	0.0213262 	150.000000	0.0212856 	150.000000	0.0214587 	150.000000	6.71037e-06	
155.000000	0.0332133 	155.000000	0.021023  	155.000000	0.0208861 	155.000000	0.0208469 	155.000000	0.0210165 	155.000000	6.51449e-06	
160.000000	0.0325212 	160.000000	0.0206067 	160.000000	0.0204723 	160.000000	0.0204334 	160.000000	0.0206004 	160.000000	6.33023e-06	
165.000000	0.0318685 	165.000000	0.0202143 	165.000000	0.0200834 	165.000000	0.0200431 	165.000000	0.0202081 	165.000000	6.15655e-06	
170.000000	0.0312519 	170.000000	0.0198437 	170.000000	0.0197144 	170.000000	0.019674  	170.000000	0.0198377 	170.000000	5.99257e-06	
175.000000	0.0306685 	175.000000	0.0194932 	175.000000	0.0193637 	175.000000	0.0193245 	175.000000	0.0194874 	175.000000	5.83747e-06	
180.000000	0.0301157 	180.000000	0.0191612 	180.000000	0.0190313 	180.000000	0.018993  	180.000000	0.0191555 	180.000000	5.69055e-06	
185.000000	0.029591  	185.000000	0.0188462 	185.000000	0.0187157 	185.000000	0.0186782 	185.000000	0.0188407 	185.000000	5.55117e-06	
190.000000	0.0290923 	190.000000	0.018547  	190.000000	0.0184154 	190.000000	0.0183789 	190.000000	0.0185416 	190.000000	5.41874e-06	
195.000000	0.0286177 	195.000000	0.0182624 	195.000000	0.0181306 	195.000000	0.0180939 	195.000000	0.0182571 	195.000000	5.29277e-06	
200.000000	0.0281656 	200.000000	0.0179914 	200.000000	0.0178601 	200.000000	0.0178223 	200.000000	0.0179862 	200.000000	5.17277e-06	
210.000000	0.0273223 	210.000000	0.0174864 	210.000000	0.0173527 	210.000000	0.0173156 	210.000000	0.0174814 	210.000000	4.94906e-06	
220.000000	0.0265516 	220.000000	0.0170253 	220.000000	0.0168882 	220.000000	0.0168524 	220.000000	0.0170206 	220.000000	4.74468e-06	
230.000000	0.0258444 	230.000000	0.0166028 	230.000000	0.0164618 	230.000000	0.0164274 	230.000000	0.0165982 	230.000000	4.5572e-06	
240.000000	0.0251931 	240.000000	0.0162141 	240.000000	0.0160715 	240.000000	0.0160361 	240.000000	0.0162098 	240.000000	4.38457e-06	
250.000000	0.0245913 	250.000000	0.0158555 	250.000000	0.0157102 	250.000000	0.0156748 	250.000000	0.0158513 	250.000000	4.22508e-06	
260.000000	0.0240335 	260.000000	0.0155235 	260.000000	0.0153744 	260.000000	0.0153402 	260.000000	0.0155194 	260.000000	4.07726e-06	
270.000000	0.0235152 	270.000000	0.0152154 	270.000000	0.0150627 	270.000000	0.0150294 	270.000000	0.0152114 	270.000000	3.93985e-06	
280.000000	0.0230322 	280.000000	0.0149286 	280.000000	0.0147726 	280.000000	0.0147401 	280.000000	0.0149248 	280.000000	3.81179e-06	
290.000000	0.022581  	290.000000	0.0146611 	290.000000	0.0145037 	290.000000	0.0144702 	290.000000	0.0146574 	290.000000	3.69212e-06	
300.000000	0.0221587 	300.000000	0.014411  	300.000000	0.0142515 	300.000000	0.0142179 	300.000000	0.0144075 	300.000000	3.58005e-06	
310.000000	0.0217625 	310.000000	0.0141768 	310.000000	0.0140141 	310.000000	0.0139815 	310.000000	0.0141733 	310.000000	3.47486e-06	
320.000000	0.0213901 	320.000000	0.0139568 	320.000000	0.0137916 	320.000000	0.0137596 	320.000000	0.0139535 	320.000000	3.37592e-06	
330.000000	0.0210395 	330.000000	0.01375   	330.000000	0.0135822 	330.000000	0.013551  	330.000000	0.0137467 	330.000000	3.2827e-06	
340.000000	0.0207088 	340.000000	0.0135552 	340.000000	0.0133854 	340.000000	0.0133545 	340.000000	0.013552  	340.000000	3.19469e-06	
350.000000	0.0203964 	350.000000	0.0133714 	350.000000	0.0132009 	350.000000	0.0131692 	350.000000	0.0133683 	350.000000	3.11148e-06	
360.000000	0.0201008 	360.000000	0.0131978 	360.000000	0.0130261 	360.000000	0.0129942 	360.000000	0.0131947 	360.000000	3.03266e-06	
370.000000	0.0198208 	370.000000	0.0130334 	370.000000	0.01286   	370.000000	0.0128287 	370.000000	0.0130305 	370.000000	2.95791e-06	
380.000000	0.0195552 	380.000000	0.0128777 	380.000000	0.0127027 	380.000000	0.012672  	380.000000	0.0128748 	380.000000	2.8869e-06	
390.000000	0.0193029 	390.000000	0.01273   	390.000000	0.0125536 	390.000000	0.0125233 	390.000000	0.0127272 	390.000000	2.81936e-06	
400.000000	0.0190629 	400.000000	0.0125897 	400.000000	0.0124119 	400.000000	0.0123823 	400.000000	0.0125869 	400.000000	2.75503e-06	
410.000000	0.0188345 	410.000000	0.0124562 	410.000000	0.0122775 	410.000000	0.0122482 	410.000000	0.0124535 	410.000000	2.6937e-06	
420.000000	0.0186168 	420.000000	0.0123292 	420.000000	0.0121505 	420.000000	0.0121206 	420.000000	0.0123266 	420.000000	2.63515e-06	
430.000000	0.0184091 	430.000000	0.0122082 	430.000000	0.0120295 	430.000000	0.0119992 	430.000000	0.0122056 	430.000000	2.57919e-06	
440.000000	0.0182107 	440.000000	0.0120927 	440.000000	0.0119137 	440.000000	0.0118835 	440.000000	0.0120902 	440.000000	2.52566e-06	
450.000000	0.0180212 	450.000000	0.0119825 	450.000000	0.0118027 	450.000000	0.011773  	450.000000	0.01198   	450.000000	2.47439e-06	
460.000000	0.0178398 	460.000000	0.0118772 	460.000000	0.0116969 	460.000000	0.0116676 	460.000000	0.0118748 	460.000000	2.42525e-06	
470.000000	0.0176662 	470.000000	0.0117765 	470.000000	0.0115959 	470.000000	0.0115669 	470.000000	0.0117741 	470.000000	2.3781e-06	
480.000000	0.0174999 	480.000000	0.01168   	480.000000	0.0114992 	480.000000	0.0114706 	480.000000	0.0116777 	480.000000	2.33283e-06	
490.000000	0.0173404 	490.000000	0.0115877 	490.000000	0.0114065 	490.000000	0.0113784 	490.000000	0.0115854 	490.000000	2.28931e-06	
500.000000	0.0171874 	500.000000	0.0114992 	500.000000	0.0113181 	500.000000	0.0112901 	500.000000	0.0114969 	500.000000	2.24746e-06	
520.000000	0.0168993 	520.000000	0.0113327 	520.000000	0.011153  	520.000000	0.0111243 	520.000000	0.0113306 	520.000000	2.16836e-06	
540.000000	0.016633  	540.000000	0.0111792 	540.000000	0.0110004 	540.000000	0.0109717 	540.000000	0.0111771 	540.000000	2.09485e-06	
560.000000	0.0163863 	560.000000	0.0110373 	560.000000	0.0108589 	560.000000	0.0108308 	560.000000	0.0110352 	560.000000	2.02636e-06	
580.000000	0.0161574 	580.000000	0.0109057 	580.000000	0.0107282 	580.000000	0.0107006 	580.000000	0.0109037 	580.000000	1.96237e-06	
600.000000	0.0159444 	600.000000	0.0107835 	600.000000	0.0106069 	600.000000	0.0105798 	600.000000	0.0107816 	600.000000	1.90246e-06	
620.000000	0.0157459 	620.000000	0.0106699 	620.000000	0.0104944 	620.000000	0.0104677 	620.000000	0.010668  	620.000000	1.84623e-06	
640.000000	0.0155607 	640.000000	0.010564  	640.000000	0.0103906 	640.000000	0.0103634 	640.000000	0.0105622 	640.000000	1.79337e-06	
660.000000	0.0153877 	660.000000	0.0104651 	660.000000	0.0102938 	660.000000	0.0102662 	660.000000	0.0104633 	660.000000	1.74356e-06	
680.000000	0.0152256 	680.000000	0.0103727 	680.000000	0.0102028 	680.000000	0.0101755 	680.000000	0.010371  	680.000000	1.69655e-06	
700.000000	0.0150738 	700.000000	0.0102862 	700.000000	0.0101176 	700.000000	0.0100908 	700.000000	0.0102845 	700.000000	1.65211e-06	
720.000000	0.0149314 	720.000000	0.0102051 	720.000000	0.0100381 	720.000000	0.0100116 	720.000000	0.0102035 	720.000000	1.61003e-06	
740.000000	0.0147976 	740.000000	0.0101291 	740.000000	0.0099635 	740.000000	0.00993729	740.000000	0.0101275 	740.000000	1.57011e-06	
760.000000	0.0146719 	760.000000	0.0100576 	760.000000	0.00989346	760.000000	0.00986764	760.000000	0.0100561 	760.000000	1.53221e-06	
780.000000	0.0145536 	780.000000	0.00999046	780.000000	0.00982785	780.000000	0.00980224	780.000000	0.00998896	780.000000	1.49616e-06	
800.000000	0.0144421 	800.000000	0.00992727	800.000000	0.00976657	800.000000	0.00974078	800.000000	0.0099258 	800.000000	1.46184e-06	
820.000000	0.0143372 	820.000000	0.00986775	820.000000	0.00970911	820.000000	0.00968296	820.000000	0.00986632	820.000000	1.42912e-06	
840.000000	0.0142382 	840.000000	0.00981167	840.000000	0.00965642	840.000000	0.00963008	840.000000	0.00981027	840.000000	1.39788e-06	
860.000000	0.0141448 	860.000000	0.00975878	860.000000	0.00960629	860.000000	0.00958007	860.000000	0.00975741	860.000000	1.36804e-06	
880.000000	0.0140566 	880.000000	0.00970887	880.000000	0.00955888	880.000000	0.00953295	880.000000	0.00970753	880.000000	1.33949e-06	
900.000000	0.0139734 	900.000000	0.00966174	900.000000	0.00951416	900.000000	0.00948852	900.000000	0.00966043	900.000000	1.31215e-06	
920.000000	0.0138948 	920.000000	0.00961723	920.000000	0.00947203	920.000000	0.0094466 	920.000000	0.00961594	920.000000	1.28595e-06	
940.000000	0.0138205 	940.000000	0.00957517	940.000000	0.00943229	940.000000	0.00940703	940.000000	0.00957391	940.000000	1.26082e-06	
960.000000	0.0137503 	960.000000	0.0095354 	960.000000	0.00939478	960.000000	0.00936966	960.000000	0.00953417	960.000000	1.23668e-06	
980.000000	0.0136839 	980.000000	0.0094978 	980.000000	0.00935934	980.000000	0.00933435	980.000000	0.00949658	980.000000	1.21349e-06	
1000.000000	0.0136212 	1000.000000	0.00946223	1000.000000	0.00932582	1000.000000	0.00930098	1000.000000	0.00946104	1000.000000	1.19119e-06	
1020.000000	0.0135618 	1020.000000	0.00942858	1020.000000	0.00929409	1020.000000	0.00926942	1020.000000	0.00942741	1020.000000	1.16972e-06	
1040.000000	0.0135057 	1040.000000	0.00939674	1040.000000	0.00926403	1040.000000	0.00923957	1040.000000	0.00939559	1040.000000	1.14904e-06	
1060.000000	0.0134527 	1060.000000	0.00936661	1060.000000	0.00923558	1060.000000	0.00921133	1060.000000	0.00936548	1060.000000	1.12911e-06	
1080.000000	0.0134026 	1080.000000	0.0093381 	1080.000000	0.00920869	1080.000000	0.0091846 	1080.000000	0.00933699	1080.000000	1.10989e-06	
1100.000000	0.0133553 	1100.000000	0.00931111	1100.000000	0.00918331	1100.000000	0.0091593 	1100.000000	0.00931002	1100.000000	1.09133e-06	
1120.000000	0.0133105 	1120.000000	0.00928558	1120.000000	0.0091594 	1120.000000	0.00913534	1120.000000	0.00928451	1120.000000	1.07341e-06	
1140.000000	0.0132683 	1140.000000	0.00926143	1140.000000	0.00913685	1140.000000	0.00911266	1140.000000	0.00926037	1140.000000	1.05609e-06	
1160.000000	0.0132284 	1160.000000	0.00923858	1160.000000	0.00911555	1160.000000	0.00909117	1160.000000	0.00923754	1160.000000	1.03934e-06	
1180.000000	0.0131908 	1180.000000	0.00921697	1180.000000	0.00909537	1180.000000	0.00907083	1180.000000	0.00921595	1180.000000	1.02313e-06	
1200.000000	0.0131553 	1200.000000	0.00919654	1200.000000	0.00907621	1200.000000	0.00905156	1200.000000	0.00919554	1200.000000	1.00744e-06	
1220.000000	0.0131219 	1220.000000	0.00917724	1220.000000	0.00905798	1220.000000	0.00903331	1220.000000	0.00917625	1220.000000	9.92248e-07	
1240.000000	0.0130905 	1240.000000	0.00915901	1240.000000	0.00904063	1240.000000	0.00901603	1240.000000	0.00915803	1240.000000	9.7752e-07	
1260.000000	0.0130609 	1260.000000	0.00914179	1260.000000	0.00902416	1260.000000	0.00899967	1260.000000	0.00914083	1260.000000	9.6324e-07	
1280.000000	0.0130331 	1280.000000	0.00912555	1280.000000	0.00900853	1280.000000	0.00898417	1280.000000	0.0091246 	1280.000000	9.49387e-07	
1300.000000	0.013007  	1300.000000	0.00911024	1300.000000	0.00899373	1300.000000	0.00896951	1300.000000	0.00910931	1300.000000	9.35941e-07	
1320.000000	0.0129826 	1320.000000	0.00909582	1320.000000	0.00897973	1320.000000	0.00895563	1320.000000	0.0090949 	1320.000000	9.22886e-07	
1340.000000	0.0129597 	1340.000000	0.00908225	1340.000000	0.0089665 	1340.000000	0.0089425 	1340.000000	0.00908134	1340.000000	9.10204e-07	
1360.000000	0.0129384 	1360.000000	0.00906949	1360.000000	0.008954  	1360.000000	0.00893008	1360.000000	0.00906859	1360.000000	8.97879e-07	
1380.000000	0.0129185 	1380.000000	0.0090575 	1380.000000	0.00894219	1380.000000	0.00891834	1380.000000	0.00905662	1380.000000	8.85896e-07	
1400.000000	0.0129    	1400.000000	0.00904626	1400.000000	0.00893102	1400.000000	0.00890724	1400.000000	0.00904539	1400.000000	8.7424e-07	
1420.000000	0.0128828 	1420.000000	0.00903574	1420.000000	0.00892047	1420.000000	0.00889676	1420.000000	0.00903488	1420.000000	8.62899e-07	
1440.000000	0.0128669 	1440.000000	0.0090259 	1440.000000	0.00891049	1440.000000	0.00888686	1440.000000	0.00902505	1440.000000	8.5186e-07	
1460.000000	0.0128522 	1460.000000	0.00901671	1460.000000	0.00890106	1460.000000	0.00887753	1460.000000	0.00901587	1460.000000	8.4111e-07	
1480.000000	0.0128388 	1480.000000	0.00900816	1480.000000	0.00889216	1480.000000	0.00886873	1480.000000	0.00900733	1480.000000	8.30638e-07	
1500.000000	0.0128264 	1500.000000	0.00900021	1500.000000	0.00888377	1500.000000	0.00886044	1500.000000	0.00899939	1500.000000	8.20434e-07	
1520.000000	0.0128152 	1520.000000	0.00899285	1520.000000	0.00887588	1520.000000	0.00885264	1520.000000	0.00899204	1520.000000	8.10487e-07	
1540.000000	0.0128051 	1540.000000	0.00898604	1540.000000	0.00886847	1540.000000	0.0088453 	1540.000000	0.00898524	1540.000000	8.00787e-07	
1560.000000	0.012796  	1560.000000	0.00897977	1560.000000	0.00886153	1560.000000	0.00883841	1560.000000	0.00897898	1560.000000	7.91326e-07	
1580.000000	0.0127878 	1580.000000	0.00897403	1580.000000	0.00885503	1580.000000	0.00883194	1580.000000	0.00897324	1580.000000	7.82094e-07	
1600.000000	0.0127806 	1600.000000	0.00896878	1600.000000	0.00884898	1600.000000	0.00882588	1600.000000	0.008968  	1600.000000	7.73083e-07	
1620.000000	0.0127744 	1620.000000	0.00896401	1620.000000	0.00884334	1620.000000	0.00882021	1620.000000	0.00896324	1620.000000	7.64285e-07	
1640.000000	0.012769  	1640.000000	0.0089597 	1640.000000	0.0088381 	1640.000000	0.00881492	1640.000000	0.00895895	1640.000000	7.55692e-07	
1660.000000	0.0127645 	1660.000000	0.00895585	1660.000000	0.00883323	1660.000000	0.00880998	1660.000000	0.0089551 	1660.000000	7.47298e-07	
1680.000000	0.0127609 	1680.000000	0.00895242	1680.000000	0.00882872	1680.000000	0.00880538	1680.000000	0.00895168	1680.000000	7.39096e-07	
1700.000000	0.012758  	1700.000000	0.00894941	1700.000000	0.00882453	1700.000000	0.00880112	1700.000000	0.00894868	1700.000000	7.31078e-07	
1750.000000	0.0127543 	1750.000000	0.00894361	1750.000000	0.00881539	1750.000000	0.0087918 	1750.000000	0.0089429 	1750.000000	7.11802e-07	
1800.000000	0.012755  	1800.000000	0.00894012	1800.000000	0.00880795	1800.000000	0.00878426	1800.000000	0.00893943	1800.000000	6.93553e-07	
1850.000000	0.01276   	1850.000000	0.00893875	1850.000000	0.00880199	1850.000000	0.00877832	1850.000000	0.00893807	1850.000000	6.7625e-07	
1900.000000	0.0127688 	1900.000000	0.00893933	1900.000000	0.00879741	1900.000000	0.00877383	1900.000000	0.00893867	1900.000000	6.5982e-07	
1950.000000	0.0127813 	1950.000000	0.00894172	1950.000000	0.00879411	1950.000000	0.00877066	1950.000000	0.00894108	1950.000000	6.44198e-07	
2000.000000	0.0127972 	2000.000000	0.00894578	2000.000000	0.00879199	2000.000000	0.00876867	2000.000000	0.00894515	2000.000000	6.29325e-07	
2100.000000	0.0128381 	2100.000000	0.00895844	2100.000000	0.00879095	2100.000000	0.00876785	2100.000000	0.00895784	2100.000000	6.01618e-07	
2200.000000	0.0128902 	2200.000000	0.00897646	2200.000000	0.00879356	2200.000000	0.00877061	2200.000000	0.00897588	2200.000000	5.7633e-07	
2300.000000	0.0129522 	2300.000000	0.00899914	2300.000000	0.00879917	2300.000000	0.00877634	2300.000000	0.00899859	2300.000000	5.53153e-07	
2400.000000	0.0130228 	2400.000000	0.00902591	2400.000000	0.00880725	2400.000000	0.00878455	2400.000000	0.00902538	2400.000000	5.31831e-07	
2500.000000	0.0131014 	2500.000000	0.00905626	2500.000000	0.00881737	2500.000000	0.00879481	2500.000000	0.00905575	2500.000000	5.12147e-07	
2600.000000	0.013187  	2600.000000	0.00908978	2600.000000	0.00882922	2600.000000	0.0088068 	2600.000000	0.00908929	2600.000000	4.93917e-07	
2700.000000	0.013279  	2700.000000	0.00912612	2700.000000	0.00884255	2700.000000	0.00882022	2700.000000	0.00912564	2700.000000	4.76984e-07	
2800.000000	0.0133769 	2800.000000	0.00916496	2800.000000	0.00885711	2800.000000	0.00883485	2800.000000	0.0091645 	2800.000000	4.61213e-07	
2900.000000	0.0134801 	2900.000000	0.00920605	2900.000000	0.00887271	2900.000000	0.00885046	2900.000000	0.00920561	2900.000000	4.46487e-07	
3000.000000	0.0135882 	3000.000000	0.00924916	3000.000000	0.00888918	3000.000000	0.00886691	3000.000000	0.00924873	3000.000000	4.32704e-07	
3200.000000	0.0138177 	3200.000000	0.00934066	3200.000000	0.00892412	3200.000000	0.00890174	3200.000000	0.00934025	3200.000000	4.07622e-07	
3400.000000	0.0140629 	3400.000000	0.00943813	3400.000000	0.0089609 	3400.000000	0.00893841	3400.000000	0.00943774	3400.000000	3.8538e-07	
3600.000000	0.0143218 	3600.000000	0.00954054	3600.000000	0.00899883	3600.000000	0.00897626	3600.000000	0.00954018	3600.000000	3.65515e-07	
3800.000000	0.0145927 	3800.000000	0.00964709	3800.000000	0.00903739	3800.000000	0.00901481	3800.000000	0.00964675	3800.000000	3.47662e-07	
4000.000000	0.0148745 	4000.000000	0.00975713	4000.000000	0.00907624	4000.000000	0.00905369	4000.000000	0.0097568 	4000.000000	3.31527e-07	
4200.000000	0.0151661 	4200.000000	0.00987012	4200.000000	0.00911513	4200.000000	0.00909263	4200.000000	0.00986981	4200.000000	3.16871e-07	
4400.000000	0.0154666 	4400.000000	0.00998565	4400.000000	0.00915386	4400.000000	0.00913143	4400.000000	0.00998534	4400.000000	3.03497e-07	
4600.000000	0.0157754 	4600.000000	0.0101033 	4600.000000	0.00919231	4600.000000	0.00916993	4600.000000	0.0101031 	4600.000000	2.91242e-07	
4800.000000	0.0160918 	4800.000000	0.0102229 	4800.000000	0.00923036	4800.000000	0.00920804	4800.000000	0.0102226 	4800.000000	2.79969e-07	
5000.000000	0.0164154 	5000.000000	0.0103441 	5000.000000	0.00926793	5000.000000	0.00924567	5000.000000	0.0103439 	5000.000000	2.69565e-07	
5250.000000	0.0168292 	5250.000000	0.0104976 	5250.000000	0.00931415	5250.000000	0.00929194	5250.000000	0.0104974 	5250.000000	2.57633e-07	
5500.000000	0.0172528 	5500.000000	0.010653  	5500.000000	0.00935945	5500.000000	0.0093373 	5500.000000	0.0106527 	5500.000000	2.46746e-07	
6000.000000	0.0181271 	6000.000000	0.0109683 	6000.000000	0.00944718	6000.000000	0.00942509	6000.000000	0.0109681 	6000.000000	2.27595e-07	
6500.000000	0.0190346 	6500.000000	0.0112884 	6500.000000	0.00953095	6500.000000	0.00950891	6500.000000	0.0112882 	6500.000000	2.11286e-07	
7000.000000	0.0199726 	7000.000000	0.011612  	7000.000000	0.00961082	7000.000000	0.00958883	7000.000000	0.0116118 	7000.000000	1.97225e-07	
7500.000000	0.0209393 	7500.000000	0.0119383 	7500.000000	0.00968693	7500.000000	0.00966498	7500.000000	0.0119381 	7500.000000	1.84972e-07	
8000.000000	0.0219332 	8000.000000	0.0122666 	8000.000000	0.00975958	8000.000000	0.00973757	8000.000000	0.0122664 	8000.000000	1.74196e-07	
8500.000000	0.022953  	8500.000000	0.0125964 	8500.000000	0.00982867	8500.000000	0.00980683	8500.000000	0.0125962 	8500.000000	1.64643e-07	
9000.000000	0.0239981 	9000.000000	0.0129273 	9000.000000	0.00989438	9000.000000	0.00987296	9000.000000	0.0129271 	9000.000000	1.56115e-07	
9500.000000	0.0250676 	9500.000000	0.0132591 	9500.000000	0.00995728	9500.000000	0.00993618	9500.000000	0.0132589 	9500.000000	1.48452e-07	
10000.000000	0.026161  	10000.000000	0.0135915 	10000.000000	0.0100177 	10000.000000	0.0099967 	10000.000000	0.0135913 	10000.000000	1.41529e-07	
11000.000000	0.0284178 	11000.000000	0.0142575 	11000.000000	0.0101314 	11000.000000	0.0101103 	11000.000000	0.0142573 	11000.000000	1.29506e-07	
12000.000000	0.030766  	12000.000000	0.0149243 	12000.000000	0.0102363 	12000.000000	0.0102152 	12000.000000	0.0149242 	12000.000000	1.19419e-07	
13000.000000	0.0332037 	13000.000000	0.0155912 	13000.000000	0.0103333 	13000.000000	0.0103123 	13000.000000	0.0155911 	13000.000000	1.10832e-07	
14000.000000	0.0357297 	14000.000000	0.0162579 	14000.000000	0.0104236 	14000.000000	0.0104028 	14000.000000	0.0162578 	14000.000000	1.03431e-07	
15000.000000	0.0383433 	15000.000000	0.0169239 	15000.000000	0.0105078 	15000.000000	0.0104873 	15000.000000	0.0169238 	15000.000000	9.69831e-08	
16000.000000	0.041044  	16000.000000	0.0175892 	16000.000000	0.0105868 	16000.000000	0.0105666 	16000.000000	0.0175891 	16000.000000	9.13143e-08	
17000.000000	0.0438315 	17000.000000	0.0182536 	17000.000000	0.0106611 	17000.000000	0.0106412 	17000.000000	0.0182535 	17000.000000	8.62899e-08	
18000.000000	0.0467056 	18000.000000	0.0189169 	18000.000000	0.0107314 	18000.000000	0.0107116 	18000.000000	0.0189168 	18000.000000	8.18051e-08	
19000.000000	0.0496663 	19000.000000	0.0195792 	19000.000000	0.0107979 	19000.000000	0.0107782 	19000.000000	0.0195791 	19000.000000	7.77765e-08	
20000.000000	0.0527136 	20000.000000	0.0202404 	20000.000000	0.010861  	20000.000000	0.0108414 	20000.000000	0.0202403 	20000.000000	7.41373e-08	
21000.000000	0.0558477 	21000.000000	0.0209005 	21000.000000	0.0109211 	21000.000000	0.0109015 	21000.000000	0.0209005 	21000.000000	7.0833e-08	
22000.000000	0.0590688 	22000.000000	0.0215595 	22000.000000	0.0109783 	22000.000000	0.0109587 	22000.000000	0.0215595 	22000.000000	6.78191e-08	
23000.000000	0.062377  	23000.000000	0.0222174 	23000.000000	0.0110324 	23000.000000	0.0110133 	23000.000000	0.0222174 	23000.000000	6.50586e-08	
24000.000000	0.0657726 	24000.000000	0.0228743 	24000.000000	0.0110841 	24000.000000	0.0110656 	24000.000000	0.0228742 	24000.000000	6.25204e-08	
25000.000000	0.069256  	25000.000000	0.02353   	25000.000000	0.0111342 	25000.000000	0.0111157 	25000.000000	0.0235299 	25000.000000	6.01785e-08	
26000.000000	0.0728274 	26000.000000	0.0241847 	26000.000000	0.0111822 	26000.000000	0.0111637 	26000.000000	0.0241846 	26000.000000	5.80108e-08	
27000.000000	0.0764873 	27000.000000	0.0248383 	27000.000000	0.011228  	27000.000000	0.0112099 	27000.000000	0.0248383 	27000.000000	5.59982e-08	
28000.000000	0.0802359 	28000.000000	0.025491  	28000.000000	0.0112719 	28000.000000	0.0112544 	28000.000000	0.0254909 	28000.000000	5.41247e-08	
29000.000000	0.0840736 	29000.000000	0.0261426 	29000.000000	0.0113143 	29000.000000	0.0112972 	29000.000000	0.0261426 	29000.000000	5.23761e-08	
30000.000000	0.0880009 	30000.000000	0.0267933 	30000.000000	0.0113553 	30000.000000	0.0113385 	30000.000000	0.0267932 	30000.000000	5.07402e-08	
32000.000000	0.0961257 	32000.000000	0.0280917 	32000.000000	0.0114331 	32000.000000	0.0114169 	32000.000000	0.0280917 	32000.000000	4.77652e-08	
34000.000000	0.104614  	34000.000000	0.0293865 	34000.000000	0.0115057 	34000.000000	0.0114903 	34000.000000	0.0293865 	34000.000000	4.51291e-08	
36000.000000	0.113469  	36000.000000	0.0306778 	36000.000000	0.0115739 	36000.000000	0.0115594 	36000.000000	0.0306778 	36000.000000	4.27764e-08	
38000.000000	0.122694  	38000.000000	0.0319658 	38000.000000	0.0116382 	38000.000000	0.0116244 	38000.000000	0.0319658 	38000.000000	4.06635e-08	
40000.000000	0.132293  	40000.000000	0.0332506 	40000.000000	0.011699  	40000.000000	0.011686  	40000.000000	0.0332505 	40000.000000	3.87551e-08	
42000.000000	0.142271  	42000.000000	0.0345323 	42000.000000	0.0117566 	42000.000000	0.0117444 	42000.000000	0.0345323 	42000.000000	3.70227e-08	
44000.000000	0.15263   	44000.000000	0.0358111 	44000.000000	0.0118113 	44000.000000	0.0117999 	44000.000000	0.0358111 	44000.000000	3.54427e-08	
46000.000000	0.163375  	46000.000000	0.0370871 	46000.000000	0.0118632 	46000.000000	0.0118527 	46000.000000	0.037087  	46000.000000	3.39958e-08	
48000.000000	0.174511  	48000.000000	0.0383604 	48000.000000	0.0119127 	48000.000000	0.0119032 	48000.000000	0.0383603 	48000.000000	3.26656e-08	
50000.000000	0.18604   	50000.000000	0.0396311 	50000.000000	0.0119599 	50000.000000	0.0119515 	50000.000000	0.039631  	50000.000000	3.14384e-08	
