*Energy (MeV/u)1	0 - [He-base] F.Hubert et al, AD&ND Tables 46(1990)1	Energy (MeV/u)2	1 - [H -base] J.F.Ziegler et al, Pergamon Press, NY (low energy)	Energy (MeV/u)3	2 - ATIMA 1.2  LS-theory (recommended for high energy)	Energy (MeV/u)4	3 - ATIMA 1.2  without LS-correction	Energy (MeV/u)5	4 - electrical component of [1] - J.F.Ziegler et al	Energy (MeV/u)6	5 - nuclear component of [1] - J.F.Ziegler et al	
0.001000	4.13429   	0.001000	0.817355  	0.001000	0.795568  	0.001000	0.795568  	0.001000	0.247755  	0.001000	0.5696
0.002000	4.18166   	0.002000	0.915467  	0.002000	0.891861  	0.002000	0.891861  	0.002000	0.343168  	0.002000	0.5723
0.005000	4.3393    	0.005000	1.03167   	0.005000	1.00904   	0.005000	1.00904   	0.005000	0.527883  	0.005000	0.503782
0.008000	4.56776   	0.008000	1.10055   	0.008000	1.08128   	0.008000	1.08128   	0.008000	0.658377  	0.008000	0.442178
0.010000	4.72716   	0.010000	1.14046   	0.010000	1.12383   	0.010000	1.12383   	0.010000	0.731176  	0.010000	0.409288
0.015000	5.3471    	0.015000	1.2319    	0.015000	1.22235   	0.015000	1.22235   	0.015000	0.884678  	0.015000	0.347219
0.020000	5.94108   	0.020000	1.35484   	0.020000	1.35669   	0.020000	1.35669   	0.020000	1.05123   	0.020000	0.303609
0.025000	6.64765   	0.025000	1.50306   	0.025000	1.523     	0.025000	1.523     	0.025000	1.23196   	0.025000	0.271091
0.030000	7.29674   	0.030000	1.65451   	0.030000	1.66259   	0.030000	1.66259   	0.030000	1.40874   	0.030000	0.245764
0.035000	7.86927   	0.035000	1.80681   	0.035000	1.80347   	0.035000	1.80347   	0.035000	1.58143   	0.035000	0.225388
0.040000	8.36466   	0.040000	1.95834   	0.040000	1.94419   	0.040000	1.94419   	0.040000	1.74976   	0.040000	0.20858
0.045000	8.77337   	0.045000	2.10792   	0.045000	2.08373   	0.045000	2.08373   	0.045000	1.91348   	0.045000	0.194437
0.050000	9.09447   	0.050000	2.25471   	0.050000	2.22135   	0.050000	2.22135   	0.050000	2.07236   	0.050000	0.182345
0.055000	9.61454   	0.055000	2.39808   	0.055000	2.35652   	0.055000	2.35652   	0.055000	2.22622   	0.055000	0.171867
0.060000	10.0831   	0.060000	2.5376    	0.060000	2.48884   	0.060000	2.48884   	0.060000	2.37492   	0.060000	0.162686
0.070000	10.8709   	0.070000	2.80393   	0.070000	2.7438    	0.070000	2.7438    	0.070000	2.65661   	0.070000	0.147321
0.080000	11.7086   	0.080000	3.05233   	0.080000	2.9848    	0.080000	2.9848    	0.080000	2.9174    	0.080000	0.13493
0.090000	12.4182   	0.090000	3.28257   	0.090000	3.21123   	0.090000	3.21123   	0.090000	3.15787   	0.090000	0.124694
0.100000	13.0261   	0.100000	3.49512   	0.100000	3.42308   	0.100000	3.42308   	0.100000	3.37904   	0.100000	0.116074
0.120000	13.702    	0.120000	3.87101   	0.120000	3.80475   	0.120000	3.80475   	0.120000	3.76869   	0.120000	0.102315
0.140000	14.2303   	0.140000	4.19111   	0.140000	4.13417   	0.140000	4.13417   	0.140000	4.10019   	0.140000	0.0909118
0.160000	14.714    	0.160000	4.4746    	0.160000	4.41986   	0.160000	4.41986   	0.160000	4.39195   	0.160000	0.0826434
0.180000	15.1758   	0.180000	4.71783   	0.180000	4.66757   	0.180000	4.66757   	0.180000	4.64194   	0.180000	0.0758879
0.200000	15.637    	0.200000	4.92866   	0.200000	4.88348   	0.200000	4.88348   	0.200000	4.85841   	0.200000	0.0702532
0.250000	16.2823   	0.250000	5.35243   	0.250000	5.31727   	0.250000	5.31727   	0.250000	5.29292   	0.250000	0.0595133
0.300000	17.1195   	0.300000	5.74469   	0.300000	5.64556   	0.300000	5.64556   	0.300000	5.69284   	0.300000	0.0518486
0.350000	17.9006   	0.350000	6.08487   	0.350000	5.90575   	0.350000	5.90575   	0.350000	6.03879   	0.350000	0.0460754
0.400000	18.5505   	0.400000	6.35978   	0.400000	6.17424   	0.400000	6.17424   	0.400000	6.31823   	0.400000	0.0415542
0.450000	19.084    	0.450000	6.58639   	0.450000	6.62103   	0.450000	6.62103   	0.450000	6.54848   	0.450000	0.0379079
0.500000	19.6541   	0.500000	6.81722   	0.500000	6.93557   	0.500000	6.93557   	0.500000	6.78232   	0.500000	0.0348987
0.600000	20.0262   	0.600000	7.27661   	0.600000	7.25777   	0.600000	7.25777   	0.600000	7.24641   	0.600000	0.0302094
0.700000	19.9778   	0.700000	7.61378   	0.700000	7.48942   	0.700000	7.48942   	0.700000	7.58707   	0.700000	0.0267106
0.800000	20.4387   	0.800000	7.86257   	0.800000	7.65766   	0.800000	7.65766   	0.800000	7.83858   	0.800000	0.0239909
0.900000	20.6206   	0.900000	8.0063    	0.900000	7.77935   	0.900000	7.77935   	0.900000	7.98449   	0.900000	0.0218107
1.000000	20.6739   	1.000000	8.09802   	1.000000	7.8658    	1.000000	7.8658    	1.000000	8.078     	1.000000	0.0200204
1.250000	20.4618   	1.250000	8.20633   	1.250000	7.97516   	1.250000	7.97516   	1.250000	8.18965   	1.250000	0.0166785
1.500000	19.9121   	1.500000	8.16283   	1.500000	7.95084   	1.500000	7.95084   	1.500000	8.14848   	1.500000	0.0143496
1.750000	19.2142   	1.750000	8.0355    	1.750000	7.85237   	1.750000	7.85237   	1.750000	8.02287   	1.750000	0.0126264
2.000000	18.4578   	2.000000	7.86402   	2.000000	7.74263   	2.000000	7.74263   	2.000000	7.85272   	2.000000	0.0112957
2.250000	17.7825   	2.250000	7.69656   	2.250000	7.62636   	2.250000	7.62636   	2.250000	7.68633   	2.250000	0.0102348
2.500000	19.6458   	2.500000	7.51218   	2.500000	7.50679   	2.500000	7.50679   	2.500000	7.50282   	2.500000	0.00936765
3.000000	18.3377   	3.000000	7.18086   	3.000000	7.26576   	3.000000	7.26576   	3.000000	7.17283   	3.000000	0.0080318
3.500000	17.1682   	3.500000	6.93557   	3.500000	7.02983   	3.500000	7.02983   	3.500000	6.92852   	3.500000	0.00704777
4.000000	16.1313   	4.000000	6.71551   	4.000000	6.80359   	4.000000	6.80359   	4.000000	6.70922   	4.000000	0.00629062
4.500000	15.2118   	4.500000	6.50955   	4.500000	6.58884   	4.500000	6.58884   	4.500000	6.50386   	4.500000	0.00568875
5.000000	14.3935   	5.000000	6.31522   	5.000000	6.38606   	5.000000	6.38606   	5.000000	6.31003   	5.000000	0.00519803
5.500000	13.6621   	5.500000	6.13118   	5.500000	6.19501   	5.500000	6.19501   	5.500000	6.12639   	5.500000	0.00478976
6.000000	13.0051   	6.000000	5.95717   	6.000000	6.01516   	6.000000	6.01516   	6.000000	5.95273   	6.000000	0.00444441
6.500000	12.4119   	6.500000	5.79264   	6.500000	5.84582   	6.500000	5.84582   	6.500000	5.78849   	6.500000	0.00414821
7.000000	11.8739   	7.000000	5.63702   	7.000000	5.68626   	7.000000	5.68626   	7.000000	5.63313   	7.000000	0.00389117
7.500000	11.3838   	7.500000	5.48982   	7.500000	5.53577   	7.500000	5.53577   	7.500000	5.48615   	7.500000	0.00366588
8.000000	10.9354   	8.000000	5.35052   	8.000000	5.39366   	8.000000	5.39366   	8.000000	5.34705   	8.000000	0.00346669
8.500000	10.5236   	8.500000	5.2186    	8.500000	5.2593    	8.500000	5.2593    	8.500000	5.21531   	8.500000	0.00328922
9.000000	10.1442   	9.000000	5.09354   	9.000000	5.13209   	9.000000	5.13209   	9.000000	5.09041   	9.000000	0.00313004
9.500000	9.79327   	9.500000	4.97487   	9.500000	5.01149   	9.500000	5.01149   	9.500000	4.97188   	9.500000	0.00298642
10.000000	9.46783   	10.000000	4.90741   	10.000000	4.89701   	10.000000	4.89701   	10.000000	4.90456   	10.000000	0.00285612
11.000000	8.88285   	11.000000	4.7351    	11.000000	4.69989   	11.000000	4.73972   	11.000000	4.73248   	11.000000	0.00262861
12.000000	8.37166   	12.000000	4.56647   	12.000000	4.51853   	12.000000	4.58846   	12.000000	4.56404   	12.000000	0.00243646
13.000000	7.92092   	13.000000	4.40436   	13.000000	4.35129   	13.000000	4.44393   	13.000000	4.40208   	13.000000	0.00227187
14.000000	7.52037   	14.000000	4.25008   	14.000000	4.19657   	14.000000	4.30637   	14.000000	4.24795   	14.000000	0.00212923
15.000000	7.16192   	15.000000	4.10411   	15.000000	4.05295   	15.000000	4.17573   	15.000000	4.10211   	15.000000	0.00200434
16.000000	6.83918   	16.000000	3.96646   	16.000000	3.91929   	16.000000	4.0518    	16.000000	3.96457   	16.000000	0.00189403
17.000000	6.54696   	17.000000	3.83688   	17.000000	3.79462   	17.000000	3.93426   	17.000000	3.83508   	17.000000	0.00179585
18.000000	6.28107   	18.000000	3.71496   	18.000000	3.67809   	18.000000	3.82279   	18.000000	3.71325   	18.000000	0.00170786
19.000000	6.03803   	19.000000	3.60026   	19.000000	3.56891   	19.000000	3.717     	19.000000	3.59864   	19.000000	0.00162853
20.000000	5.81498   	20.000000	3.49231   	20.000000	3.46341   	20.000000	3.61359   	20.000000	3.49075   	20.000000	0.00155661
21.000000	5.6095    	21.000000	3.39063   	21.000000	3.367     	21.000000	3.51823   	21.000000	3.38914   	21.000000	0.00149111
22.000000	5.41955   	22.000000	3.29477   	22.000000	3.27614   	22.000000	3.4276    	22.000000	3.29334   	22.000000	0.00143117
23.000000	5.24342   	23.000000	3.20431   	23.000000	3.19031   	23.000000	3.34138   	23.000000	3.20294   	23.000000	0.00137612
24.000000	5.07962   	24.000000	3.11885   	24.000000	3.10901   	24.000000	3.25926   	24.000000	3.11753   	24.000000	0.00132535
25.000000	4.92687   	25.000000	3.03802   	25.000000	3.03195   	25.000000	3.18097   	25.000000	3.03675   	25.000000	0.0012784
27.000000	4.65027   	27.000000	2.88894   	27.000000	2.88976   	27.000000	3.03491   	27.000000	2.88774   	27.000000	0.00119427
29.000000	4.40639   	29.000000	2.75466   	29.000000	2.76105   	29.000000	2.90139   	29.000000	2.75354   	29.000000	0.00112105
31.000000	4.18966   	31.000000	2.63319   	31.000000	2.64204   	31.000000	2.77099   	31.000000	2.63214   	31.000000	0.0010567
33.000000	3.9957    	33.000000	2.52284   	33.000000	2.53266   	33.000000	2.6458    	33.000000	2.52184   	33.000000	0.000999689
35.000000	3.82105   	35.000000	2.4222    	35.000000	2.43332   	35.000000	2.53287   	35.000000	2.42125   	35.000000	0.0009488
38.000000	3.5893    	38.000000	2.28685   	38.000000	2.30027   	38.000000	2.38273   	38.000000	2.28597   	38.000000	0.000881922
41.000000	3.38746   	41.000000	2.16739   	41.000000	2.18282   	41.000000	2.25169   	41.000000	2.16657   	41.000000	0.000824265
44.000000	3.21      	44.000000	2.06122   	44.000000	2.07806   	44.000000	2.13627   	44.000000	2.06044   	44.000000	0.000774018
47.000000	3.05267   	47.000000	1.96625   	47.000000	1.9846    	47.000000	2.03379   	47.000000	1.96552   	47.000000	0.000729818
50.000000	2.91218   	50.000000	1.88081   	50.000000	1.90064   	50.000000	1.94216   	50.000000	1.88012   	50.000000	0.000690619
55.000000	2.70858   	55.000000	1.75605   	55.000000	1.77777   	55.000000	1.8092    	55.000000	1.75542   	55.000000	0.000634264
60.000000	2.53556   	60.000000	1.64923   	60.000000	1.67226   	60.000000	1.69607   	60.000000	1.64864   	60.000000	0.000586787
65.000000	2.3866    	65.000000	1.55675   	65.000000	1.58075   	65.000000	1.59859   	65.000000	1.5562    	65.000000	0.000546218
70.000000	2.25692   	70.000000	1.4759    	70.000000	1.50067   	70.000000	1.51369   	70.000000	1.47539   	70.000000	0.000511129
75.000000	2.14294   	75.000000	1.40464   	75.000000	1.42972   	75.000000	1.43905   	75.000000	1.40416   	75.000000	0.000480466
80.000000	2.04192   	80.000000	1.34135   	80.000000	1.3667    	80.000000	1.37291   	80.000000	1.3409    	80.000000	0.000453429
85.000000	1.95173   	85.000000	1.28476   	85.000000	1.31011   	85.000000	1.31387   	85.000000	1.28433   	85.000000	0.000429402
90.000000	1.87067   	90.000000	1.23387   	90.000000	1.2592    	90.000000	1.26083   	90.000000	1.23346   	90.000000	0.000407902
95.000000	1.79741   	95.000000	1.18784   	95.000000	1.21315   	95.000000	1.21292   	95.000000	1.18746   	95.000000	0.000388545
100.000000	1.73084   	100.000000	1.14603   	100.000000	1.17111   	100.000000	1.16942   	100.000000	1.14566   	100.000000	0.00037102
105.000000	1.67006   	105.000000	1.10786   	105.000000	1.13273   	105.000000	1.12975   	105.000000	1.10751   	105.000000	0.000355076
110.000000	1.61435   	110.000000	1.07289   	110.000000	1.0974    	110.000000	1.09341   	110.000000	1.07255   	110.000000	0.000340505
115.000000	1.56307   	115.000000	1.04073   	115.000000	1.06485   	115.000000	1.05999   	115.000000	1.0404    	115.000000	0.000327134
120.000000	1.51571   	120.000000	1.01104   	120.000000	1.03482   	120.000000	1.02917   	120.000000	1.01073   	120.000000	0.000314819
125.000000	1.47182   	125.000000	0.983566  	125.000000	1.00701   	125.000000	1.00064   	125.000000	0.983262  	125.000000	0.000303438
130.000000	1.43103   	130.000000	0.958055  	130.000000	0.981161  	130.000000	0.974154  	130.000000	0.957762  	130.000000	0.000292886
135.000000	1.393     	135.000000	0.934307  	135.000000	0.956973  	135.000000	0.949503  	135.000000	0.934024  	135.000000	0.000283075
140.000000	1.35747   	140.000000	0.912145  	140.000000	0.934454  	140.000000	0.9265    	140.000000	0.911871  	140.000000	0.000273929
145.000000	1.32419   	145.000000	0.891415  	145.000000	0.913428  	145.000000	0.904984  	145.000000	0.89115   	145.000000	0.000265381
150.000000	1.29295   	150.000000	0.871983  	150.000000	0.893613  	150.000000	0.884816  	150.000000	0.871725  	150.000000	0.000257373
155.000000	1.2488    	155.000000	0.853729  	155.000000	0.874898  	155.000000	0.865872  	155.000000	0.853479  	155.000000	0.000249855
160.000000	1.22299   	160.000000	0.83655   	160.000000	0.857297  	160.000000	0.848045  	160.000000	0.836307  	160.000000	0.000242784
165.000000	1.19864   	165.000000	0.820353  	165.000000	0.840772  	165.000000	0.831238  	165.000000	0.820117  	165.000000	0.000236118
170.000000	1.17563   	170.000000	0.805057  	170.000000	0.825099  	170.000000	0.815366  	170.000000	0.804827  	170.000000	0.000229825
175.000000	1.15384   	175.000000	0.790589  	175.000000	0.810238  	175.000000	0.800353  	175.000000	0.790365  	175.000000	0.000223873
180.000000	1.13319   	180.000000	0.776882  	180.000000	0.796228  	180.000000	0.786132  	180.000000	0.776664  	180.000000	0.000218235
185.000000	1.11357   	185.000000	0.763879  	185.000000	0.782932  	185.000000	0.772642  	185.000000	0.763666  	185.000000	0.000212886
190.000000	1.09493   	190.000000	0.751527  	190.000000	0.770237  	190.000000	0.759829  	190.000000	0.751319  	190.000000	0.000207804
195.000000	1.07718   	195.000000	0.739778  	195.000000	0.75815   	195.000000	0.747642  	195.000000	0.739575  	195.000000	0.00020297
200.000000	1.06026   	200.000000	0.728589  	200.000000	0.746649  	200.000000	0.736037  	200.000000	0.72839   	200.000000	0.000198365
210.000000	1.02868   	210.000000	0.707739  	210.000000	0.725209  	210.000000	0.714417  	210.000000	0.707549  	210.000000	0.000189781
220.000000	0.999814  	220.000000	0.688705  	220.000000	0.705645  	220.000000	0.694685  	220.000000	0.688523  	220.000000	0.000181939
230.000000	0.973308  	230.000000	0.671262  	230.000000	0.687613  	230.000000	0.676609  	230.000000	0.671087  	230.000000	0.000174745
240.000000	0.948887  	240.000000	0.655218  	240.000000	0.671094  	240.000000	0.65999   	240.000000	0.65505   	240.000000	0.000168122
250.000000	0.926313  	250.000000	0.640414  	250.000000	0.655821  	250.000000	0.644661  	250.000000	0.640252  	250.000000	0.000162003
260.000000	0.905384  	260.000000	0.626712  	260.000000	0.641666  	260.000000	0.630481  	260.000000	0.626556  	260.000000	0.000156332
270.000000	0.885926  	270.000000	0.613995  	270.000000	0.628576  	270.000000	0.617327  	270.000000	0.613844  	270.000000	0.00015106
280.000000	0.867789  	280.000000	0.602161  	280.000000	0.616364  	280.000000	0.605095  	280.000000	0.602015  	280.000000	0.000146147
290.000000	0.850844  	290.000000	0.591123  	290.000000	0.604961  	290.000000	0.593692  	290.000000	0.590981  	290.000000	0.000141556
300.000000	0.834978  	300.000000	0.580804  	300.000000	0.594304  	300.000000	0.58304   	300.000000	0.580667  	300.000000	0.000137257
310.000000	0.82009   	310.000000	0.571138  	310.000000	0.584326  	310.000000	0.573068  	310.000000	0.571005  	310.000000	0.000133221
320.000000	0.806095  	320.000000	0.562066  	320.000000	0.574966  	320.000000	0.563716  	320.000000	0.561936  	320.000000	0.000129426
330.000000	0.792915  	330.000000	0.553535  	330.000000	0.56617   	330.000000	0.554929  	330.000000	0.553409  	330.000000	0.00012585
340.000000	0.780481  	340.000000	0.5455    	340.000000	0.557889  	340.000000	0.54666   	340.000000	0.545377  	340.000000	0.000122474
350.000000	0.768734  	350.000000	0.537919  	350.000000	0.550081  	350.000000	0.538865  	350.000000	0.5378    	350.000000	0.000119282
360.000000	0.757618  	360.000000	0.530757  	360.000000	0.542716  	360.000000	0.531507  	360.000000	0.530641  	360.000000	0.000116259
370.000000	0.747085  	370.000000	0.523981  	370.000000	0.535748  	370.000000	0.524551  	370.000000	0.523868  	370.000000	0.000113392
380.000000	0.737092  	380.000000	0.517561  	380.000000	0.529117  	380.000000	0.517967  	380.000000	0.51745   	380.000000	0.000110668
390.000000	0.727599  	390.000000	0.51147   	390.000000	0.522822  	390.000000	0.511727  	390.000000	0.511362  	390.000000	0.000108077
400.000000	0.71857   	400.000000	0.505686  	400.000000	0.516874  	400.000000	0.505807  	400.000000	0.50558   	400.000000	0.00010561
410.000000	0.709973  	410.000000	0.500186  	410.000000	0.511244  	410.000000	0.500183  	410.000000	0.500083  	410.000000	0.000103258
420.000000	0.70178   	420.000000	0.494951  	420.000000	0.505891  	420.000000	0.494834  	420.000000	0.49485   	420.000000	0.000101012
430.000000	0.693962  	430.000000	0.489962  	430.000000	0.50078   	430.000000	0.489744  	430.000000	0.489863  	430.000000	9.88659e-05
440.000000	0.686497  	440.000000	0.485205  	440.000000	0.495884  	440.000000	0.484893  	440.000000	0.485108  	440.000000	9.68128e-05
450.000000	0.679361  	450.000000	0.480663  	450.000000	0.491211  	450.000000	0.480268  	450.000000	0.480568  	450.000000	9.48466e-05
460.000000	0.672534  	460.000000	0.476323  	460.000000	0.486773  	460.000000	0.475852  	460.000000	0.47623   	460.000000	9.2962e-05
470.000000	0.665998  	470.000000	0.472173  	470.000000	0.482547  	470.000000	0.471635  	470.000000	0.472082  	470.000000	9.11538e-05
480.000000	0.659735  	480.000000	0.468201  	480.000000	0.478491  	480.000000	0.467602  	480.000000	0.468112  	480.000000	8.94174e-05
490.000000	0.65373   	490.000000	0.464397  	490.000000	0.474591  	490.000000	0.463744  	490.000000	0.46431   	490.000000	8.77487e-05
500.000000	0.647967  	500.000000	0.460751  	500.000000	0.470857  	500.000000	0.46005   	500.000000	0.460665  	500.000000	8.61436e-05
520.000000	0.637117  	520.000000	0.453898  	520.000000	0.463895  	520.000000	0.453117  	520.000000	0.453815  	520.000000	8.31101e-05
540.000000	0.627089  	540.000000	0.447577  	540.000000	0.457471  	540.000000	0.446736  	540.000000	0.447497  	540.000000	8.02912e-05
560.000000	0.617798  	560.000000	0.441733  	560.000000	0.451507  	560.000000	0.440848  	560.000000	0.441656  	560.000000	7.76645e-05
580.000000	0.609173  	580.000000	0.436319  	580.000000	0.445996  	580.000000	0.435405  	580.000000	0.436244  	580.000000	7.52109e-05
600.000000	0.60115   	600.000000	0.431292  	600.000000	0.440921  	600.000000	0.43036   	600.000000	0.431219  	600.000000	7.29134e-05
620.000000	0.593674  	620.000000	0.426617  	620.000000	0.436217  	620.000000	0.425678  	620.000000	0.426546  	620.000000	7.07575e-05
640.000000	0.586696  	640.000000	0.42226   	640.000000	0.431815  	640.000000	0.421323  	640.000000	0.422192  	640.000000	6.87304e-05
660.000000	0.580175  	660.000000	0.418195  	660.000000	0.427702  	660.000000	0.417266  	660.000000	0.418128  	660.000000	6.68206e-05
680.000000	0.57407   	680.000000	0.414396  	680.000000	0.42387   	680.000000	0.413482  	680.000000	0.414331  	680.000000	6.50181e-05
700.000000	0.56835   	700.000000	0.410841  	700.000000	0.420288  	700.000000	0.409946  	700.000000	0.410778  	700.000000	6.3314e-05
720.000000	0.562983  	720.000000	0.40751   	720.000000	0.416934  	720.000000	0.406638  	720.000000	0.407449  	720.000000	6.17004e-05
740.000000	0.557942  	740.000000	0.404386  	740.000000	0.413798  	740.000000	0.40354   	740.000000	0.404326  	740.000000	6.01702e-05
760.000000	0.553203  	760.000000	0.401453  	760.000000	0.410868  	760.000000	0.400634  	760.000000	0.401394  	760.000000	5.87169e-05
780.000000	0.548744  	780.000000	0.398696  	780.000000	0.408119  	780.000000	0.397907  	780.000000	0.398638  	780.000000	5.73349e-05
800.000000	0.544545  	800.000000	0.396102  	800.000000	0.405531  	800.000000	0.395343  	800.000000	0.396046  	800.000000	5.60189e-05
820.000000	0.540589  	820.000000	0.393661  	820.000000	0.403091  	820.000000	0.392932  	820.000000	0.393606  	820.000000	5.47643e-05
840.000000	0.536858  	840.000000	0.39136   	840.000000	0.40079   	840.000000	0.390662  	840.000000	0.391307  	840.000000	5.35668e-05
860.000000	0.533338  	860.000000	0.389192  	860.000000	0.39862   	860.000000	0.388523  	860.000000	0.38914   	860.000000	5.24225e-05
880.000000	0.530016  	880.000000	0.387146  	880.000000	0.396572  	880.000000	0.386506  	880.000000	0.387095  	880.000000	5.1328e-05
900.000000	0.526879  	900.000000	0.385216  	900.000000	0.394638  	900.000000	0.384602  	900.000000	0.385166  	900.000000	5.028e-05
920.000000	0.523915  	920.000000	0.383393  	920.000000	0.392812  	920.000000	0.382804  	920.000000	0.383344  	920.000000	4.92756e-05
940.000000	0.521115  	940.000000	0.381671  	940.000000	0.391087  	940.000000	0.381105  	940.000000	0.381623  	940.000000	4.8312e-05
960.000000	0.518469  	960.000000	0.380044  	960.000000	0.389455  	960.000000	0.379499  	960.000000	0.379997  	960.000000	4.73869e-05
980.000000	0.515967  	980.000000	0.378506  	980.000000	0.38791   	980.000000	0.377979  	980.000000	0.37846   	980.000000	4.64978e-05
1000.000000	0.513601  	1000.000000	0.377052  	1000.000000	0.386447  	1000.000000	0.376541  	1000.000000	0.377006  	1000.000000	4.56428e-05
1020.000000	0.511365  	1020.000000	0.375677  	1020.000000	0.385062  	1020.000000	0.375178  	1020.000000	0.375632  	1020.000000	4.48199e-05
1040.000000	0.509251  	1040.000000	0.374377  	1040.000000	0.383749  	1040.000000	0.373887  	1040.000000	0.374333  	1040.000000	4.40272e-05
1060.000000	0.507252  	1060.000000	0.373147  	1060.000000	0.382504  	1060.000000	0.372664  	1060.000000	0.373104  	1060.000000	4.32632e-05
1080.000000	0.505363  	1080.000000	0.371984  	1080.000000	0.381323  	1080.000000	0.371504  	1080.000000	0.371941  	1080.000000	4.25262e-05
1100.000000	0.503578  	1100.000000	0.370884  	1100.000000	0.380203  	1100.000000	0.370403  	1100.000000	0.370842  	1100.000000	4.18149e-05
1120.000000	0.501892  	1120.000000	0.369844  	1120.000000	0.379157  	1120.000000	0.369376  	1120.000000	0.369803  	1120.000000	4.11278e-05
1140.000000	0.5003    	1140.000000	0.36886   	1140.000000	0.378168  	1140.000000	0.368405  	1140.000000	0.36882   	1140.000000	4.04639e-05
1160.000000	0.498797  	1160.000000	0.367931  	1160.000000	0.377229  	1160.000000	0.367485  	1160.000000	0.367891  	1160.000000	3.98218e-05
1180.000000	0.497379  	1180.000000	0.367053  	1180.000000	0.376339  	1180.000000	0.366611  	1180.000000	0.367013  	1180.000000	3.92006e-05
1200.000000	0.496042  	1200.000000	0.366223  	1200.000000	0.375493  	1200.000000	0.365783  	1200.000000	0.366184  	1200.000000	3.85992e-05
1220.000000	0.494782  	1220.000000	0.36544   	1220.000000	0.374691  	1220.000000	0.364997  	1220.000000	0.365401  	1220.000000	3.80167e-05
1240.000000	0.493596  	1240.000000	0.3647    	1240.000000	0.37393   	1240.000000	0.364251  	1240.000000	0.364663  	1240.000000	3.74522e-05
1260.000000	0.492481  	1260.000000	0.364003  	1260.000000	0.373207  	1260.000000	0.363543  	1260.000000	0.363966  	1260.000000	3.69048e-05
1280.000000	0.491434  	1280.000000	0.363346  	1280.000000	0.372521  	1280.000000	0.362871  	1280.000000	0.36331   	1280.000000	3.63738e-05
1300.000000	0.490451  	1300.000000	0.362727  	1300.000000	0.37187   	1300.000000	0.362234  	1300.000000	0.362692  	1300.000000	3.58585e-05
1320.000000	0.48953   	1320.000000	0.362145  	1320.000000	0.371251  	1320.000000	0.36163   	1320.000000	0.36211   	1320.000000	3.5358e-05
1340.000000	0.488668  	1340.000000	0.361598  	1340.000000	0.370664  	1340.000000	0.361056  	1340.000000	0.361563  	1340.000000	3.48719e-05
1360.000000	0.487863  	1360.000000	0.361085  	1360.000000	0.370107  	1360.000000	0.360513  	1360.000000	0.36105   	1360.000000	3.43995e-05
1380.000000	0.487113  	1380.000000	0.360603  	1380.000000	0.369579  	1380.000000	0.359997  	1380.000000	0.360569  	1380.000000	3.39402e-05
1400.000000	0.486415  	1400.000000	0.360152  	1400.000000	0.369078  	1400.000000	0.359508  	1400.000000	0.360119  	1400.000000	3.34935e-05
1420.000000	0.485768  	1420.000000	0.359731  	1420.000000	0.368603  	1420.000000	0.359045  	1420.000000	0.359698  	1420.000000	3.30588e-05
1440.000000	0.485169  	1440.000000	0.359337  	1440.000000	0.368154  	1440.000000	0.358606  	1440.000000	0.359305  	1440.000000	3.26357e-05
1460.000000	0.484616  	1460.000000	0.358971  	1460.000000	0.367728  	1460.000000	0.358191  	1460.000000	0.358939  	1460.000000	3.22236e-05
1480.000000	0.484109  	1480.000000	0.358631  	1480.000000	0.367326  	1480.000000	0.357798  	1480.000000	0.358599  	1480.000000	3.18223e-05
1500.000000	0.483644  	1500.000000	0.358316  	1500.000000	0.366944  	1500.000000	0.357426  	1500.000000	0.358284  	1500.000000	3.14312e-05
1520.000000	0.483222  	1520.000000	0.358024  	1520.000000	0.366583  	1520.000000	0.357074  	1520.000000	0.357993  	1520.000000	3.10499e-05
1540.000000	0.482839  	1540.000000	0.357756  	1540.000000	0.366242  	1540.000000	0.356742  	1540.000000	0.357726  	1540.000000	3.06782e-05
1560.000000	0.482495  	1560.000000	0.35751   	1560.000000	0.365918  	1560.000000	0.356429  	1560.000000	0.35748   	1560.000000	3.03155e-05
1580.000000	0.482188  	1580.000000	0.357286  	1580.000000	0.365611  	1580.000000	0.356133  	1580.000000	0.357256  	1580.000000	2.99617e-05
1600.000000	0.481918  	1600.000000	0.357082  	1600.000000	0.365321  	1600.000000	0.355854  	1600.000000	0.357052  	1600.000000	2.96164e-05
1620.000000	0.481682  	1620.000000	0.356898  	1620.000000	0.365046  	1620.000000	0.355591  	1620.000000	0.356868  	1620.000000	2.92792e-05
1640.000000	0.48148   	1640.000000	0.356733  	1640.000000	0.364786  	1640.000000	0.355344  	1640.000000	0.356704  	1640.000000	2.89499e-05
1660.000000	0.481311  	1660.000000	0.356586  	1660.000000	0.364541  	1660.000000	0.355112  	1660.000000	0.356557  	1660.000000	2.86281e-05
1680.000000	0.481173  	1680.000000	0.356457  	1680.000000	0.364309  	1680.000000	0.354894  	1680.000000	0.356429  	1680.000000	2.83138e-05
1700.000000	0.481065  	1700.000000	0.356345  	1700.000000	0.364092  	1700.000000	0.35469   	1700.000000	0.356317  	1700.000000	2.80065e-05
1750.000000	0.480924  	1750.000000	0.356137  	1750.000000	0.363608  	1750.000000	0.354236  	1750.000000	0.35611   	1750.000000	2.72677e-05
1800.000000	0.480953  	1800.000000	0.356024  	1800.000000	0.363203  	1800.000000	0.353856  	1800.000000	0.355998  	1800.000000	2.65684e-05
1850.000000	0.48114   	1850.000000	0.355998  	1850.000000	0.36287   	1850.000000	0.353544  	1850.000000	0.355972  	1850.000000	2.59052e-05
1900.000000	0.481474  	1900.000000	0.356053  	1900.000000	0.362602  	1900.000000	0.353292  	1900.000000	0.356028  	1900.000000	2.52756e-05
1950.000000	0.481944  	1950.000000	0.356182  	1950.000000	0.362391  	1950.000000	0.353095  	1950.000000	0.356158  	1950.000000	2.46769e-05
2000.000000	0.482542  	2000.000000	0.356381  	2000.000000	0.362231  	2000.000000	0.352948  	2000.000000	0.356356  	2000.000000	2.41069e-05
2100.000000	0.484087  	2100.000000	0.356964  	2100.000000	0.362046  	2100.000000	0.352786  	2100.000000	0.35694   	2100.000000	2.30452e-05
2200.000000	0.486052  	2200.000000	0.357767  	2200.000000	0.362011  	2200.000000	0.352776  	2200.000000	0.357745  	2200.000000	2.20761e-05
2300.000000	0.488387  	2300.000000	0.358763  	2300.000000	0.362105  	2300.000000	0.352891  	2300.000000	0.358742  	2300.000000	2.11879e-05
2400.000000	0.491052  	2400.000000	0.359927  	2400.000000	0.362306  	2400.000000	0.353111  	2400.000000	0.359907  	2400.000000	2.03709e-05
2500.000000	0.494014  	2500.000000	0.361239  	2500.000000	0.362598  	2500.000000	0.353418  	2500.000000	0.36122   	2500.000000	1.96166e-05
2600.000000	0.497242  	2600.000000	0.362682  	2600.000000	0.362965  	2600.000000	0.353799  	2600.000000	0.362663  	2600.000000	1.89181e-05
2700.000000	0.500712  	2700.000000	0.36424   	2700.000000	0.363394  	2700.000000	0.354242  	2700.000000	0.364222  	2700.000000	1.82693e-05
2800.000000	0.504402  	2800.000000	0.365901  	2800.000000	0.363874  	2800.000000	0.354737  	2800.000000	0.365884  	2800.000000	1.7665e-05
2900.000000	0.508294  	2900.000000	0.367655  	2900.000000	0.364398  	2900.000000	0.355275  	2900.000000	0.367638  	2900.000000	1.71007e-05
3000.000000	0.512371  	3000.000000	0.369492  	3000.000000	0.364957  	3000.000000	0.35585   	3000.000000	0.369476  	3000.000000	1.65726e-05
3200.000000	0.521025  	3200.000000	0.373384  	3200.000000	0.366161  	3200.000000	0.357085  	3200.000000	0.373368  	3200.000000	1.56116e-05
3400.000000	0.53027   	3400.000000	0.377521  	3400.000000	0.367453  	3400.000000	0.358404  	3400.000000	0.377506  	3400.000000	1.47594e-05
3600.000000	0.54003   	3600.000000	0.381861  	3600.000000	0.368806  	3600.000000	0.35978   	3600.000000	0.381847  	3600.000000	1.39984e-05
3800.000000	0.550247  	3800.000000	0.386372  	3800.000000	0.370199  	3800.000000	0.361191  	3800.000000	0.386359  	3800.000000	1.33144e-05
4000.000000	0.560873  	4000.000000	0.391026  	4000.000000	0.371616  	4000.000000	0.362622  	4000.000000	0.391013  	4000.000000	1.26962e-05
4200.000000	0.571868  	4200.000000	0.395801  	4200.000000	0.373044  	4200.000000	0.364062  	4200.000000	0.395789  	4200.000000	1.21347e-05
4400.000000	0.583201  	4400.000000	0.40068   	4400.000000	0.374473  	4400.000000	0.365501  	4400.000000	0.400669  	4400.000000	1.16224e-05
4600.000000	0.594844  	4600.000000	0.405649  	4600.000000	0.375895  	4600.000000	0.366934  	4600.000000	0.405638  	4600.000000	1.11529e-05
4800.000000	0.606775  	4800.000000	0.410695  	4800.000000	0.377306  	4800.000000	0.368356  	4800.000000	0.410684  	4800.000000	1.07211e-05
5000.000000	0.618975  	5000.000000	0.415807  	5000.000000	0.378702  	5000.000000	0.369762  	5000.000000	0.415797  	5000.000000	1.03225e-05
5250.000000	0.634578  	5250.000000	0.42228   	5250.000000	0.380421  	5250.000000	0.371494  	5250.000000	0.42227   	5250.000000	9.86544e-06
5500.000000	0.650551  	5500.000000	0.428829  	5500.000000	0.382109  	5500.000000	0.373196  	5500.000000	0.428819  	5500.000000	9.44838e-06
6000.000000	0.683517  	6000.000000	0.442116  	6000.000000	0.385383  	6000.000000	0.376495  	6000.000000	0.442107  	6000.000000	8.71481e-06
6500.000000	0.717736  	6500.000000	0.455596  	6500.000000	0.38852   	6500.000000	0.379652  	6500.000000	0.455588  	6500.000000	8.09012e-06
7000.000000	0.753108  	7000.000000	0.469222  	7000.000000	0.391516  	7000.000000	0.382667  	7000.000000	0.469214  	7000.000000	7.55152e-06
7500.000000	0.789559  	7500.000000	0.482955  	7500.000000	0.394368  	7500.000000	0.385543  	7500.000000	0.482948  	7500.000000	7.08221e-06
8000.000000	0.827034  	8000.000000	0.496769  	8000.000000	0.397101  	8000.000000	0.388287  	8000.000000	0.496763  	8000.000000	6.66949e-06
8500.000000	0.865491  	8500.000000	0.510645  	8500.000000	0.399706  	8500.000000	0.390906  	8500.000000	0.510639  	8500.000000	6.30362e-06
9000.000000	0.904896  	9000.000000	0.524567  	9000.000000	0.402183  	9000.000000	0.393409  	9000.000000	0.524561  	9000.000000	5.97698e-06
9500.000000	0.945223  	9500.000000	0.538523  	9500.000000	0.404552  	9500.000000	0.395802  	9500.000000	0.538517  	9500.000000	5.68351e-06
10000.000000	0.986453  	10000.000000	0.552504  	10000.000000	0.406824  	10000.000000	0.398094  	10000.000000	0.552499  	10000.000000	5.41836e-06
11000.000000	1.07155   	11000.000000	0.580513  	11000.000000	0.411097  	11000.000000	0.402398  	11000.000000	0.580508  	11000.000000	4.95792e-06
12000.000000	1.16009   	12000.000000	0.608553  	12000.000000	0.415038  	12000.000000	0.40637   	12000.000000	0.608548  	12000.000000	4.57166e-06
13000.000000	1.25201   	13000.000000	0.636596  	13000.000000	0.418679  	13000.000000	0.410052  	13000.000000	0.636591  	13000.000000	4.24283e-06
14000.000000	1.34726   	14000.000000	0.664623  	14000.000000	0.422053  	14000.000000	0.41348   	14000.000000	0.664619  	14000.000000	3.95941e-06
15000.000000	1.44581   	15000.000000	0.692624  	15000.000000	0.425195  	15000.000000	0.416683  	15000.000000	0.692621  	15000.000000	3.71251e-06
16000.000000	1.54765   	16000.000000	0.720591  	16000.000000	0.428136  	16000.000000	0.419687  	16000.000000	0.720587  	16000.000000	3.49544e-06
17000.000000	1.65276   	17000.000000	0.748518  	17000.000000	0.430901  	17000.000000	0.422512  	17000.000000	0.748514  	17000.000000	3.30305e-06
18000.000000	1.76113   	18000.000000	0.776401  	18000.000000	0.433509  	18000.000000	0.425178  	18000.000000	0.776398  	18000.000000	3.13133e-06
19000.000000	1.87277   	19000.000000	0.80424   	19000.000000	0.435977  	19000.000000	0.427701  	19000.000000	0.804237  	19000.000000	2.97707e-06
20000.000000	1.98767   	20000.000000	0.832032  	20000.000000	0.438319  	20000.000000	0.430093  	20000.000000	0.832029  	20000.000000	2.83773e-06
21000.000000	2.10585   	21000.000000	0.859778  	21000.000000	0.440539  	21000.000000	0.432367  	21000.000000	0.859775  	21000.000000	2.71122e-06
22000.000000	2.22731   	22000.000000	0.887476  	22000.000000	0.442634  	22000.000000	0.434534  	22000.000000	0.887474  	22000.000000	2.59583e-06
23000.000000	2.35205   	23000.000000	0.915128  	23000.000000	0.444623  	23000.000000	0.436602  	23000.000000	0.915126  	23000.000000	2.49013e-06
24000.000000	2.48009   	24000.000000	0.942734  	24000.000000	0.446528  	24000.000000	0.438579  	24000.000000	0.942731  	24000.000000	2.39296e-06
25000.000000	2.61144   	25000.000000	0.970294  	25000.000000	0.448359  	25000.000000	0.440473  	25000.000000	0.970292  	25000.000000	2.30329e-06
26000.000000	2.7461    	26000.000000	0.997809  	26000.000000	0.450106  	26000.000000	0.44229   	26000.000000	0.997807  	26000.000000	2.2203e-06
27000.000000	2.88411   	27000.000000	1.02528   	27000.000000	0.451767  	27000.000000	0.444036  	27000.000000	1.02528   	27000.000000	2.14325e-06
28000.000000	3.02545   	28000.000000	1.05271   	28000.000000	0.453354  	28000.000000	0.445716  	28000.000000	1.05271   	28000.000000	2.07153e-06
29000.000000	3.17016   	29000.000000	1.0801    	29000.000000	0.454878  	29000.000000	0.447333  	29000.000000	1.08009   	29000.000000	2.00458e-06
30000.000000	3.31825   	30000.000000	1.10744   	30000.000000	0.456347  	30000.000000	0.448894  	30000.000000	1.10744   	30000.000000	1.94195e-06
32000.000000	3.62461   	32000.000000	1.16201   	32000.000000	0.459133  	32000.000000	0.451856  	32000.000000	1.16201   	32000.000000	1.82806e-06
34000.000000	3.94467   	34000.000000	1.21643   	34000.000000	0.461733  	34000.000000	0.454629  	34000.000000	1.21642   	34000.000000	1.72714e-06
36000.000000	4.27856   	36000.000000	1.27069   	36000.000000	0.464147  	36000.000000	0.457235  	36000.000000	1.27069   	36000.000000	1.63708e-06
38000.000000	4.62641   	38000.000000	1.32482   	38000.000000	0.466387  	38000.000000	0.45969   	38000.000000	1.32482   	38000.000000	1.5562e-06
40000.000000	4.98838   	40000.000000	1.37881   	40000.000000	0.468478  	40000.000000	0.462012  	40000.000000	1.37881   	40000.000000	1.48314e-06
42000.000000	5.3646    	42000.000000	1.43268   	42000.000000	0.470445  	42000.000000	0.464213  	42000.000000	1.43268   	42000.000000	1.41683e-06
44000.000000	5.75522   	44000.000000	1.48642   	44000.000000	0.47231   	44000.000000	0.466304  	44000.000000	1.48642   	44000.000000	1.35635e-06
46000.000000	6.16039   	46000.000000	1.54004   	46000.000000	0.474085  	46000.000000	0.468296  	46000.000000	1.54004   	46000.000000	1.30096e-06
48000.000000	6.58027   	48000.000000	1.59355   	48000.000000	0.475774  	48000.000000	0.470197  	48000.000000	1.59355   	48000.000000	1.25004e-06
50000.000000	7.01501   	50000.000000	1.64695   	50000.000000	0.477367  	50000.000000	0.472015  	50000.000000	1.64695   	50000.000000	1.20307e-06
