*Energy (MeV/u)1	0 - [He-base] F.Hubert et al, AD&ND Tables 46(1990)1	Energy (MeV/u)2	1 - [H -base] J.F.Ziegler et al, Pergamon Press, NY (low energy)	Energy (MeV/u)3	2 - ATIMA 1.2  LS-theory (recommended for high energy)	Energy (MeV/u)4	3 - ATIMA 1.2  without LS-correction	Energy (MeV/u)5	4 - Range straggling - method [0] - LISE	Energy (MeV/u)6	5 - Range straggling - method [1] - Atima	Energy (MeV/u)7	6 - Lateral range - method [0] - LISE	Energy (MeV/u)8	7 - Lateral range - method [1] - Atima	Energy (MeV/u)9	8 - Lateral range - method [2] - PDG	
0.001000	0.091538  	0.001000	0.091538  	0.001000	0.10162   	0.001000	0.10162   	0.001000	0         	0.001000	0         	0.001000	0.000512855	0.001000	0.000770534	0.001000	0.000451311	
0.002000	0.1831    	0.002000	0.183076  	0.002000	0.203241  	0.002000	0.203241  	0.002000	0.019861  	0.002000	0.019861  	0.002000	0.00150224	0.002000	0.00218089	0.002000	0.00135514	
0.005000	0.374433  	0.005000	0.374358  	0.005000	0.415845  	0.005000	0.415845  	0.005000	0.0221959 	0.005000	0.0221959 	0.005000	0.0042755 	0.005000	0.00608209	0.005000	0.00390888	
0.008000	0.518117  	0.008000	0.518004  	0.008000	0.575642  	0.008000	0.575642  	0.008000	0.0222503 	0.008000	0.0222503 	0.008000	0.00683017	0.008000	0.00960457	0.008000	0.00628916	
0.010000	0.600756  	0.010000	0.600621  	0.010000	0.667584  	0.010000	0.667584  	0.010000	0.0224221 	0.010000	0.0224221 	0.010000	0.00848852	0.010000	0.0118717 	0.010000	0.00784165	
0.015000	0.778241  	0.015000	0.778058  	0.015000	0.867048  	0.015000	0.867048  	0.015000	0.0232244 	0.015000	0.0232244 	0.015000	0.0125776 	0.015000	0.0172891 	0.015000	0.0116848 	
0.020000	0.93219   	0.020000	0.931967  	0.020000	1.03857   	0.020000	1.03857   	0.020000	0.0242505 	0.020000	0.0242505 	0.020000	0.0166239 	0.020000	0.0221594 	0.020000	0.0155023 	
0.025000	1.0713    	0.025000	1.07104   	0.025000	1.19186   	0.025000	1.19186   	0.025000	0.0253106 	0.025000	0.0253106 	0.025000	0.0206691 	0.025000	0.026626  	0.025000	0.0193291 	
0.030000	1.19921   	0.030000	1.19892   	0.030000	1.32553   	0.030000	1.32553   	0.030000	0.0262025 	0.030000	0.0262025 	0.030000	0.0245505 	0.030000	0.0306298 	0.030000	0.0230016 	
0.035000	1.31861   	0.035000	1.31828   	0.035000	1.44391   	0.035000	1.44391   	0.035000	0.0269387 	0.035000	0.0269387 	0.035000	0.0282823 	0.035000	0.0342441 	0.035000	0.026533  	
0.040000	1.43155   	0.040000	1.4312    	0.040000	1.55476   	0.040000	1.55476   	0.040000	0.0276292 	0.040000	0.0276292 	0.040000	0.0317224 	0.040000	0.0376664 	0.040000	0.0300835 	
0.045000	1.53961   	0.045000	1.53922   	0.045000	1.6612    	0.045000	1.6612    	0.045000	0.028308  	0.045000	0.028308  	0.045000	0.0350791 	0.045000	0.0409925 	0.045000	0.0336796 	
0.050000	1.64393   	0.050000	1.64352   	0.050000	1.76461   	0.050000	1.76461   	0.050000	0.0289854 	0.050000	0.0294877 	0.050000	0.0383965 	0.050000	0.044256  	0.050000	0.0369819 	
0.055000	1.7454    	0.055000	1.74496   	0.055000	1.86574   	0.055000	1.86574   	0.055000	0.0296643 	0.055000	0.0308808 	0.055000	0.0417008 	0.055000	0.0474912 	0.055000	0.0403006 	
0.060000	1.8447    	0.060000	1.84424   	0.060000	1.9651    	0.060000	1.9651    	0.060000	0.0303463 	0.060000	0.0321985 	0.060000	0.0449956 	0.060000	0.050702  	0.060000	0.0436169 	
0.070000	2.03879   	0.070000	2.03828   	0.070000	2.15997   	0.070000	2.15997   	0.070000	0.031725  	0.070000	0.03467   	0.070000	0.0515812 	0.070000	0.0571703 	0.070000	0.0502617 	
0.080000	2.22928   	0.080000	2.22872   	0.080000	2.35162   	0.080000	2.35162   	0.080000	0.033133  	0.080000	0.0369958 	0.080000	0.0582036 	0.080000	0.0637498 	0.080000	0.0569494 	
0.090000	2.41822   	0.090000	2.41761   	0.090000	2.5418    	0.090000	2.5418    	0.090000	0.0345827 	0.090000	0.0392365 	0.090000	0.0648303 	0.090000	0.0704184 	0.090000	0.0636352 	
0.100000	2.60706   	0.100000	2.6064    	0.100000	2.7318    	0.100000	2.7318    	0.100000	0.0360849 	0.100000	0.0414337 	0.100000	0.0709291 	0.100000	0.0766131 	0.100000	0.0697766 	
0.120000	2.98838   	0.120000	2.98761   	0.120000	3.11505   	0.120000	3.11505   	0.120000	0.0392845 	0.120000	0.0458069 	0.120000	0.0815961 	0.120000	0.08754   	0.120000	0.0804583 	
0.140000	3.37896   	0.140000	3.37809   	0.140000	3.50691   	0.140000	3.50691   	0.140000	0.0427921 	0.140000	0.050269  	0.140000	0.0912621 	0.140000	0.0977543 	0.140000	0.0901086 	
0.160000	3.78224   	0.160000	3.78126   	0.160000	3.9108    	0.160000	3.9108    	0.160000	0.046648  	0.160000	0.0549059 	0.160000	0.100374  	0.160000	0.107599  	0.160000	0.0991926 	
0.180000	4.20034   	0.180000	4.19925   	0.180000	4.32886   	0.180000	4.32886   	0.180000	0.0508767 	0.180000	0.0597661 	0.180000	0.109109  	0.180000	0.117352  	0.180000	0.107878  	
0.200000	4.63454   	0.200000	4.63334   	0.200000	4.76243   	0.200000	4.76243   	0.200000	0.0554898 	0.200000	0.064875  	0.200000	0.117647  	0.200000	0.127022  	0.200000	0.116349  	
0.250000	5.79455   	0.250000	5.79304   	0.250000	5.91833   	0.250000	5.91833   	0.250000	0.0686973 	0.250000	0.0787798 	0.250000	0.139929  	0.250000	0.152383  	0.250000	0.138436  	
0.300000	7.06267   	0.300000	7.06082   	0.300000	7.17906   	0.300000	7.17906   	0.300000	0.0841701 	0.300000	0.0942347 	0.300000	0.163346  	0.300000	0.179021  	0.300000	0.161648  	
0.350000	8.43652   	0.350000	8.4343    	0.350000	8.5426    	0.350000	8.5426    	0.350000	0.101679  	0.350000	0.111062  	0.350000	0.187648  	0.350000	0.206646  	0.350000	0.185785  	
0.400000	9.9117    	0.400000	9.90909   	0.400000	10.0049   	0.400000	10.0049   	0.400000	0.120993  	0.400000	0.129068  	0.400000	0.213369  	0.400000	0.235694  	0.400000	0.211392  	
0.450000	11.4835   	0.450000	11.4804   	0.450000	11.5615   	0.450000	11.5615   	0.450000	0.141916  	0.450000	0.148087  	0.450000	0.240252  	0.450000	0.265918  	0.450000	0.238201  	
0.500000	13.1473   	0.500000	13.1439   	0.500000	13.2083   	0.500000	13.2083   	0.500000	0.164292  	0.500000	0.167988  	0.500000	0.268344  	0.500000	0.297306  	0.500000	0.266212  	
0.600000	16.7361   	0.600000	16.7317   	0.600000	16.7577   	0.600000	16.7577   	0.600000	0.212948  	0.600000	0.210064  	0.600000	0.327661  	0.600000	0.36299   	0.600000	0.32553   	
0.700000	20.652    	0.700000	20.6466   	0.700000	20.6291   	0.700000	20.6291   	0.700000	0.266292  	0.700000	0.254764  	0.700000	0.391031  	0.700000	0.43232   	0.700000	0.389015  	
0.800000	24.8755   	0.800000	24.8689   	0.800000	24.8039   	0.800000	24.8039   	0.800000	0.323913  	0.800000	0.301787  	0.800000	0.45822   	0.800000	0.505024  	0.800000	0.456425  	
0.900000	29.3914   	0.900000	29.3836   	0.900000	29.268    	0.900000	29.268    	0.900000	0.385544  	0.900000	0.350954  	0.900000	0.528928  	0.900000	0.58085   	0.900000	0.52749   	
1.000000	34.1876   	1.000000	34.1785   	1.000000	34.0101   	1.000000	34.0101   	1.000000	0.450997  	1.000000	0.402145  	1.000000	0.6031    	1.000000	0.659712  	1.000000	0.602087  	
1.250000	47.3431   	1.250000	47.3306   	1.250000	47.0242   	1.250000	47.0242   	1.250000	0.630511  	1.250000	0.538479  	1.250000	0.802415  	1.250000	0.8687    	1.250000	0.802833  	
1.500000	62.0739   	1.500000	62.0574   	1.500000	61.6102   	1.500000	61.6102   	1.500000	0.831582  	1.500000	0.686089  	1.500000	1.02066   	1.500000	1.09389   	1.500000	1.02294   	
1.750000	78.2943   	1.750000	78.2735   	1.750000	77.6877   	1.750000	77.6877   	1.750000	1.05317   	1.750000	0.844352  	1.750000	1.25729   	1.750000	1.3347    	1.750000	1.26182   	
2.000000	95.9382   	2.000000	95.9127   	2.000000	95.1944   	2.000000	95.1944   	2.000000	1.29447   	2.000000	1.01277   	2.000000	1.51159   	2.000000	1.59045   	2.000000	1.51869   	
2.250000	114.952   	2.250000	114.921   	2.250000	114.08    	2.250000	114.08    	2.250000	1.55483   	2.250000	1.19094   	2.250000	1.78293   	2.250000	1.86054   	2.250000	1.7929    	
2.500000	135.301   	2.500000	135.254   	2.500000	134.301   	2.500000	134.301   	2.500000	1.83368   	2.500000	1.37852   	2.500000	2.07077   	2.500000	2.14445   	2.500000	2.08387   	
3.000000	180.32    	3.000000	179.743   	3.000000	178.608   	3.000000	178.608   	3.000000	2.44499   	3.000000	1.78079   	3.000000	2.69397   	3.000000	2.75194   	3.000000	2.71407   	
3.500000	229.993   	3.500000	229.122   	3.500000	227.874   	3.500000	227.874   	3.500000	3.12509   	3.500000	2.21758   	3.500000	3.37811   	3.500000	3.40989   	3.500000	3.40606   	
4.000000	284.179   	4.000000	283.188   	4.000000	281.903   	4.000000	281.903   	4.000000	3.8713    	4.000000	2.6872    	4.000000	4.12063   	4.000000	4.11577   	4.000000	4.15715   	
4.500000	342.758   	4.500000	341.771   	4.500000	340.535   	4.500000	340.535   	4.500000	4.68136   	4.500000	3.18826   	4.500000	4.91939   	4.500000	4.86756   	4.500000	4.96517   	
5.000000	405.626   	5.000000	404.727   	5.000000	403.632   	5.000000	403.632   	5.000000	5.55336   	5.000000	3.71956   	5.000000	5.77262   	5.000000	5.66347   	5.000000	5.82826   	
5.500000	472.694   	5.500000	471.933   	5.500000	471.078   	5.500000	471.078   	5.500000	6.48561   	5.500000	4.28007   	5.500000	6.67872   	5.500000	6.502     	5.500000	6.74476   	
6.000000	543.879   	6.000000	543.281   	6.000000	542.767   	6.000000	542.767   	6.000000	7.47665   	6.000000	4.86887   	6.000000	7.6363    	6.000000	7.38182   	6.000000	7.71327   	
6.500000	619.11    	6.500000	618.673   	6.500000	618.607   	6.500000	618.607   	6.500000	8.52515   	6.500000	5.48516   	6.500000	8.64418   	6.500000	8.30173   	6.500000	8.73253   	
7.000000	698.319   	7.000000	698.024   	7.000000	698.517   	7.000000	698.517   	7.000000	9.62994   	7.000000	6.12822   	7.000000	9.70119   	7.000000	9.26063   	7.000000	9.80142   	
7.500000	781.446   	7.500000	781.255   	7.500000	782.421   	7.500000	782.421   	7.500000	10.7899   	7.500000	6.79738   	7.500000	10.8064   	7.500000	10.2576   	7.500000	10.9189   	
8.000000	868.436   	8.000000	868.296   	8.000000	870.25    	8.000000	870.25    	8.000000	12.0042   	8.000000	7.49209   	8.000000	11.9588   	8.000000	11.2918   	8.000000	12.084    	
8.500000	959.236   	8.500000	959.08    	8.500000	961.943   	8.500000	961.943   	8.500000	13.2717   	8.500000	8.21185   	8.500000	13.1577   	8.500000	12.3624   	8.500000	13.296    	
9.000000	1053.8    	9.000000	1053.55   	9.000000	1057.44   	9.000000	1057.44   	9.000000	14.5918   	9.000000	8.95616   	9.000000	14.4023   	9.000000	13.4686   	9.000000	14.554    	
9.500000	1152.08   	9.500000	1151.65   	9.500000	1156.69   	9.500000	1156.69   	9.500000	15.9636   	9.500000	9.72445   	9.500000	15.6918   	9.500000	14.61     	9.500000	15.8574   	
10.000000	1254.03   	10.000000	1253.3    	10.000000	1259.65   	10.000000	1259.65   	10.000000	17.3865   	10.000000	10.5161   	10.000000	17.0256   	10.000000	15.7856   	10.000000	17.2055   	
11.000000	1468.8    	11.000000	1465.04   	11.000000	1476.24   	11.000000	1476.24   	11.000000	20.3732   	11.000000	12.1708   	11.000000	19.8192   	11.000000	18.2341   	11.000000	20.0285   	
12.000000	1697.8    	12.000000	1689.25   	12.000000	1706.64   	12.000000	1706.64   	12.000000	23.5393   	12.000000	13.9371   	12.000000	22.7732   	12.000000	20.8056   	12.000000	23.0134   	
13.000000	1940.78   	13.000000	1925.93   	13.000000	1950.54   	13.000000	1950.53   	13.000000	26.8819   	13.000000	15.8111   	13.000000	25.883    	13.000000	23.4957   	13.000000	26.1553   	
14.000000	2197.49   	14.000000	2175.05   	14.000000	2207.67   	14.000000	2207.65   	14.000000	30.398    	14.000000	17.7833   	14.000000	29.1445   	14.000000	26.3008   	14.000000	29.4502   	
15.000000	2467.69   	15.000000	2436.56   	15.000000	2477.76   	15.000000	2477.75   	15.000000	34.0849   	15.000000	19.8481   	15.000000	32.5542   	15.000000	29.2179   	15.000000	32.8948   	
16.000000	2751.18   	16.000000	2710.4    	16.000000	2760.6    	16.000000	2760.59   	16.000000	37.94     	16.000000	22.0007   	16.000000	36.1093   	16.000000	32.2443   	16.000000	36.4861   	
17.000000	3047.77   	17.000000	2996.49   	17.000000	3055.97   	17.000000	3055.97   	17.000000	41.9599   	17.000000	24.236    	17.000000	39.8069   	17.000000	35.3776   	17.000000	40.2212   	
18.000000	3357.26   	18.000000	3294.76   	18.000000	3363.66   	18.000000	3363.69   	18.000000	46.1421   	18.000000	26.5502   	18.000000	43.6444   	18.000000	38.6155   	18.000000	44.0978   	
19.000000	3679.49   	19.000000	3605.12   	19.000000	3683.49   	19.000000	3683.56   	19.000000	50.4845   	19.000000	28.9409   	19.000000	47.6196   	19.000000	41.9561   	19.000000	48.1135   	
20.000000	4014.29   	20.000000	3927.5    	20.000000	4015.32   	20.000000	4015.42   	20.000000	54.9848   	20.000000	31.406    	20.000000	51.7304   	20.000000	45.3976   	20.000000	52.2665   	
21.000000	4361.51   	21.000000	4261.79   	21.000000	4358.96   	21.000000	4359.1    	21.000000	59.6406   	21.000000	33.9433   	21.000000	55.9749   	21.000000	48.9382   	21.000000	56.5546   	
22.000000	4721      	22.000000	4607.93   	22.000000	4714.28   	22.000000	4714.47   	22.000000	64.4502   	22.000000	36.5514   	22.000000	60.3512   	22.000000	52.5766   	22.000000	60.9763   	
23.000000	5092.62   	23.000000	4965.83   	23.000000	5081.13   	23.000000	5081.36   	23.000000	69.4113   	23.000000	39.2286   	23.000000	64.8574   	23.000000	56.311    	23.000000	65.5298   	
24.000000	5476.24   	24.000000	5335.39   	24.000000	5459.36   	24.000000	5459.65   	24.000000	74.5211   	24.000000	41.9727   	24.000000	69.4916   	24.000000	60.1399   	24.000000	70.2129   	
25.000000	5871.73   	25.000000	5716.55   	25.000000	5848.81   	25.000000	5849.2    	25.000000	79.777    	25.000000	44.781    	25.000000	74.2518   	25.000000	64.0615   	25.000000	75.0238   	
27.000000	6697.83   	27.000000	6513.29   	27.000000	6660.9    	27.000000	6661.57   	27.000000	90.7192   	27.000000	50.5864   	27.000000	84.143    	27.000000	72.1775   	27.000000	85.0227   	
29.000000	7569.99   	29.000000	7355.42   	29.000000	7516.52   	29.000000	7517.52   	29.000000	102.227   	29.000000	56.6421   	29.000000	94.52     	29.000000	80.6496   	29.000000	95.5155   	
31.000000	8487.36   	31.000000	8242.31   	31.000000	8415.06   	31.000000	8416.43   	31.000000	114.296   	31.000000	62.9457   	31.000000	105.376   	31.000000	89.4722   	31.000000	106.496   	
33.000000	9449.14   	33.000000	9173.34   	33.000000	9357.39   	33.000000	9359.15   	33.000000	126.977   	33.000000	69.5185   	33.000000	116.73    	33.000000	98.6596   	33.000000	117.985   	
35.000000	10454.6   	35.000000	10147.9   	35.000000	10343.1   	35.000000	10345.3   	35.000000	140.265   	35.000000	76.3591   	35.000000	128.581   	35.000000	108.211   	35.000000	129.981   	
38.000000	12043     	38.000000	11690.3   	38.000000	11901.5   	38.000000	11904.3   	38.000000	161.297   	38.000000	87.1055   	38.000000	147.274   	38.000000	123.207   	38.000000	148.912   	
41.000000	13725.8   	41.000000	13327.5   	41.000000	13553.6   	41.000000	13557.5   	41.000000	183.603   	41.000000	98.403    	41.000000	167.044   	41.000000	138.989   	41.000000	168.948   	
44.000000	15500.9   	44.000000	15057.9   	44.000000	15297.9   	44.000000	15302.8   	44.000000	207.156   	44.000000	110.239   	44.000000	187.872   	44.000000	155.542   	44.000000	190.07    	
47.000000	17366.4   	47.000000	16879.8   	47.000000	17132.6   	47.000000	17138.6   	47.000000	231.919   	47.000000	122.595   	47.000000	209.733   	47.000000	172.847   	47.000000	212.257   	
50.000000	19320.5   	50.000000	18791.5   	50.000000	19056.1   	50.000000	19063.1   	50.000000	257.859   	50.000000	135.457   	50.000000	232.605   	50.000000	190.887   	50.000000	235.489   	
55.000000	22769.6   	55.000000	22173.1   	55.000000	22454.6   	55.000000	22463.6   	55.000000	303.629   	55.000000	157.982   	55.000000	272.911   	55.000000	222.541   	55.000000	276.478   	
60.000000	26452.8   	60.000000	25793.2   	60.000000	26088.6   	60.000000	26099.5   	60.000000	352.459   	60.000000	181.821   	60.000000	315.866   	60.000000	256.116   	60.000000	320.226   	
65.000000	30363.5   	65.000000	29645.3   	65.000000	29950.9   	65.000000	29964.5   	65.000000	404.208   	65.000000	206.892   	65.000000	361.367   	65.000000	291.537   	65.000000	366.639   	
70.000000	34495.6   	70.000000	33723.4   	70.000000	34036.2   	70.000000	34052.7   	70.000000	458.787   	70.000000	233.173   	70.000000	409.332   	70.000000	328.745   	70.000000	415.647   	
75.000000	38843.4   	75.000000	38021.7   	75.000000	38339.1   	75.000000	38358.7   	75.000000	516.098   	75.000000	260.603   	75.000000	459.682   	75.000000	367.683   	75.000000	467.179   	
80.000000	43401.7   	80.000000	42534.8   	80.000000	42854.5   	80.000000	42877.2   	80.000000	576.044   	80.000000	289.16    	80.000000	512.339   	80.000000	408.296   	80.000000	521.166   	
85.000000	48165.4   	85.000000	47257.4   	85.000000	47577.3   	85.000000	47603.3   	85.000000	638.533   	85.000000	318.811   	85.000000	567.231   	85.000000	450.533   	85.000000	577.545   	
90.000000	53130     	90.000000	52184.5   	90.000000	52503     	90.000000	52532.4   	90.000000	703.48    	90.000000	349.51    	90.000000	624.287   	90.000000	494.346   	90.000000	636.253   	
95.000000	58291     	95.000000	57311.5   	95.000000	57626.6   	95.000000	57659.8   	95.000000	770.78    	95.000000	381.197   	95.000000	683.432   	95.000000	539.682   	95.000000	697.222   	
100.000000	63644.4   	100.000000	62633.8   	100.000000	62943.7   	100.000000	62981.5   	100.000000	840.357   	100.000000	413.846   	100.000000	744.601   	100.000000	586.497   	100.000000	760.396   	
105.000000	69186.2   	105.000000	68146.9   	105.000000	68450.8   	105.000000	68493.2   	105.000000	912.155   	105.000000	447.462   	105.000000	807.74    	105.000000	634.749   	105.000000	825.727   	
110.000000	74912.8   	110.000000	73846.7   	110.000000	74144     	110.000000	74191.1   	110.000000	986.097   	110.000000	482.014   	110.000000	872.789   	110.000000	684.402   	110.000000	893.162   	
115.000000	80820.5   	115.000000	79729.2   	115.000000	80019.3   	115.000000	80071.3   	115.000000	1062.11   	115.000000	517.471   	115.000000	939.692   	115.000000	735.421   	115.000000	962.653   	
120.000000	86906     	120.000000	85790.4   	120.000000	86073.2   	120.000000	86130.2   	120.000000	1140.14   	120.000000	553.784   	120.000000	1008.39   	120.000000	787.767   	120.000000	1034.15   	
125.000000	93166     	125.000000	92026.6   	125.000000	92302.1   	125.000000	92364.1   	125.000000	1220.1    	125.000000	590.93    	125.000000	1078.84   	125.000000	841.407   	125.000000	1107.61   	
130.000000	99597.5   	130.000000	98434.1   	130.000000	98702.6   	130.000000	98769.9   	130.000000	1301.94   	130.000000	628.915   	130.000000	1150.98   	130.000000	896.305   	130.000000	1182.98   	
135.000000	106198    	135.000000	105009    	135.000000	105272    	135.000000	105344    	135.000000	1385.6    	135.000000	667.716   	135.000000	1224.78   	135.000000	952.433   	135.000000	1260.22   	
140.000000	112963    	140.000000	111749    	140.000000	112005    	140.000000	112083    	140.000000	1471.02   	140.000000	707.285   	140.000000	1300.16   	140.000000	1009.75   	140.000000	1339.29   	
145.000000	119892    	145.000000	118650    	145.000000	118900    	145.000000	118985    	145.000000	1558.11   	145.000000	747.596   	145.000000	1377.09   	145.000000	1068.23   	145.000000	1420.13   	
150.000000	126981    	150.000000	125709    	150.000000	125954    	150.000000	126045    	150.000000	1646.83   	150.000000	788.641   	150.000000	1455.51   	150.000000	1127.84   	150.000000	1502.71   	
155.000000	134330    	155.000000	132923    	155.000000	133164    	155.000000	133262    	155.000000	1737.15   	155.000000	830.409   	155.000000	1535.41   	155.000000	1188.56   	155.000000	1586.99   	
160.000000	141831    	160.000000	140289    	160.000000	140527    	160.000000	140632    	160.000000	1829.02   	160.000000	872.881   	160.000000	1616.72   	160.000000	1250.36   	160.000000	1672.95   	
165.000000	149479    	165.000000	147804    	165.000000	148040    	165.000000	148152    	165.000000	1922.37   	165.000000	916.046   	165.000000	1699.41   	165.000000	1313.21   	165.000000	1760.54   	
170.000000	157271    	170.000000	155466    	170.000000	155701    	170.000000	155820    	170.000000	2017.18   	170.000000	959.876   	170.000000	1783.45   	170.000000	1377.09   	170.000000	1849.72   	
175.000000	165204    	175.000000	163270    	175.000000	163508    	175.000000	163634    	175.000000	2113.38   	175.000000	1004.33   	175.000000	1868.79   	175.000000	1441.97   	175.000000	1940.47   	
180.000000	173275    	180.000000	171216    	180.000000	171456    	180.000000	171590    	180.000000	2210.94   	180.000000	1049.42   	180.000000	1955.39   	180.000000	1507.83   	180.000000	2032.74   	
185.000000	181482    	185.000000	179300    	185.000000	179545    	185.000000	179686    	185.000000	2309.8    	185.000000	1095.14   	185.000000	2043.23   	185.000000	1574.64   	185.000000	2126.5    	
190.000000	189824    	190.000000	187520    	190.000000	187772    	190.000000	187920    	190.000000	2409.94   	190.000000	1141.45   	190.000000	2132.26   	190.000000	1642.39   	190.000000	2221.73   	
195.000000	198297    	195.000000	195873    	195.000000	196133    	195.000000	196290    	195.000000	2511.3    	195.000000	1188.34   	195.000000	2222.45   	195.000000	1711.05   	195.000000	2318.38   	
200.000000	206899    	200.000000	204357    	200.000000	204628    	200.000000	204792    	200.000000	2613.85   	200.000000	1235.82   	200.000000	2313.77   	200.000000	1780.6    	200.000000	2416.44   	
210.000000	224483    	210.000000	221708    	210.000000	222006    	210.000000	222187    	210.000000	2822.31   	210.000000	1332.45   	210.000000	2499.65   	210.000000	1922.27   	210.000000	2616.62   	
220.000000	242560    	220.000000	239557    	220.000000	239888    	220.000000	240087    	220.000000	3035      	220.000000	1431.16   	220.000000	2689.64   	220.000000	2067.23   	220.000000	2822.01   	
230.000000	261114    	230.000000	257886    	230.000000	258258    	230.000000	258477    	230.000000	3251.72   	230.000000	1531.89   	230.000000	2883.53   	230.000000	2215.34   	230.000000	3032.42   	
240.000000	280130    	240.000000	276679    	240.000000	277101    	240.000000	277340    	240.000000	3472.19   	240.000000	1634.56   	240.000000	3081.1    	240.000000	2366.46   	240.000000	3247.64   	
250.000000	299594    	250.000000	295920    	250.000000	296402    	250.000000	296660    	250.000000	3696.16   	250.000000	1739.1    	250.000000	3282.14   	250.000000	2520.46   	250.000000	3467.47   	
260.000000	319492    	260.000000	315596    	260.000000	316145    	260.000000	316424    	260.000000	3923.41   	260.000000	1845.43   	260.000000	3486.46   	260.000000	2677.19   	260.000000	3691.72   	
270.000000	339813    	270.000000	335692    	270.000000	336318    	270.000000	336617    	270.000000	4153.7    	270.000000	1953.47   	270.000000	3693.86   	270.000000	2836.54   	270.000000	3920.2    	
280.000000	360543    	280.000000	356195    	280.000000	356905    	280.000000	357226    	280.000000	4386.82   	280.000000	2063.18   	280.000000	3904.16   	280.000000	2998.38   	280.000000	4152.73   	
290.000000	381670    	290.000000	377091    	290.000000	377896    	290.000000	378238    	290.000000	4622.6    	290.000000	2174.44   	290.000000	4117.2    	290.000000	3162.61   	290.000000	4389.16   	
300.000000	403184    	300.000000	398370    	300.000000	399276    	300.000000	399640    	300.000000	4860.81   	300.000000	2287.13   	300.000000	4332.81   	300.000000	3329.1    	300.000000	4629.29   	
310.000000	425074    	310.000000	420019    	310.000000	421033    	310.000000	421421    	310.000000	5101.22   	310.000000	2401.26   	310.000000	4550.81   	310.000000	3497.74   	310.000000	4872.96   	
320.000000	447329    	320.000000	442027    	320.000000	443155    	320.000000	443569    	320.000000	5343.71   	320.000000	2516.76   	320.000000	4771.07   	320.000000	3668.44   	320.000000	5120.04   	
330.000000	469940    	330.000000	464384    	330.000000	465634    	330.000000	466073    	330.000000	5588.16   	330.000000	2633.52   	330.000000	4993.47   	330.000000	3841.11   	330.000000	5370.39   	
340.000000	492896    	340.000000	487079    	340.000000	488458    	340.000000	488923    	340.000000	5834.41   	340.000000	2751.5    	340.000000	5217.87   	340.000000	4015.66   	340.000000	5623.87   	
350.000000	516189    	350.000000	510101    	350.000000	511616    	350.000000	512108    	350.000000	6082.32   	350.000000	2870.75   	350.000000	5444.14   	350.000000	4192      	350.000000	5880.36   	
360.000000	539810    	360.000000	533443    	360.000000	535100    	360.000000	535618    	360.000000	6331.75   	360.000000	2991.23   	360.000000	5672.17   	360.000000	4370.05   	360.000000	6139.71   	
370.000000	563750    	370.000000	557094    	370.000000	558899    	370.000000	559444    	370.000000	6582.57   	370.000000	3112.83   	370.000000	5901.85   	370.000000	4549.73   	370.000000	6401.82   	
380.000000	588001    	380.000000	581046    	380.000000	583005    	380.000000	583577    	380.000000	6834.67   	380.000000	3235.48   	380.000000	6133.05   	380.000000	4730.96   	380.000000	6666.57   	
390.000000	612555    	390.000000	605290    	390.000000	607409    	390.000000	608008    	390.000000	7087.92   	390.000000	3359.16   	390.000000	6365.69   	390.000000	4913.67   	390.000000	6933.83   	
400.000000	637404    	400.000000	629818    	400.000000	632102    	400.000000	632728    	400.000000	7342.22   	400.000000	3483.85   	400.000000	6599.65   	400.000000	5097.79   	400.000000	7203.52   	
410.000000	662540    	410.000000	654622    	410.000000	657075    	410.000000	657730    	410.000000	7597.47   	410.000000	3609.51   	410.000000	6834.85   	410.000000	5283.25   	410.000000	7475.51   	
420.000000	687957    	420.000000	679695    	420.000000	682322    	420.000000	683004    	420.000000	7853.56   	420.000000	3736.06   	420.000000	7071.2    	420.000000	5469.98   	420.000000	7749.7    	
430.000000	713648    	430.000000	705029    	430.000000	707833    	430.000000	708544    	430.000000	8110.41   	430.000000	3863.41   	430.000000	7308.61   	430.000000	5657.92   	430.000000	8026      	
440.000000	739605    	440.000000	730617    	440.000000	733603    	440.000000	734342    	440.000000	8367.93   	440.000000	3991.58   	440.000000	7547      	440.000000	5847.02   	440.000000	8304.33   	
450.000000	765823    	450.000000	756453    	450.000000	759624    	450.000000	760391    	450.000000	8626.04   	450.000000	4120.59   	450.000000	7786.31   	450.000000	6037.21   	450.000000	8584.59   	
460.000000	792294    	460.000000	782529    	460.000000	785887    	460.000000	786684    	460.000000	8884.64   	460.000000	4250.44   	460.000000	8026.43   	460.000000	6228.43   	460.000000	8866.67   	
470.000000	819013    	470.000000	808840    	470.000000	812386    	470.000000	813213    	470.000000	9143.62   	470.000000	4381.06   	470.000000	8267.3    	470.000000	6420.63   	470.000000	9150.5    	
480.000000	845974    	480.000000	835379    	480.000000	839114    	480.000000	839974    	480.000000	9402.91   	480.000000	4512.42   	480.000000	8508.84   	480.000000	6613.74   	480.000000	9435.97   	
490.000000	873171    	490.000000	862140    	490.000000	866064    	490.000000	866957    	490.000000	9662.45   	490.000000	4644.42   	490.000000	8750.98   	490.000000	6807.72   	490.000000	9723.02   	
500.000000	900597    	500.000000	889118    	500.000000	893231    	500.000000	894158    	500.000000	9922.2    	500.000000	4777.06   	500.000000	8993.67   	500.000000	7002.53   	500.000000	10011.6   	
520.000000	956120    	520.000000	943700    	520.000000	948194    	520.000000	949187    	520.000000	10442.1   	520.000000	5044.29   	520.000000	9480.5    	520.000000	7394.45   	520.000000	10592.9   	
540.000000	1.0125e+06	540.000000	999084    	540.000000	1.00396e+06	540.000000	1.00502e+06	540.000000	10962.1   	540.000000	5314.1    	540.000000	9968.88   	540.000000	7789.15   	540.000000	11179.5   	
560.000000	1.0697e+06	560.000000	1.05523e+06	560.000000	1.06048e+06	560.000000	1.06161e+06	560.000000	11481.9   	560.000000	5586.11   	560.000000	10458.4   	560.000000	8186.32   	560.000000	11770.7   	
580.000000	1.12767e+06	580.000000	1.11209e+06	580.000000	1.11772e+06	580.000000	1.11892e+06	580.000000	12001.1   	580.000000	5860.15   	580.000000	10948.7   	580.000000	8585.66   	580.000000	12366.2   	
600.000000	1.18639e+06	600.000000	1.16965e+06	600.000000	1.17564e+06	600.000000	1.17691e+06	600.000000	12519.4   	600.000000	6136.16   	600.000000	11439.6   	600.000000	8986.91   	600.000000	12965.4   	
620.000000	1.24582e+06	620.000000	1.22786e+06	620.000000	1.23421e+06	620.000000	1.23555e+06	620.000000	13036.6   	620.000000	6414.02   	620.000000	11930.6   	620.000000	9389.82   	620.000000	13568.1   	
640.000000	1.30593e+06	640.000000	1.28669e+06	640.000000	1.29339e+06	640.000000	1.2948e+06	640.000000	13552.3   	640.000000	6693.64   	640.000000	12421.5   	640.000000	9794.15   	640.000000	14173.8   	
660.000000	1.36668e+06	660.000000	1.34611e+06	660.000000	1.35316e+06	660.000000	1.35464e+06	660.000000	14066.4   	660.000000	6974.92   	660.000000	12912.1   	660.000000	10199.7   	660.000000	14782.1   	
680.000000	1.42806e+06	680.000000	1.4061e+06	680.000000	1.41348e+06	680.000000	1.41503e+06	680.000000	14578.6   	680.000000	7257.78   	680.000000	13402.1   	680.000000	10606.3   	680.000000	15392.8   	
700.000000	1.49002e+06	700.000000	1.46663e+06	700.000000	1.47433e+06	700.000000	1.47595e+06	700.000000	15088.9   	700.000000	7542.14   	700.000000	13891.4   	700.000000	11013.6   	700.000000	16005.5   	
720.000000	1.55254e+06	720.000000	1.52767e+06	720.000000	1.53568e+06	720.000000	1.53737e+06	720.000000	15596.8   	720.000000	7827.93   	720.000000	14379.8   	720.000000	11421.7   	720.000000	16620     	
740.000000	1.61561e+06	740.000000	1.58919e+06	740.000000	1.5975e+06	740.000000	1.59927e+06	740.000000	16102.4   	740.000000	8115.02   	740.000000	14867     	740.000000	11830.1   	740.000000	17235.9   	
760.000000	1.67918e+06	760.000000	1.65118e+06	760.000000	1.65977e+06	760.000000	1.66162e+06	760.000000	16605.5   	760.000000	8403.27   	760.000000	15352.9   	760.000000	12238.9   	760.000000	17853     	
780.000000	1.74325e+06	780.000000	1.71362e+06	780.000000	1.72247e+06	780.000000	1.7244e+06	780.000000	17106     	780.000000	8692.56   	780.000000	15837.5   	780.000000	12647.9   	780.000000	18471.1   	
800.000000	1.80778e+06	800.000000	1.77648e+06	800.000000	1.78558e+06	800.000000	1.7876e+06	800.000000	17604     	800.000000	8982.91   	800.000000	16320.6   	800.000000	13057     	800.000000	19090     	
820.000000	1.87276e+06	820.000000	1.83974e+06	820.000000	1.84909e+06	820.000000	1.85118e+06	820.000000	18099.1   	820.000000	9274.38   	820.000000	16802     	820.000000	13466.1   	820.000000	19709.5   	
840.000000	1.93817e+06	840.000000	1.90339e+06	840.000000	1.91296e+06	840.000000	1.91513e+06	840.000000	18591.5   	840.000000	9566.97   	840.000000	17281.7   	840.000000	13875     	840.000000	20329.4   	
860.000000	2.00399e+06	860.000000	1.96741e+06	860.000000	1.97719e+06	860.000000	1.97944e+06	860.000000	19081     	860.000000	9860.67   	860.000000	17759.6   	860.000000	14283.6   	860.000000	20949.5   	
880.000000	2.07019e+06	880.000000	2.03177e+06	880.000000	2.04175e+06	880.000000	2.04409e+06	880.000000	19567.6   	880.000000	10155.4   	880.000000	18235.7   	880.000000	14691.9   	880.000000	21569.7   	
900.000000	2.13676e+06	900.000000	2.09647e+06	900.000000	2.10663e+06	900.000000	2.10905e+06	900.000000	20051.2   	900.000000	10451     	900.000000	18709.7   	900.000000	15099.7   	900.000000	22189.9   	
920.000000	2.20369e+06	920.000000	2.16149e+06	920.000000	2.17182e+06	920.000000	2.17432e+06	920.000000	20531.8   	920.000000	10747.5   	920.000000	19181.7   	920.000000	15507     	920.000000	22809.8   	
940.000000	2.27095e+06	940.000000	2.22681e+06	940.000000	2.2373e+06	940.000000	2.23989e+06	940.000000	21009.3   	940.000000	11044.8   	940.000000	19651.7   	940.000000	15913.8   	940.000000	23429.3   	
960.000000	2.33854e+06	960.000000	2.29242e+06	960.000000	2.30306e+06	960.000000	2.30573e+06	960.000000	21483.8   	960.000000	11342.7   	960.000000	20119.5   	960.000000	16319.8   	960.000000	24048.3   	
980.000000	2.40643e+06	980.000000	2.35831e+06	980.000000	2.36908e+06	980.000000	2.37183e+06	980.000000	21955.2   	980.000000	11641.4   	980.000000	20585.1   	980.000000	16725.1   	980.000000	24666.8   	
1000.000000	2.47461e+06	1000.000000	2.42446e+06	1000.000000	2.43536e+06	1000.000000	2.43819e+06	1000.000000	22423.5   	1000.000000	11940.7   	1000.000000	21048.5   	1000.000000	17129.6   	1000.000000	25284.5   	
1020.000000	2.54306e+06	1020.000000	2.49087e+06	1020.000000	2.50187e+06	1020.000000	2.50478e+06	1020.000000	22888.7   	1020.000000	12240.7   	1020.000000	21509.6   	1020.000000	17533.3   	1020.000000	25901.4   	
1040.000000	2.61178e+06	1040.000000	2.55751e+06	1040.000000	2.56861e+06	1040.000000	2.5716e+06	1040.000000	23350.7   	1040.000000	12541.3   	1040.000000	21968.5   	1040.000000	17936     	1040.000000	26517.4   	
1060.000000	2.68075e+06	1060.000000	2.62438e+06	1060.000000	2.63557e+06	1060.000000	2.63865e+06	1060.000000	23809.7   	1060.000000	12842.5   	1060.000000	22425     	1060.000000	18337.8   	1060.000000	27132.4   	
1080.000000	2.74996e+06	1080.000000	2.69147e+06	1080.000000	2.70274e+06	1080.000000	2.70589e+06	1080.000000	24265.5   	1080.000000	13144.4   	1080.000000	22879.2   	1080.000000	18738.6   	1080.000000	27746.4   	
1100.000000	2.81939e+06	1100.000000	2.75877e+06	1100.000000	2.7701e+06	1100.000000	2.77334e+06	1100.000000	24718.2   	1100.000000	13446.8   	1100.000000	23331     	1100.000000	19138.4   	1100.000000	28359.1   	
1120.000000	2.88903e+06	1120.000000	2.82626e+06	1120.000000	2.83765e+06	1120.000000	2.84097e+06	1120.000000	25167.7   	1120.000000	13749.8   	1120.000000	23780.5   	1120.000000	19537     	1120.000000	28970.7   	
1140.000000	2.95888e+06	1140.000000	2.89394e+06	1140.000000	2.90538e+06	1140.000000	2.90879e+06	1140.000000	25614.2   	1140.000000	14053.4   	1140.000000	24227.6   	1140.000000	19934.6   	1140.000000	29581     	
1160.000000	3.02891e+06	1160.000000	2.96179e+06	1160.000000	2.97328e+06	1160.000000	2.97677e+06	1160.000000	26057.6   	1160.000000	14357.5   	1160.000000	24672.2   	1160.000000	20331     	1160.000000	30189.9   	
1180.000000	3.09913e+06	1180.000000	3.02982e+06	1180.000000	3.04134e+06	1180.000000	3.04491e+06	1180.000000	26497.8   	1180.000000	14662.1   	1180.000000	25114.5   	1180.000000	20726.2   	1180.000000	30797.3   	
1200.000000	3.16951e+06	1200.000000	3.09801e+06	1200.000000	3.10956e+06	1200.000000	3.11321e+06	1200.000000	26935.1   	1200.000000	14967.3   	1200.000000	25554.4   	1200.000000	21120.2   	1200.000000	31403.4   	
1220.000000	3.24006e+06	1220.000000	3.16635e+06	1220.000000	3.17793e+06	1220.000000	3.18166e+06	1220.000000	27369.2   	1220.000000	15272.9   	1220.000000	25991.8   	1220.000000	21513     	1220.000000	32007.9   	
1240.000000	3.31076e+06	1240.000000	3.23484e+06	1240.000000	3.24643e+06	1240.000000	3.25025e+06	1240.000000	27800.4   	1240.000000	15579.1   	1240.000000	26426.9   	1240.000000	21904.5   	1240.000000	32610.9   	
1260.000000	3.3816e+06	1260.000000	3.30346e+06	1260.000000	3.31507e+06	1260.000000	3.31897e+06	1260.000000	28228.6   	1260.000000	15885.7   	1260.000000	26859.5   	1260.000000	22294.7   	1260.000000	33212.2   	
1280.000000	3.45257e+06	1280.000000	3.37221e+06	1280.000000	3.38383e+06	1280.000000	3.38782e+06	1280.000000	28653.7   	1280.000000	16192.8   	1280.000000	27289.7   	1280.000000	22683.7   	1280.000000	33811.9   	
1300.000000	3.52366e+06	1300.000000	3.44109e+06	1300.000000	3.45272e+06	1300.000000	3.45678e+06	1300.000000	29076     	1300.000000	16500.4   	1300.000000	27717.6   	1300.000000	23071.3   	1300.000000	34410     	
1320.000000	3.59488e+06	1320.000000	3.51008e+06	1320.000000	3.52172e+06	1320.000000	3.52587e+06	1320.000000	29495.2   	1320.000000	16808.4   	1320.000000	28143     	1320.000000	23457.6   	1320.000000	35006.3   	
1340.000000	3.6662e+06	1340.000000	3.57918e+06	1340.000000	3.59083e+06	1340.000000	3.59506e+06	1340.000000	29911.5   	1340.000000	17116.9   	1340.000000	28566     	1340.000000	23842.5   	1340.000000	35600.9   	
1360.000000	3.73762e+06	1360.000000	3.64839e+06	1360.000000	3.66004e+06	1360.000000	3.66435e+06	1360.000000	30324.9   	1360.000000	17425.7   	1360.000000	28986.7   	1360.000000	24226.1   	1360.000000	36193.6   	
1380.000000	3.80913e+06	1380.000000	3.71769e+06	1380.000000	3.72934e+06	1380.000000	3.73374e+06	1380.000000	30735.4   	1380.000000	17735     	1380.000000	29404.9   	1380.000000	24608.3   	1380.000000	36784.6   	
1400.000000	3.88073e+06	1400.000000	3.78709e+06	1400.000000	3.79874e+06	1400.000000	3.80323e+06	1400.000000	31143.1   	1400.000000	18044.7   	1400.000000	29820.8   	1400.000000	24989.1   	1400.000000	37373.8   	
1420.000000	3.95241e+06	1420.000000	3.85657e+06	1420.000000	3.86823e+06	1420.000000	3.8728e+06	1420.000000	31547.9   	1420.000000	18354.9   	1420.000000	30234.3   	1420.000000	25368.5   	1420.000000	37961     	
1440.000000	4.02416e+06	1440.000000	3.92613e+06	1440.000000	3.9378e+06	1440.000000	3.94246e+06	1440.000000	31949.9   	1440.000000	18665.4   	1440.000000	30645.5   	1440.000000	25746.5   	1440.000000	38546.4   	
1460.000000	4.09597e+06	1460.000000	3.99577e+06	1460.000000	4.00744e+06	1460.000000	4.0122e+06	1460.000000	32349.1   	1460.000000	18976.2   	1460.000000	31054.4   	1460.000000	26123.1   	1460.000000	39130     	
1480.000000	4.16785e+06	1480.000000	4.06548e+06	1480.000000	4.07716e+06	1480.000000	4.08201e+06	1480.000000	32745.6   	1480.000000	19287.5   	1480.000000	31460.9   	1480.000000	26498.3   	1480.000000	39711.6   	
1500.000000	4.23978e+06	1500.000000	4.13525e+06	1500.000000	4.14695e+06	1500.000000	4.15189e+06	1500.000000	33139.4   	1500.000000	19599.2   	1500.000000	31865.2   	1500.000000	26872.1   	1500.000000	40291.3   	
1520.000000	4.31175e+06	1520.000000	4.20509e+06	1520.000000	4.21681e+06	1520.000000	4.22184e+06	1520.000000	33530.5   	1520.000000	19911.3   	1520.000000	32267.1   	1520.000000	27244.4   	1520.000000	40869.1   	
1540.000000	4.38377e+06	1540.000000	4.27498e+06	1540.000000	4.28674e+06	1540.000000	4.29185e+06	1540.000000	33919     	1540.000000	20223.8   	1540.000000	32666.8   	1540.000000	27615.3   	1540.000000	41444.9   	
1560.000000	4.45582e+06	1560.000000	4.34493e+06	1560.000000	4.35672e+06	1560.000000	4.36192e+06	1560.000000	34304.8   	1560.000000	20536.6   	1560.000000	33064.3   	1560.000000	27984.8   	1560.000000	42018.8   	
1580.000000	4.5279e+06	1580.000000	4.41492e+06	1580.000000	4.42676e+06	1580.000000	4.43205e+06	1580.000000	34688.1   	1580.000000	20849.8   	1580.000000	33459.5   	1580.000000	28352.9   	1580.000000	42590.8   	
1600.000000	4.60001e+06	1600.000000	4.48496e+06	1600.000000	4.49685e+06	1600.000000	4.50224e+06	1600.000000	35068.7   	1600.000000	21163.5   	1600.000000	33852.5   	1600.000000	28719.6   	1600.000000	43160.8   	
1620.000000	4.67214e+06	1620.000000	4.55504e+06	1620.000000	4.56699e+06	1620.000000	4.57247e+06	1620.000000	35446.9   	1620.000000	21477.5   	1620.000000	34243.3   	1620.000000	29084.8   	1620.000000	43728.8   	
1640.000000	4.74428e+06	1640.000000	4.62515e+06	1640.000000	4.63718e+06	1640.000000	4.64274e+06	1640.000000	35822.5   	1640.000000	21791.9   	1640.000000	34631.9   	1640.000000	29448.6   	1640.000000	44294.9   	
1660.000000	4.81644e+06	1660.000000	4.69529e+06	1660.000000	4.70741e+06	1660.000000	4.71307e+06	1660.000000	36195.7   	1660.000000	22106.6   	1660.000000	35018.3   	1660.000000	29811     	1660.000000	44859     	
1680.000000	4.8886e+06	1680.000000	4.76547e+06	1680.000000	4.77769e+06	1680.000000	4.78343e+06	1680.000000	36566.4   	1680.000000	22421.8   	1680.000000	35402.6   	1680.000000	30171.9   	1680.000000	45421.1   	
1700.000000	4.96076e+06	1700.000000	4.83567e+06	1700.000000	4.848e+06 	1700.000000	4.85383e+06	1700.000000	36934.7   	1700.000000	22737.3   	1700.000000	35784.8   	1700.000000	30531.5   	1700.000000	45981.2   	
1750.000000	5.14115e+06	1750.000000	5.01126e+06	1750.000000	5.02393e+06	1750.000000	5.02999e+06	1750.000000	37844.9   	1750.000000	23527.7   	1750.000000	36731     	1750.000000	31424.1   	1750.000000	47372.9   	
1800.000000	5.32145e+06	1800.000000	5.18695e+06	1800.000000	5.20005e+06	1800.000000	5.20633e+06	1800.000000	38740.5   	1800.000000	24320.2   	1800.000000	37664.3   	1800.000000	32307.9   	1800.000000	48752.2   	
1850.000000	5.50162e+06	1850.000000	5.36267e+06	1850.000000	5.37632e+06	1850.000000	5.38282e+06	1850.000000	39622     	1850.000000	25114.6   	1850.000000	38584.9   	1850.000000	33183     	1850.000000	50119.1   	
1900.000000	5.6816e+06	1900.000000	5.53841e+06	1900.000000	5.55271e+06	1900.000000	5.55943e+06	1900.000000	40489.6   	1900.000000	25910.8   	1900.000000	39493.1   	1900.000000	34049.3   	1900.000000	51473.8   	
1950.000000	5.86133e+06	1950.000000	5.7141e+06	1950.000000	5.72919e+06	1950.000000	5.73613e+06	1950.000000	41343.9   	1950.000000	26708.9   	1950.000000	40389.3   	1950.000000	34907.1   	1950.000000	52816.2   	
2000.000000	6.04078e+06	2000.000000	5.88973e+06	2000.000000	5.90574e+06	2000.000000	5.9129e+06	2000.000000	42185.1   	2000.000000	27508.7   	2000.000000	41273.6   	2000.000000	35756.4   	2000.000000	54146.4   	
2100.000000	6.39863e+06	2100.000000	6.24065e+06	2100.000000	6.25895e+06	2100.000000	6.26654e+06	2100.000000	43830.1   	2100.000000	29114.1   	2100.000000	43008     	2100.000000	37429.8   	2100.000000	56770.9   	
2200.000000	6.75485e+06	2200.000000	6.59092e+06	2200.000000	6.61217e+06	2200.000000	6.62019e+06	2200.000000	45427.3   	2200.000000	30727.5   	2200.000000	44698.3   	2200.000000	39070.5   	2200.000000	59348.1   	
2300.000000	7.10918e+06	2300.000000	6.94035e+06	2300.000000	6.96527e+06	2300.000000	6.97372e+06	2300.000000	46979.4   	2300.000000	32349.3   	2300.000000	46346.8   	2300.000000	40679.4   	2300.000000	61879.1   	
2400.000000	7.46139e+06	2400.000000	7.28877e+06	2400.000000	7.31814e+06	2400.000000	7.32702e+06	2400.000000	48488.9   	2400.000000	33979.2   	2400.000000	47955.3   	2400.000000	42257.3   	2400.000000	64365.1   	
2500.000000	7.81129e+06	2500.000000	7.63603e+06	2500.000000	7.67068e+06	2500.000000	7.67998e+06	2500.000000	49958.1   	2500.000000	35616.7   	2500.000000	49525.9   	2500.000000	43805.4   	2500.000000	66807.2   	
2600.000000	8.15872e+06	2600.000000	7.98199e+06	2600.000000	8.02279e+06	2600.000000	8.03252e+06	2600.000000	51388.9   	2600.000000	37261.1   	2600.000000	51060     	2600.000000	45324.4   	2600.000000	69206.6   	
2700.000000	8.50355e+06	2700.000000	8.32657e+06	2700.000000	8.3744e+06	2700.000000	8.38454e+06	2700.000000	52783.1   	2700.000000	38912.1   	2700.000000	52559.4   	2700.000000	46815.1   	2700.000000	71564.2   	
2800.000000	8.84564e+06	2800.000000	8.66966e+06	2800.000000	8.72545e+06	2800.000000	8.736e+06 	2800.000000	54142.6   	2800.000000	40569.9   	2800.000000	54025.6   	2800.000000	48278.5   	2800.000000	73881.4   	
2900.000000	9.18491e+06	2900.000000	9.01118e+06	2900.000000	9.0759e+06	2900.000000	9.08686e+06	2900.000000	55469.3   	2900.000000	42234.5   	2900.000000	55460.2   	2900.000000	49715.6   	2900.000000	76159.3   	
3000.000000	9.52129e+06	3000.000000	9.35106e+06	3000.000000	9.42572e+06	3000.000000	9.43709e+06	3000.000000	56764.7   	3000.000000	43906.3   	3000.000000	56864.6   	3000.000000	51127.2   	3000.000000	78399.3   	
3200.000000	1.01851e+07	3200.000000	1.00257e+07	3200.000000	1.01234e+07	3200.000000	1.01355e+07	3200.000000	59268.1   	3200.000000	47272     	3200.000000	59588.3   	3200.000000	53877.4   	3200.000000	82770.2   	
3400.000000	1.08366e+07	3400.000000	1.06933e+07	3400.000000	1.08182e+07	3400.000000	1.08312e+07	3400.000000	61663.9   	3400.000000	50667.4   	3400.000000	62206.7   	3400.000000	56535.8   	3400.000000	87003.3   	
3600.000000	1.14757e+07	3600.000000	1.13535e+07	3600.000000	1.15102e+07	3600.000000	1.15239e+07	3600.000000	63961.9   	3600.000000	54092.5   	3600.000000	64728.6   	3600.000000	59108.6   	3600.000000	91107.2   	
3800.000000	1.21022e+07	3800.000000	1.20061e+07	3800.000000	1.21992e+07	3800.000000	1.22138e+07	3800.000000	66170.6   	3800.000000	57546.7   	3800.000000	67162.1   	3800.000000	61601.3   	3800.000000	95090     	
4000.000000	1.27161e+07	4000.000000	1.26512e+07	4000.000000	1.28853e+07	4000.000000	1.29006e+07	4000.000000	68297.6   	4000.000000	61029.6   	4000.000000	69514.2   	4000.000000	64019.3   	4000.000000	98959.4   	
4200.000000	1.33175e+07	4200.000000	1.32886e+07	4200.000000	1.35685e+07	4200.000000	1.35846e+07	4200.000000	70349.3   	4200.000000	64540.7   	4200.000000	71791.3   	4200.000000	66367.3   	4200.000000	102722    	
4400.000000	1.39065e+07	4400.000000	1.39184e+07	4400.000000	1.42488e+07	4400.000000	1.42656e+07	4400.000000	72331.7   	4400.000000	68079.9   	4400.000000	73999.1   	4400.000000	68649.7   	4400.000000	106385    	
4600.000000	1.44833e+07	4600.000000	1.45406e+07	4600.000000	1.49262e+07	4600.000000	1.49438e+07	4600.000000	74250     	4600.000000	71646.8   	4600.000000	76142.7   	4600.000000	70870.7   	4600.000000	109954    	
4800.000000	1.5048e+07	4800.000000	1.51552e+07	4800.000000	1.56008e+07	4800.000000	1.56191e+07	4800.000000	76108.8   	4800.000000	75241.5   	4800.000000	78226.9   	4800.000000	73033.9   	4800.000000	113434    	
5000.000000	1.56009e+07	5000.000000	1.57623e+07	5000.000000	1.62727e+07	5000.000000	1.62917e+07	5000.000000	77912.3   	5000.000000	78863.7   	5000.000000	80255.6   	5000.000000	75142.8   	5000.000000	116830    	
5250.000000	1.62758e+07	5250.000000	1.65109e+07	5250.000000	1.71088e+07	5250.000000	1.71287e+07	5250.000000	80094.5   	5250.000000	83430     	5250.000000	82719.5   	5250.000000	77707.4   	5250.000000	120966    	
5500.000000	1.69331e+07	5500.000000	1.7248e+07	5500.000000	1.79407e+07	5500.000000	1.79616e+07	5500.000000	82202.6   	5500.000000	88038.8   	5500.000000	85109.5   	5500.000000	80197.7   	5500.000000	124987    	
6000.000000	1.8197e+07	6000.000000	1.86892e+07	6000.000000	1.95929e+07	6000.000000	1.96155e+07	6000.000000	86219     	6000.000000	97383.2   	6000.000000	89691.1   	6000.000000	84975.6   	6000.000000	132714    	
6500.000000	1.93966e+07	6500.000000	2.00877e+07	6500.000000	2.12302e+07	6500.000000	2.12545e+07	6500.000000	90000.2   	6500.000000	106894    	6500.000000	94040.7   	6500.000000	89512.3   	6500.000000	140067    	
7000.000000	2.0536e+07	7000.000000	2.14455e+07	7000.000000	2.28536e+07	7000.000000	2.28796e+07	7000.000000	93577.3   	7000.000000	116568    	7000.000000	98191.4   	7000.000000	93837.5   	7000.000000	147090    	
7500.000000	2.16193e+07	7500.000000	2.27645e+07	7500.000000	2.4464e+07	7500.000000	2.44916e+07	7500.000000	96975.6   	7500.000000	126402    	7500.000000	102170    	7500.000000	97976.2   	7500.000000	153821    	
8000.000000	2.265e+07 	8000.000000	2.40466e+07	8000.000000	2.60621e+07	8000.000000	2.60913e+07	8000.000000	100216    	8000.000000	136392    	8000.000000	105999    	8000.000000	101949    	8000.000000	160293    	
8500.000000	2.36317e+07	8500.000000	2.52937e+07	8500.000000	2.76487e+07	8500.000000	2.76795e+07	8500.000000	103315    	8500.000000	146536    	8500.000000	109696    	8500.000000	105775    	8500.000000	166532    	
9000.000000	2.45676e+07	9000.000000	2.65076e+07	9000.000000	2.92245e+07	9000.000000	2.92569e+07	9000.000000	106288    	9000.000000	156830    	9000.000000	113278    	9000.000000	109469    	9000.000000	172564    	
9500.000000	2.54607e+07	9500.000000	2.76897e+07	9500.000000	3.07901e+07	9500.000000	3.08241e+07	9500.000000	109146    	9500.000000	167272    	9500.000000	116757    	9500.000000	113044    	9500.000000	178407    	
10000.000000	2.63137e+07	10000.000000	2.88418e+07	10000.000000	3.2346e+07	10000.000000	3.23816e+07	10000.000000	111902    	10000.000000	177857    	10000.000000	120146    	10000.000000	116512    	10000.000000	184081    	
11000.000000	2.79098e+07	11000.000000	3.10612e+07	11000.000000	3.54311e+07	11000.000000	3.54697e+07	11000.000000	117137    	11000.000000	199448    	11000.000000	126688    	11000.000000	123166    	11000.000000	194980    	
12000.000000	2.9374e+07	12000.000000	3.31765e+07	12000.000000	3.84835e+07	12000.000000	3.8525e+07	12000.000000	122054    	12000.000000	221589    	12000.000000	132967    	12000.000000	129498    	12000.000000	205366    	
13000.000000	3.07217e+07	13000.000000	3.51969e+07	13000.000000	4.15063e+07	13000.000000	4.15505e+07	13000.000000	126698    	13000.000000	244262    	13000.000000	139032    	13000.000000	135561    	13000.000000	215320    	
14000.000000	3.19662e+07	14000.000000	3.71306e+07	14000.000000	4.45019e+07	14000.000000	4.45489e+07	14000.000000	131106    	14000.000000	267435    	14000.000000	144919    	14000.000000	141395    	14000.000000	224909    	
15000.000000	3.31187e+07	15000.000000	3.89848e+07	15000.000000	4.74725e+07	15000.000000	4.75225e+07	15000.000000	135306    	15000.000000	291079    	15000.000000	150657    	15000.000000	147033    	15000.000000	234184    	
16000.000000	3.4189e+07	16000.000000	4.07658e+07	16000.000000	5.04202e+07	16000.000000	5.04733e+07	16000.000000	139323    	16000.000000	315179    	16000.000000	156268    	16000.000000	152503    	16000.000000	243188    	
17000.000000	3.51855e+07	17000.000000	4.24792e+07	17000.000000	5.33466e+07	17000.000000	5.34029e+07	17000.000000	143177    	17000.000000	339726    	17000.000000	161770    	17000.000000	157827    	17000.000000	251957    	
18000.000000	3.61156e+07	18000.000000	4.41301e+07	18000.000000	5.62534e+07	18000.000000	5.63128e+07	18000.000000	146884    	18000.000000	364716    	18000.000000	167177    	18000.000000	163024    	18000.000000	260521    	
19000.000000	3.69855e+07	19000.000000	4.57231e+07	19000.000000	5.91422e+07	19000.000000	5.92045e+07	19000.000000	150460    	19000.000000	390145    	19000.000000	172502    	19000.000000	168108    	19000.000000	268904    	
20000.000000	3.78009e+07	20000.000000	4.7262e+07	20000.000000	6.2014e+07	20000.000000	6.2079e+07	20000.000000	153916    	20000.000000	416006    	20000.000000	177753    	20000.000000	173093    	20000.000000	277128    	
21000.000000	3.85666e+07	21000.000000	4.87505e+07	21000.000000	6.487e+07 	21000.000000	6.49375e+07	21000.000000	157264    	21000.000000	442293    	21000.000000	182938    	21000.000000	177989    	21000.000000	285208    	
22000.000000	3.92871e+07	22000.000000	5.0192e+07	22000.000000	6.77111e+07	22000.000000	6.77808e+07	22000.000000	160511    	22000.000000	468989    	22000.000000	188062    	22000.000000	182805    	22000.000000	293160    	
23000.000000	3.99661e+07	23000.000000	5.15893e+07	23000.000000	7.05379e+07	23000.000000	7.06099e+07	23000.000000	163665    	23000.000000	496085    	23000.000000	193130    	23000.000000	187548    	23000.000000	300995    	
24000.000000	4.06071e+07	24000.000000	5.29451e+07	24000.000000	7.33512e+07	24000.000000	7.34255e+07	24000.000000	166734    	24000.000000	523572    	24000.000000	198146    	24000.000000	192224    	24000.000000	308724    	
25000.000000	4.12131e+07	25000.000000	5.4262e+07	25000.000000	7.61517e+07	25000.000000	7.62283e+07	25000.000000	169722    	25000.000000	551420    	25000.000000	203114    	25000.000000	196840    	25000.000000	316357    	
26000.000000	4.17869e+07	26000.000000	5.55421e+07	26000.000000	7.89402e+07	26000.000000	7.90189e+07	26000.000000	172637    	26000.000000	579610    	26000.000000	208035    	26000.000000	201400    	26000.000000	323901    	
27000.000000	4.23309e+07	27000.000000	5.67875e+07	27000.000000	8.1717e+07	27000.000000	8.1798e+07	27000.000000	175481    	27000.000000	608150    	27000.000000	212913    	27000.000000	205907    	27000.000000	331362    	
28000.000000	4.28473e+07	28000.000000	5.8e+07   	28000.000000	8.44829e+07	28000.000000	8.45661e+07	28000.000000	178261    	28000.000000	637047    	28000.000000	217749    	28000.000000	210367    	28000.000000	338747    	
29000.000000	4.33381e+07	29000.000000	5.91815e+07	29000.000000	8.72382e+07	29000.000000	8.73236e+07	29000.000000	180980    	29000.000000	666300    	29000.000000	222545    	29000.000000	214781    	29000.000000	346061    	
30000.000000	4.38052e+07	30000.000000	6.03334e+07	30000.000000	8.99836e+07	30000.000000	9.00711e+07	30000.000000	183641    	30000.000000	695904    	30000.000000	227302    	30000.000000	219152    	30000.000000	353307    	
32000.000000	4.46744e+07	32000.000000	6.25547e+07	32000.000000	9.5446e+07	32000.000000	9.55375e+07	32000.000000	188805    	32000.000000	756123    	32000.000000	236702    	32000.000000	227774    	32000.000000	367614    	
34000.000000	4.54665e+07	34000.000000	6.46743e+07	34000.000000	1.00873e+08	34000.000000	1.00968e+08	34000.000000	193775    	34000.000000	817626    	34000.000000	245956    	34000.000000	236249    	34000.000000	381692    	
36000.000000	4.61909e+07	36000.000000	6.67015e+07	36000.000000	1.06268e+08	36000.000000	1.06366e+08	36000.000000	198571    	36000.000000	880347    	36000.000000	255070    	36000.000000	244589    	36000.000000	395561    	
38000.000000	4.68557e+07	38000.000000	6.86442e+07	38000.000000	1.11632e+08	38000.000000	1.11734e+08	38000.000000	203207    	38000.000000	944245    	38000.000000	264049    	38000.000000	252801    	38000.000000	409236    	
40000.000000	4.74677e+07	40000.000000	7.05092e+07	40000.000000	1.16967e+08	40000.000000	1.17072e+08	40000.000000	207699    	40000.000000	1.00929e+06	40000.000000	272894    	40000.000000	260895    	40000.000000	422728    	
42000.000000	4.80328e+07	42000.000000	7.23029e+07	42000.000000	1.22276e+08	42000.000000	1.22384e+08	42000.000000	212059    	42000.000000	1.07546e+06	42000.000000	281608    	42000.000000	268875    	42000.000000	436047    	
44000.000000	4.85559e+07	44000.000000	7.40305e+07	44000.000000	1.2756e+08	44000.000000	1.27671e+08	44000.000000	216296    	44000.000000	1.14273e+06	44000.000000	290195    	44000.000000	276746    	44000.000000	449200    	
46000.000000	4.90415e+07	46000.000000	7.56969e+07	46000.000000	1.3282e+08	46000.000000	1.32934e+08	46000.000000	220420    	46000.000000	1.21109e+06	46000.000000	298657    	46000.000000	284512    	46000.000000	462194    	
48000.000000	4.94932e+07	48000.000000	7.73065e+07	48000.000000	1.38058e+08	48000.000000	1.38175e+08	48000.000000	224440    	48000.000000	1.28052e+06	48000.000000	306995    	48000.000000	292176    	48000.000000	475034    	
50000.000000	4.99142e+07	50000.000000	7.8863e+07	50000.000000	1.43276e+08	50000.000000	1.43395e+08	50000.000000	228362    	50000.000000	1.35099e+06	50000.000000	315213    	50000.000000	299742    	50000.000000	487724    	
