*Energy (MeV/u)1	0 - [He-base] F.Hubert et al, AD&ND Tables 46(1990)1	Energy (MeV/u)2	1 - [H -base] J.F.Ziegler et al, Pergamon Press, NY (low energy)	Energy (MeV/u)3	2 - ATIMA 1.2  LS-theory (recommended for high energy)	Energy (MeV/u)4	3 - ATIMA 1.2  without LS-correction	Energy (MeV/u)5	4 - Range straggling - method [0] - LISE	Energy (MeV/u)6	5 - Range straggling - method [1] - Atima	Energy (MeV/u)7	6 - Lateral range - method [0] - LISE	Energy (MeV/u)8	7 - Lateral range - method [1] - Atima	Energy (MeV/u)9	8 - Lateral range - method [2] - PDG	
0.001000	0.137087  	0.001000	0.137087  	0.001000	0.152187  	0.001000	0.152187  	0.001000	0         	0.001000	0         	0.001000	0.000959248	0.001000	0.00141263	0.001000	0.00085677	
0.002000	0.274211  	0.002000	0.274175  	0.002000	0.304374  	0.002000	0.304374  	0.002000	0.0243052 	0.002000	0.0243052 	0.002000	0.00281033	0.002000	0.0039996 	0.002000	0.00256792	
0.005000	0.560751  	0.005000	0.560639  	0.005000	0.62277   	0.005000	0.62277   	0.005000	0.0271626 	0.005000	0.0271626 	0.005000	0.0080022 	0.005000	0.0111633 	0.005000	0.00740209	
0.008000	0.775933  	0.008000	0.775763  	0.008000	0.862083  	0.008000	0.862083  	0.008000	0.0272292 	0.008000	0.0272292 	0.008000	0.0127885 	0.008000	0.0175593 	0.008000	0.0119065 	
0.010000	0.899694  	0.010000	0.899491  	0.010000	0.999774  	0.010000	0.999774  	0.010000	0.0274394 	0.010000	0.0274394 	0.010000	0.0158971 	0.010000	0.0214261 	0.010000	0.0148445 	
0.015000	1.16549   	0.015000	1.16522   	0.015000	1.29849   	0.015000	1.29849   	0.015000	0.0284213 	0.015000	0.0284213 	0.015000	0.0235672 	0.015000	0.0299137 	0.015000	0.0221194 	
0.020000	1.39605   	0.020000	1.39572   	0.020000	1.55537   	0.020000	1.55537   	0.020000	0.0296769 	0.020000	0.0296769 	0.020000	0.0309788 	0.020000	0.0373651 	0.020000	0.0293492 	
0.025000	1.60439   	0.025000	1.604     	0.025000	1.78494   	0.025000	1.78494   	0.025000	0.0309743 	0.025000	0.0309743 	0.025000	0.0377943 	0.025000	0.0441536 	0.025000	0.0362585 	
0.030000	1.79594   	0.030000	1.7955    	0.030000	1.98511   	0.030000	1.98511   	0.030000	0.0320657 	0.030000	0.0320657 	0.030000	0.0438876 	0.030000	0.0501678 	0.030000	0.0423942 	
0.035000	1.97475   	0.035000	1.97426   	0.035000	2.1624    	0.035000	2.1624    	0.035000	0.0329667 	0.035000	0.0329667 	0.035000	0.0493905 	0.035000	0.05555   	0.035000	0.0479378 	
0.040000	2.1439    	0.040000	2.14336   	0.040000	2.32841   	0.040000	2.32841   	0.040000	0.0338116 	0.040000	0.0338116 	0.040000	0.0546156 	0.040000	0.060637  	0.040000	0.0532098 	
0.045000	2.30572   	0.045000	2.30514   	0.045000	2.48782   	0.045000	2.48782   	0.045000	0.0346424 	0.045000	0.0346424 	0.045000	0.0597009 	0.045000	0.0655343 	0.045000	0.0583509 	
0.050000	2.46195   	0.050000	2.46133   	0.050000	2.64269   	0.050000	2.64269   	0.050000	0.0354713 	0.050000	0.036086  	0.050000	0.0646933 	0.050000	0.0703804 	0.050000	0.063397  	
0.055000	2.61392   	0.055000	2.61326   	0.055000	2.79414   	0.055000	2.79414   	0.055000	0.0363021 	0.055000	0.0377909 	0.055000	0.0696413 	0.055000	0.0751781 	0.055000	0.0684019 	
0.060000	2.76263   	0.060000	2.76193   	0.060000	2.94293   	0.060000	2.94293   	0.060000	0.0371367 	0.060000	0.0394034 	0.060000	0.0745638 	0.060000	0.0800408 	0.060000	0.0733755 	
0.070000	3.0533    	0.070000	3.05253   	0.070000	3.23477   	0.070000	3.23477   	0.070000	0.0388239 	0.070000	0.042428  	0.070000	0.0834035 	0.070000	0.0888496 	0.070000	0.0822833 	
0.080000	3.33858   	0.080000	3.33773   	0.080000	3.52179   	0.080000	3.52179   	0.080000	0.0405471 	0.080000	0.0452742 	0.080000	0.091244  	0.080000	0.0968401 	0.080000	0.0901699 	
0.090000	3.62154   	0.090000	3.62061   	0.090000	3.8066    	0.090000	3.8066    	0.090000	0.0423211 	0.090000	0.0480163 	0.090000	0.0985233 	0.090000	0.104409  	0.090000	0.0974519 	
0.100000	3.90434   	0.100000	3.90334   	0.100000	4.09115   	0.100000	4.09115   	0.100000	0.0441595 	0.100000	0.0507051 	0.100000	0.105304  	0.100000	0.111569  	0.100000	0.104223  	
0.120000	4.47541   	0.120000	4.47425   	0.120000	4.6651    	0.120000	4.6651    	0.120000	0.048075  	0.120000	0.0560569 	0.120000	0.118186  	0.120000	0.12547   	0.120000	0.117061  	
0.140000	5.06034   	0.140000	5.05904   	0.140000	5.25195   	0.140000	5.25195   	0.140000	0.0523675 	0.140000	0.0615175 	0.140000	0.130465  	0.140000	0.13894   	0.140000	0.129256  	
0.160000	5.66429   	0.160000	5.66283   	0.160000	5.85682   	0.160000	5.85682   	0.160000	0.0570862 	0.160000	0.067192  	0.160000	0.142274  	0.160000	0.152047  	0.160000	0.140987  	
0.180000	6.29043   	0.180000	6.2888    	0.180000	6.48291   	0.180000	6.48291   	0.180000	0.0622612 	0.180000	0.0731397 	0.180000	0.153704  	0.180000	0.164854  	0.180000	0.152342  	
0.200000	6.9407    	0.200000	6.93889   	0.200000	7.13222   	0.200000	7.13222   	0.200000	0.0679065 	0.200000	0.0793917 	0.200000	0.164817  	0.200000	0.177338  	0.200000	0.163385  	
0.250000	8.67793   	0.250000	8.67567   	0.250000	8.8633    	0.250000	8.8633    	0.250000	0.0840694 	0.250000	0.096408  	0.250000	0.19388   	0.250000	0.209872  	0.250000	0.192255  	
0.300000	10.5771   	0.300000	10.5743   	0.300000	10.7514   	0.300000	10.7514   	0.300000	0.103004  	0.300000	0.115321  	0.300000	0.224126  	0.300000	0.243655  	0.300000	0.222342  	
0.350000	12.6345   	0.350000	12.6312   	0.350000	12.7934   	0.350000	12.7934   	0.350000	0.124431  	0.350000	0.135914  	0.350000	0.255134  	0.350000	0.278263  	0.350000	0.253237  	
0.400000	14.8438   	0.400000	14.8399   	0.400000	14.9834   	0.400000	14.9834   	0.400000	0.148067  	0.400000	0.157949  	0.400000	0.287793  	0.400000	0.314475  	0.400000	0.285849  	
0.450000	17.1976   	0.450000	17.1931   	0.450000	17.3145   	0.450000	17.3145   	0.450000	0.173672  	0.450000	0.181224  	0.450000	0.321737  	0.450000	0.351899  	0.450000	0.31978   	
0.500000	19.6895   	0.500000	19.6843   	0.500000	19.7807   	0.500000	19.7807   	0.500000	0.201055  	0.500000	0.205578  	0.500000	0.357065  	0.500000	0.39062   	0.500000	0.35515   	
0.600000	25.064    	0.600000	25.0574   	0.600000	25.0964   	0.600000	25.0964   	0.600000	0.260598  	0.600000	0.257069  	0.600000	0.431388  	0.600000	0.47136   	0.600000	0.429672  	
0.700000	30.9285   	0.700000	30.9203   	0.700000	30.8941   	0.700000	30.8941   	0.700000	0.325879  	0.700000	0.311771  	0.700000	0.51054   	0.700000	0.556357  	0.700000	0.509165  	
0.800000	37.2536   	0.800000	37.2437   	0.800000	37.1463   	0.800000	37.1463   	0.800000	0.396393  	0.800000	0.369317  	0.800000	0.59433   	0.800000	0.645346  	0.800000	0.593419  	
0.900000	44.0166   	0.900000	44.0049   	0.900000	43.8318   	0.900000	43.8318   	0.900000	0.471815  	0.900000	0.429485  	0.900000	0.682446  	0.900000	0.73801   	0.900000	0.682119  	
1.000000	51.1994   	1.000000	51.1858   	1.000000	50.9336   	1.000000	50.9336   	1.000000	0.551914  	1.000000	0.492131  	1.000000	0.774838  	1.000000	0.834294  	1.000000	0.775193  	
1.250000	70.9012   	1.250000	70.8824   	1.250000	70.4235   	1.250000	70.4235   	1.250000	0.771598  	1.250000	0.658973  	1.250000	1.02289   	1.250000	1.08931   	1.250000	1.02536   	
1.500000	92.962    	1.500000	92.9373   	1.500000	92.2675   	1.500000	92.2675   	1.500000	1.01766   	1.500000	0.839612  	1.500000	1.29435   	1.500000	1.36383   	1.500000	1.29944   	
1.750000	117.254   	1.750000	117.223   	1.750000	116.345   	1.750000	116.345   	1.750000	1.28883   	1.750000	1.03329   	1.750000	1.58884   	1.750000	1.65747   	1.750000	1.59694   	
2.000000	143.677   	2.000000	143.639   	2.000000	142.563   	2.000000	142.563   	2.000000	1.58412   	2.000000	1.2394    	2.000000	1.90551   	2.000000	1.96951   	2.000000	1.91697   	
2.250000	172.152   	2.250000	172.106   	2.250000	170.846   	2.250000	170.846   	2.250000	1.90274   	2.250000	1.45743   	2.250000	2.24355   	2.250000	2.29919   	2.250000	2.25868   	
2.500000	202.627   	2.500000	202.557   	2.500000	201.129   	2.500000	201.129   	2.500000	2.244     	2.500000	1.68698   	2.500000	2.60226   	2.500000	2.64586   	2.500000	2.62131   	
3.000000	270.048   	3.000000	269.183   	3.000000	267.484   	3.000000	267.484   	3.000000	2.99209   	3.000000	2.17927   	3.000000	3.37925   	3.000000	3.3879    	3.000000	3.40687   	
3.500000	344.438   	3.500000	343.134   	3.500000	341.264   	3.500000	341.264   	3.500000	3.82438   	3.500000	2.71379   	3.500000	4.23249   	3.500000	4.19185   	3.500000	4.26949   	
4.000000	425.587   	4.000000	424.103   	4.000000	422.179   	4.000000	422.179   	4.000000	4.73756   	4.000000	3.2885    	4.000000	5.15876   	4.000000	5.05465   	4.000000	5.20581   	
4.500000	513.314   	4.500000	511.836   	4.500000	509.986   	4.500000	509.986   	4.500000	5.72889   	4.500000	3.90168   	4.500000	6.15539   	4.500000	5.97377   	4.500000	6.21307   	
5.000000	607.467   	5.000000	606.12    	5.000000	604.481   	5.000000	604.481   	5.000000	6.79601   	5.000000	4.55187   	5.000000	7.22008   	5.000000	6.947     	5.000000	7.2889    	
5.500000	707.907   	5.500000	706.768   	5.500000	705.487   	5.500000	705.487   	5.500000	7.93687   	5.500000	5.2378    	5.500000	8.35084   	5.500000	7.97246   	5.500000	8.43126   	
6.000000	814.514   	6.000000	813.618   	6.000000	812.848   	6.000000	812.848   	6.000000	9.14966   	6.000000	5.95835   	6.000000	9.54594   	6.000000	9.04849   	6.000000	9.63834   	
6.500000	927.18    	6.500000	926.526   	6.500000	926.427   	6.500000	926.427   	6.500000	10.4328   	6.500000	6.71255   	6.500000	10.8039   	6.500000	10.1737   	6.500000	10.9086   	
7.000000	1045.8    	7.000000	1045.36   	7.000000	1046.1    	7.000000	1046.1    	7.000000	11.7848   	7.000000	7.4995    	7.000000	12.1232   	7.000000	11.3466   	7.000000	12.2406   	
7.500000	1170.3    	7.500000	1170.01   	7.500000	1171.75   	7.500000	1171.75   	7.500000	13.2043   	7.500000	8.3184    	7.500000	13.5027   	7.500000	12.5662   	7.500000	13.6331   	
8.000000	1300.57   	8.000000	1300.36   	8.000000	1303.29   	8.000000	1303.29   	8.000000	14.6903   	8.000000	9.16856   	8.000000	14.9412   	8.000000	13.8313   	8.000000	15.0848   	
8.500000	1436.55   	8.500000	1436.32   	8.500000	1440.61   	8.500000	1440.61   	8.500000	16.2415   	8.500000	10.0494   	8.500000	16.4377   	8.500000	15.1411   	8.500000	16.5949   	
9.000000	1578.17   	9.000000	1577.8    	9.000000	1583.63   	9.000000	1583.63   	9.000000	17.857    	9.000000	10.9602   	9.000000	17.9913   	9.000000	16.4945   	9.000000	18.1622   	
9.500000	1725.35   	9.500000	1724.71   	9.500000	1732.27   	9.500000	1732.27   	9.500000	19.5357   	9.500000	11.9004   	9.500000	19.601    	9.500000	17.8908   	9.500000	19.7859   	
10.000000	1878.03   	10.000000	1876.94   	10.000000	1886.45   	10.000000	1886.45   	10.000000	21.277    	10.000000	12.8693   	10.000000	21.266    	10.000000	19.3292   	10.000000	21.4651   	
11.000000	2199.67   	11.000000	2194.05   	11.000000	2210.82   	11.000000	2210.82   	11.000000	24.932    	11.000000	14.8942   	11.000000	24.7533   	11.000000	22.325    	11.000000	24.9814   	
12.000000	2542.64   	12.000000	2529.82   	12.000000	2555.87   	12.000000	2555.86   	12.000000	28.8066   	12.000000	17.0557   	12.000000	28.4411   	12.000000	25.4714   	12.000000	28.6989   	
13.000000	2906.52   	13.000000	2884.27   	13.000000	2921.14   	13.000000	2921.12   	13.000000	32.8971   	13.000000	19.3491   	13.000000	32.3233   	13.000000	28.7631   	13.000000	32.6117   	
14.000000	3290.96   	14.000000	3257.36   	14.000000	3306.21   	14.000000	3306.18   	14.000000	37.2      	14.000000	21.7626   	14.000000	36.3948   	14.000000	32.1955   	14.000000	36.7146   	
15.000000	3695.62   	15.000000	3649      	15.000000	3710.7    	15.000000	3710.68   	15.000000	41.712    	15.000000	24.2894   	15.000000	40.6516   	15.000000	35.765    	15.000000	41.0035   	
16.000000	4120.18   	16.000000	4059.1    	16.000000	4134.28   	16.000000	4134.27   	16.000000	46.4296   	16.000000	26.9237   	16.000000	45.0898   	16.000000	39.4684   	16.000000	45.4748   	
17.000000	4564.34   	17.000000	4487.55   	17.000000	4576.62   	17.000000	4576.62   	17.000000	51.3491   	17.000000	29.6592   	17.000000	49.7059   	17.000000	43.3026   	17.000000	50.1248   	
18.000000	5027.84   	18.000000	4934.24   	18.000000	5037.42   	18.000000	5037.46   	18.000000	56.4671   	18.000000	32.4912   	18.000000	54.4967   	18.000000	47.2648   	18.000000	54.9505   	
19.000000	5510.41   	19.000000	5399.04   	19.000000	5516.41   	19.000000	5516.5    	19.000000	61.7811   	19.000000	35.4169   	19.000000	59.4595   	19.000000	51.3528   	19.000000	59.9491   	
20.000000	6011.8    	20.000000	5881.82   	20.000000	6013.34   	20.000000	6013.49   	20.000000	67.2884   	20.000000	38.4336   	20.000000	64.5916   	20.000000	55.5643   	20.000000	65.1183   	
21.000000	6531.8    	21.000000	6382.47   	21.000000	6527.98   	21.000000	6528.2    	21.000000	72.9861   	21.000000	41.5387   	21.000000	69.8905   	21.000000	59.8971   	21.000000	70.4554   	
22.000000	7070.17   	22.000000	6900.85   	22.000000	7060.11   	22.000000	7060.39   	22.000000	78.8719   	22.000000	44.7304   	22.000000	75.3541   	22.000000	64.3496   	22.000000	75.9584   	
23.000000	7626.71   	23.000000	7436.83   	23.000000	7609.51   	23.000000	7609.86   	23.000000	84.9431   	23.000000	48.0067   	23.000000	80.9799   	23.000000	68.9197   	23.000000	81.625    	
24.000000	8201.22   	24.000000	7990.29   	24.000000	8175.94   	24.000000	8176.38   	24.000000	91.1964   	24.000000	51.3647   	24.000000	86.7655   	24.000000	73.6053   	24.000000	87.4528   	
25.000000	8793.51   	25.000000	8561.11   	25.000000	8759.19   	25.000000	8759.77   	25.000000	97.6283   	25.000000	54.8014   	25.000000	92.7083   	25.000000	78.4045   	25.000000	93.4394   	
27.000000	10030.7   	27.000000	9754.32   	27.000000	9975.37   	27.000000	9976.38   	27.000000	111.019   	27.000000	61.9059   	27.000000	105.057   	27.000000	88.3367   	27.000000	105.881   	
29.000000	11336.8   	29.000000	11015.5   	29.000000	11256.8   	29.000000	11258.3   	29.000000	125.102   	29.000000	69.3167   	29.000000	118.012   	29.000000	98.7049   	29.000000	118.935   	
31.000000	12710.7   	31.000000	12343.7   	31.000000	12602.4   	31.000000	12604.5   	31.000000	139.872   	31.000000	77.0307   	31.000000	131.565   	31.000000	109.502   	31.000000	132.596   	
33.000000	14151     	33.000000	13738     	33.000000	14013.6   	33.000000	14016.3   	33.000000	155.39    	33.000000	85.0744   	33.000000	145.74    	33.000000	120.746   	33.000000	146.887   	
35.000000	15656.8   	35.000000	15197.6   	35.000000	15489.8   	35.000000	15493.1   	35.000000	171.652   	35.000000	93.4456   	35.000000	160.536   	35.000000	132.433   	35.000000	161.809   	
38.000000	18035.6   	38.000000	17507.4   	38.000000	17823.7   	38.000000	17827.9   	38.000000	197.389   	38.000000	106.597   	38.000000	183.874   	38.000000	150.779   	38.000000	185.356   	
41.000000	20555.8   	41.000000	19959.4   	41.000000	20297.9   	41.000000	20303.7   	41.000000	224.687   	41.000000	120.422   	41.000000	208.556   	41.000000	170.087   	41.000000	210.273   	
44.000000	23214.2   	44.000000	22550.8   	44.000000	22910.2   	44.000000	22917.5   	44.000000	253.51    	44.000000	134.906   	44.000000	234.558   	44.000000	190.337   	44.000000	236.539   	
47.000000	26008     	47.000000	25279.2   	47.000000	25657.9   	47.000000	25666.7   	47.000000	283.814   	47.000000	150.028   	47.000000	261.851   	47.000000	211.507   	47.000000	264.128   	
50.000000	28934.4   	50.000000	28142.2   	50.000000	28538.4   	50.000000	28548.9   	50.000000	315.559   	50.000000	165.768   	50.000000	290.404   	50.000000	233.576   	50.000000	293.015   	
55.000000	34099.8   	55.000000	33206.5   	55.000000	33628.1   	55.000000	33641.5   	55.000000	371.571   	55.000000	193.333   	55.000000	340.72    	55.000000	272.301   	55.000000	343.972   	
60.000000	39615.8   	60.000000	38627.9   	60.000000	39070.3   	60.000000	39086.6   	60.000000	431.327   	60.000000	222.506   	60.000000	394.341   	60.000000	313.375   	60.000000	398.35    	
65.000000	45472.5   	65.000000	44396.9   	65.000000	44854.5   	65.000000	44874.9   	65.000000	494.656   	65.000000	253.187   	65.000000	451.141   	65.000000	356.708   	65.000000	456.038   	
70.000000	51660.7   	70.000000	50504.2   	70.000000	50972.7   	70.000000	50997.4   	70.000000	561.448   	70.000000	285.349   	70.000000	511.016   	70.000000	402.226   	70.000000	516.945   	
75.000000	58172     	75.000000	56941.4   	75.000000	57416.7   	75.000000	57446     	75.000000	631.583   	75.000000	318.917   	75.000000	573.869   	75.000000	449.859   	75.000000	580.983   	
80.000000	64998.4   	80.000000	63700.1   	80.000000	64178.9   	80.000000	64213     	80.000000	704.943   	80.000000	353.864   	80.000000	639.602   	80.000000	499.542   	80.000000	648.069   	
85.000000	72132.6   	85.000000	70772.7   	85.000000	71251.8   	85.000000	71290.8   	85.000000	781.414   	85.000000	390.15    	85.000000	708.124   	85.000000	551.211   	85.000000	718.121   	
90.000000	79567.5   	90.000000	78151.7   	90.000000	78628.6   	90.000000	78672.5   	90.000000	860.895   	90.000000	427.718   	90.000000	779.349   	90.000000	604.809   	90.000000	791.063   	
95.000000	87296.7   	95.000000	85829.8   	95.000000	86301.6   	95.000000	86351.5   	95.000000	943.254   	95.000000	466.495   	95.000000	853.18    	95.000000	660.269   	95.000000	866.811   	
100.000000	95314     	100.000000	93800.5   	100.000000	94264.6   	100.000000	94321.2   	100.000000	1028.4    	100.000000	506.451   	100.000000	929.538   	100.000000	717.539   	100.000000	945.293   	
105.000000	103613    	105.000000	102057    	105.000000	102512    	105.000000	102576    	105.000000	1116.26   	105.000000	547.588   	105.000000	1008.35   	105.000000	776.573   	105.000000	1026.45   	
110.000000	112190    	110.000000	110593    	110.000000	111038    	110.000000	111109    	110.000000	1206.75   	110.000000	589.872   	110.000000	1089.56   	110.000000	837.323   	110.000000	1110.22   	
115.000000	121037    	115.000000	119403    	115.000000	119837    	115.000000	119915    	115.000000	1299.78   	115.000000	633.263   	115.000000	1173.07   	115.000000	899.743   	115.000000	1196.54   	
120.000000	130151    	120.000000	128480    	120.000000	128903    	120.000000	128989    	120.000000	1395.26   	120.000000	677.701   	120.000000	1258.83   	120.000000	963.788   	120.000000	1285.34   	
125.000000	139526    	125.000000	137819    	125.000000	138232    	125.000000	138325    	125.000000	1493.12   	125.000000	723.159   	125.000000	1346.78   	125.000000	1029.42   	125.000000	1376.58   	
130.000000	149157    	130.000000	147415    	130.000000	147817    	130.000000	147918    	130.000000	1593.27   	130.000000	769.645   	130.000000	1436.83   	130.000000	1096.58   	130.000000	1470.19   	
135.000000	159042    	135.000000	157262    	135.000000	157655    	135.000000	157763    	135.000000	1695.65   	135.000000	817.128   	135.000000	1528.95   	135.000000	1165.26   	135.000000	1566.12   	
140.000000	169174    	140.000000	167356    	140.000000	167739    	140.000000	167856    	140.000000	1800.18   	140.000000	865.551   	140.000000	1623.05   	140.000000	1235.39   	140.000000	1664.31   	
145.000000	179550    	145.000000	177691    	145.000000	178065    	145.000000	178192    	145.000000	1906.76   	145.000000	914.882   	145.000000	1719.08   	145.000000	1306.93   	145.000000	1764.7    	
150.000000	190166    	150.000000	188263    	150.000000	188629    	150.000000	188765    	150.000000	2015.33   	150.000000	965.112   	150.000000	1816.98   	150.000000	1379.86   	150.000000	1867.25   	
155.000000	201172    	155.000000	199066    	155.000000	199426    	155.000000	199573    	155.000000	2125.86   	155.000000	1016.23   	155.000000	1916.71   	155.000000	1454.15   	155.000000	1971.92   	
160.000000	212407    	160.000000	210098    	160.000000	210453    	160.000000	210610    	160.000000	2238.29   	160.000000	1068.2    	160.000000	2018.21   	160.000000	1529.76   	160.000000	2078.65   	
165.000000	223860    	165.000000	221352    	165.000000	221705    	165.000000	221873    	165.000000	2352.54   	165.000000	1121.02   	165.000000	2121.44   	165.000000	1606.66   	165.000000	2187.41   	
170.000000	235529    	170.000000	232825    	170.000000	233179    	170.000000	233357    	170.000000	2468.55   	170.000000	1174.66   	170.000000	2226.34   	170.000000	1684.81   	170.000000	2298.15   	
175.000000	247409    	175.000000	244514    	175.000000	244869    	175.000000	245058    	175.000000	2586.28   	175.000000	1229.07   	175.000000	2332.87   	175.000000	1764.2    	175.000000	2410.82   	
180.000000	259497    	180.000000	256413    	180.000000	256773    	180.000000	256973    	180.000000	2705.67   	180.000000	1284.24   	180.000000	2440.98   	180.000000	1844.78   	180.000000	2525.38   	
185.000000	271788    	185.000000	268520    	185.000000	268887    	185.000000	269098    	185.000000	2826.66   	185.000000	1340.19   	185.000000	2550.62   	185.000000	1926.53   	185.000000	2641.8    	
190.000000	284280    	190.000000	280830    	190.000000	281207    	190.000000	281430    	190.000000	2949.2    	190.000000	1396.87   	190.000000	2661.76   	190.000000	2009.42   	190.000000	2760.03   	
195.000000	296969    	195.000000	293339    	195.000000	293729    	195.000000	293964    	195.000000	3073.24   	195.000000	1454.25   	195.000000	2774.34   	195.000000	2093.42   	195.000000	2880.02   	
200.000000	309852    	200.000000	306045    	200.000000	306451    	200.000000	306697    	200.000000	3198.73   	200.000000	1512.35   	200.000000	2888.34   	200.000000	2178.51   	200.000000	3001.76   	
210.000000	336187    	210.000000	332031    	210.000000	332477    	210.000000	332747    	210.000000	3453.85   	210.000000	1630.61   	210.000000	3120.38   	210.000000	2351.85   	210.000000	3250.27   	
220.000000	363258    	220.000000	358761    	220.000000	359256    	220.000000	359555    	220.000000	3714.13   	220.000000	1751.4    	220.000000	3357.54   	220.000000	2529.2    	220.000000	3505.24   	
230.000000	391045    	230.000000	386211    	230.000000	386768    	230.000000	387096    	230.000000	3979.34   	230.000000	1874.67   	230.000000	3599.58   	230.000000	2710.42   	230.000000	3766.43   	
240.000000	419523    	240.000000	414355    	240.000000	414987    	240.000000	415345    	240.000000	4249.15   	240.000000	2000.32   	240.000000	3846.21   	240.000000	2895.32   	240.000000	4033.59   	
250.000000	448672    	250.000000	443171    	250.000000	443892    	250.000000	444279    	250.000000	4523.24   	250.000000	2128.25   	250.000000	4097.17   	250.000000	3083.74   	250.000000	4306.45   	
260.000000	478472    	260.000000	472637    	260.000000	473460    	260.000000	473877    	260.000000	4801.33   	260.000000	2258.37   	260.000000	4352.22   	260.000000	3275.5    	260.000000	4584.79   	
270.000000	508904    	270.000000	502733    	270.000000	503670    	270.000000	504118    	270.000000	5083.15   	270.000000	2390.59   	270.000000	4611.12   	270.000000	3470.47   	270.000000	4868.38   	
280.000000	539949    	280.000000	533437    	280.000000	534502    	280.000000	534982    	280.000000	5368.44   	280.000000	2524.85   	280.000000	4873.64   	280.000000	3668.49   	280.000000	5156.98   	
290.000000	571590    	290.000000	564733    	290.000000	565938    	290.000000	566450    	290.000000	5656.97   	290.000000	2661      	290.000000	5139.58   	290.000000	3869.42   	290.000000	5450.4    	
300.000000	603809    	300.000000	596600    	300.000000	597957    	300.000000	598502    	300.000000	5948.49   	300.000000	2798.91   	300.000000	5408.73   	300.000000	4073.13   	300.000000	5748.43   	
310.000000	636592    	310.000000	629021    	310.000000	630540    	310.000000	631121    	310.000000	6242.7    	310.000000	2938.58   	310.000000	5680.85   	310.000000	4279.46   	310.000000	6050.83   	
320.000000	669921    	320.000000	661981    	320.000000	663670    	320.000000	664290    	320.000000	6539.45   	320.000000	3079.92   	320.000000	5955.81   	320.000000	4488.31   	320.000000	6357.45   	
330.000000	703783    	330.000000	695462    	330.000000	697334    	330.000000	697992    	330.000000	6838.6    	330.000000	3222.81   	330.000000	6233.43   	330.000000	4699.58   	330.000000	6668.13   	
340.000000	738162    	340.000000	729450    	340.000000	731515    	340.000000	732212    	340.000000	7139.95   	340.000000	3367.19   	340.000000	6513.54   	340.000000	4913.14   	340.000000	6982.68   	
350.000000	773046    	350.000000	763929    	350.000000	766197    	350.000000	766933    	350.000000	7443.33   	350.000000	3513.12   	350.000000	6796      	350.000000	5128.9    	350.000000	7300.95   	
360.000000	808421    	360.000000	798885    	360.000000	801367    	360.000000	802143    	360.000000	7748.57   	360.000000	3660.56   	360.000000	7080.65   	360.000000	5346.75   	360.000000	7622.78   	
370.000000	844273    	370.000000	834305    	370.000000	837009    	370.000000	837825    	370.000000	8055.52   	370.000000	3809.37   	370.000000	7367.35   	370.000000	5566.59   	370.000000	7948.03   	
380.000000	880591    	380.000000	870175    	380.000000	873110    	380.000000	873966    	380.000000	8364.03   	380.000000	3959.47   	380.000000	7655.97   	380.000000	5788.33   	380.000000	8276.53   	
390.000000	917363    	390.000000	906483    	390.000000	909657    	390.000000	910554    	390.000000	8673.95   	390.000000	4110.83   	390.000000	7946.37   	390.000000	6011.88   	390.000000	8608.15   	
400.000000	954577    	400.000000	943216    	400.000000	946637    	400.000000	947575    	400.000000	8985.16   	400.000000	4263.42   	400.000000	8238.44   	400.000000	6237.15   	400.000000	8942.77   	
410.000000	992221    	410.000000	980363    	410.000000	984037    	410.000000	985017    	410.000000	9297.52   	410.000000	4417.2    	410.000000	8532.05   	410.000000	6464.07   	410.000000	9280.24   	
420.000000	1.03029e+06	420.000000	1.01791e+06	420.000000	1.02185e+06	420.000000	1.02287e+06	420.000000	9610.92   	420.000000	4572.06   	420.000000	8827.09   	420.000000	6692.54   	420.000000	9620.44   	
430.000000	1.06876e+06	430.000000	1.05585e+06	430.000000	1.06005e+06	430.000000	1.06112e+06	430.000000	9925.24   	430.000000	4727.91   	430.000000	9123.47   	430.000000	6922.49   	430.000000	9963.25   	
440.000000	1.10763e+06	440.000000	1.09417e+06	440.000000	1.09865e+06	440.000000	1.09975e+06	440.000000	10240.4   	440.000000	4884.76   	440.000000	9421.07   	440.000000	7153.85   	440.000000	10308.6   	
450.000000	1.1469e+06	450.000000	1.13287e+06	450.000000	1.13761e+06	450.000000	1.13876e+06	450.000000	10556.3   	450.000000	5042.64   	450.000000	9719.81   	450.000000	7386.56   	450.000000	10656.3   	
460.000000	1.18654e+06	460.000000	1.17192e+06	460.000000	1.17695e+06	460.000000	1.17814e+06	460.000000	10872.7   	460.000000	5201.54   	460.000000	10019.6   	460.000000	7620.53   	460.000000	11006.2   	
470.000000	1.22656e+06	470.000000	1.21132e+06	470.000000	1.21663e+06	470.000000	1.21787e+06	470.000000	11189.6   	470.000000	5361.39   	470.000000	10320.3   	470.000000	7855.69   	470.000000	11358.4   	
480.000000	1.26693e+06	480.000000	1.25107e+06	480.000000	1.25666e+06	480.000000	1.25795e+06	480.000000	11507     	480.000000	5522.14   	480.000000	10621.8   	480.000000	8091.97   	480.000000	11712.5   	
490.000000	1.30766e+06	490.000000	1.29114e+06	490.000000	1.29702e+06	490.000000	1.29836e+06	490.000000	11824.6   	490.000000	5683.69   	490.000000	10924.1   	490.000000	8329.31   	490.000000	12068.6   	
500.000000	1.34874e+06	500.000000	1.33154e+06	500.000000	1.3377e+06	500.000000	1.33909e+06	500.000000	12142.4   	500.000000	5846      	500.000000	11227.1   	500.000000	8567.67   	500.000000	12426.6   	
520.000000	1.43189e+06	520.000000	1.41329e+06	520.000000	1.42002e+06	520.000000	1.4215e+06	520.000000	12778.7   	520.000000	6173.03   	520.000000	11834.8   	520.000000	9047.19   	520.000000	13147.8   	
540.000000	1.51632e+06	540.000000	1.49623e+06	540.000000	1.50353e+06	540.000000	1.50512e+06	540.000000	13415     	540.000000	6503.21   	540.000000	12444.5   	540.000000	9530.12   	540.000000	13875.4   	
560.000000	1.60198e+06	560.000000	1.58031e+06	560.000000	1.58817e+06	560.000000	1.58986e+06	560.000000	14051.1   	560.000000	6836.08   	560.000000	13055.6   	560.000000	10016.1   	560.000000	14608.8   	
580.000000	1.6888e+06	580.000000	1.66548e+06	580.000000	1.6739e+06	580.000000	1.67569e+06	580.000000	14686.5   	580.000000	7171.45   	580.000000	13667.7   	580.000000	10504.7   	580.000000	15347.5   	
600.000000	1.77674e+06	600.000000	1.75167e+06	600.000000	1.76064e+06	600.000000	1.76254e+06	600.000000	15320.8   	600.000000	7509.22   	600.000000	14280.5   	600.000000	10995.6   	600.000000	16090.9   	
620.000000	1.86575e+06	620.000000	1.83884e+06	620.000000	1.84835e+06	620.000000	1.85036e+06	620.000000	15953.7   	620.000000	7849.26   	620.000000	14893.4   	620.000000	11488.6   	620.000000	16838.4   	
640.000000	1.95576e+06	640.000000	1.92695e+06	640.000000	1.93699e+06	640.000000	1.93909e+06	640.000000	16584.8   	640.000000	8191.44   	640.000000	15506.3   	640.000000	11983.3   	640.000000	17589.7   	
660.000000	2.04675e+06	660.000000	2.01594e+06	660.000000	2.0265e+06	660.000000	2.02871e+06	660.000000	17213.9   	660.000000	8535.66   	660.000000	16118.8   	660.000000	12479.5   	660.000000	18344.3   	
680.000000	2.13866e+06	680.000000	2.10578e+06	680.000000	2.11684e+06	680.000000	2.11915e+06	680.000000	17840.8   	680.000000	8881.82   	680.000000	16730.5   	680.000000	12977     	680.000000	19101.8   	
700.000000	2.23145e+06	700.000000	2.19642e+06	700.000000	2.20796e+06	700.000000	2.21039e+06	700.000000	18465.2   	700.000000	9229.81   	700.000000	17341.4   	700.000000	13475.4   	700.000000	19861.8   	
720.000000	2.32509e+06	720.000000	2.28784e+06	720.000000	2.29984e+06	720.000000	2.30237e+06	720.000000	19086.9   	720.000000	9579.55   	720.000000	17951.1   	720.000000	13974.6   	720.000000	20623.9   	
740.000000	2.41953e+06	740.000000	2.37998e+06	740.000000	2.39242e+06	740.000000	2.39507e+06	740.000000	19705.6   	740.000000	9930.89   	740.000000	18559.3   	740.000000	14474.4   	740.000000	21387.8   	
760.000000	2.51474e+06	760.000000	2.47282e+06	760.000000	2.48568e+06	760.000000	2.48845e+06	760.000000	20321.2   	760.000000	10283.6   	760.000000	19166     	760.000000	14974.6   	760.000000	22153.2   	
780.000000	2.61069e+06	780.000000	2.56632e+06	780.000000	2.57958e+06	780.000000	2.58247e+06	780.000000	20933.8   	780.000000	10637.7   	780.000000	19770.9   	780.000000	15475.1   	780.000000	22919.8   	
800.000000	2.70734e+06	800.000000	2.66046e+06	800.000000	2.67409e+06	800.000000	2.67711e+06	800.000000	21543.1   	800.000000	10993     	800.000000	20374     	800.000000	15975.6   	800.000000	23687.4   	
820.000000	2.80466e+06	820.000000	2.7552e+06	820.000000	2.76919e+06	820.000000	2.77233e+06	820.000000	22149.1   	820.000000	11349.7   	820.000000	20975     	820.000000	16476.1   	820.000000	24455.7   	
840.000000	2.90261e+06	840.000000	2.85052e+06	840.000000	2.86485e+06	840.000000	2.86811e+06	840.000000	22751.6   	840.000000	11707.7   	840.000000	21573.9   	840.000000	16976.4   	840.000000	25224.6   	
860.000000	3.00118e+06	860.000000	2.94639e+06	860.000000	2.96104e+06	860.000000	2.96442e+06	860.000000	23350.7   	860.000000	12067.1   	860.000000	22170.6   	860.000000	17476.4   	860.000000	25993.7   	
880.000000	3.10032e+06	880.000000	3.04278e+06	880.000000	3.05773e+06	880.000000	3.06123e+06	880.000000	23946.1   	880.000000	12427.8   	880.000000	22764.8   	880.000000	17975.9   	880.000000	26762.8   	
900.000000	3.20002e+06	900.000000	3.13968e+06	900.000000	3.1549e+06	900.000000	3.15852e+06	900.000000	24538     	900.000000	12789.6   	900.000000	23356.7   	900.000000	18474.9   	900.000000	27531.9   	
920.000000	3.30025e+06	920.000000	3.23705e+06	920.000000	3.25253e+06	920.000000	3.25627e+06	920.000000	25126.1   	920.000000	13152.5   	920.000000	23946     	920.000000	18973.3   	920.000000	28300.7   	
940.000000	3.40099e+06	940.000000	3.33488e+06	940.000000	3.35059e+06	940.000000	3.35446e+06	940.000000	25710.5   	940.000000	13516.2   	940.000000	24532.7   	940.000000	19471     	940.000000	29069     	
960.000000	3.5022e+06	960.000000	3.43314e+06	960.000000	3.44907e+06	960.000000	3.45306e+06	960.000000	26291.2   	960.000000	13880.8   	960.000000	25116.7   	960.000000	19967.8   	960.000000	29836.7   	
980.000000	3.60387e+06	980.000000	3.53181e+06	980.000000	3.54794e+06	980.000000	3.55206e+06	980.000000	26868     	980.000000	14246.3   	980.000000	25698     	980.000000	20463.7   	980.000000	30603.6   	
1000.000000	3.70598e+06	1000.000000	3.63088e+06	1000.000000	3.6472e+06	1000.000000	3.65143e+06	1000.000000	27441.1   	1000.000000	14612.6   	1000.000000	26276.5   	1000.000000	20958.7   	1000.000000	31369.6   	
1020.000000	3.8085e+06	1020.000000	3.73033e+06	1020.000000	3.74681e+06	1020.000000	3.75116e+06	1020.000000	28010.4   	1020.000000	14979.7   	1020.000000	26852.2   	1020.000000	21452.6   	1020.000000	32134.7   	
1040.000000	3.91141e+06	1040.000000	3.83013e+06	1040.000000	3.84676e+06	1040.000000	3.85124e+06	1040.000000	28575.8   	1040.000000	15347.6   	1040.000000	27425.1   	1040.000000	21945.3   	1040.000000	32898.6   	
1060.000000	4.0147e+06	1060.000000	3.93028e+06	1060.000000	3.94703e+06	1060.000000	3.95164e+06	1060.000000	29137.4   	1060.000000	15716.3   	1060.000000	27995.1   	1060.000000	22437     	1060.000000	33661.2   	
1080.000000	4.11834e+06	1080.000000	4.03075e+06	1080.000000	4.04762e+06	1080.000000	4.05235e+06	1080.000000	29695.2   	1080.000000	16085.7   	1080.000000	28562.1   	1080.000000	22927.4   	1080.000000	34422.6   	
1100.000000	4.22232e+06	1100.000000	4.13153e+06	1100.000000	4.1485e+06	1100.000000	4.15336e+06	1100.000000	30249.2   	1100.000000	16455.8   	1100.000000	29126.2   	1100.000000	23416.5   	1100.000000	35182.4   	
1120.000000	4.32662e+06	1120.000000	4.23261e+06	1120.000000	4.24967e+06	1120.000000	4.25465e+06	1120.000000	30799.4   	1120.000000	16826.6   	1120.000000	29687.3   	1120.000000	23904.3   	1120.000000	35940.8   	
1140.000000	4.43122e+06	1140.000000	4.33396e+06	1140.000000	4.3511e+06	1140.000000	4.3562e+06	1140.000000	31345.8   	1140.000000	17198.1   	1140.000000	30245.5   	1140.000000	24390.7   	1140.000000	36697.5   	
1160.000000	4.5361e+06	1160.000000	4.43559e+06	1160.000000	4.45279e+06	1160.000000	4.45801e+06	1160.000000	31888.3   	1160.000000	17570.2   	1160.000000	30800.6   	1160.000000	24875.7   	1160.000000	37452.6   	
1180.000000	4.64126e+06	1180.000000	4.53747e+06	1180.000000	4.55472e+06	1180.000000	4.56007e+06	1180.000000	32427.1   	1180.000000	17943     	1180.000000	31352.8   	1180.000000	25359.3   	1180.000000	38205.9   	
1200.000000	4.74667e+06	1200.000000	4.63958e+06	1200.000000	4.65688e+06	1200.000000	4.66235e+06	1200.000000	32962.2   	1200.000000	18316.4   	1200.000000	31902     	1200.000000	25841.4   	1200.000000	38957.4   	
1220.000000	4.85232e+06	1220.000000	4.74193e+06	1220.000000	4.75927e+06	1220.000000	4.76486e+06	1220.000000	33493.5   	1220.000000	18690.5   	1220.000000	32448.1   	1220.000000	26322     	1220.000000	39706.9   	
1240.000000	4.95819e+06	1240.000000	4.8445e+06	1240.000000	4.86186e+06	1240.000000	4.86758e+06	1240.000000	34021.2   	1240.000000	19065.1   	1240.000000	32991.2   	1240.000000	26801     	1240.000000	40454.6   	
1260.000000	5.06428e+06	1260.000000	4.94727e+06	1260.000000	4.96465e+06	1260.000000	4.97049e+06	1260.000000	34545.1   	1260.000000	19440.4   	1260.000000	33531.4   	1260.000000	27278.5   	1260.000000	41200.3   	
1280.000000	5.17057e+06	1280.000000	5.05023e+06	1280.000000	5.06764e+06	1280.000000	5.0736e+06	1280.000000	35065.5   	1280.000000	19816.2   	1280.000000	34068.5   	1280.000000	27754.4   	1280.000000	41943.9   	
1300.000000	5.27704e+06	1300.000000	5.15338e+06	1300.000000	5.1708e+06	1300.000000	5.17688e+06	1300.000000	35582.1   	1300.000000	20192.6   	1300.000000	34602.7   	1300.000000	28228.7   	1300.000000	42685.5   	
1320.000000	5.38369e+06	1320.000000	5.2567e+06	1320.000000	5.27414e+06	1320.000000	5.28034e+06	1320.000000	36095.2   	1320.000000	20569.6   	1320.000000	35133.8   	1320.000000	28701.4   	1320.000000	43424.9   	
1340.000000	5.4905e+06	1340.000000	5.36019e+06	1340.000000	5.37763e+06	1340.000000	5.38396e+06	1340.000000	36604.7   	1340.000000	20947     	1340.000000	35662     	1340.000000	29172.4   	1340.000000	44162.1   	
1360.000000	5.59746e+06	1360.000000	5.46383e+06	1360.000000	5.48128e+06	1360.000000	5.48774e+06	1360.000000	37110.6   	1360.000000	21325     	1360.000000	36187.1   	1360.000000	29641.7   	1360.000000	44897.1   	
1380.000000	5.70456e+06	1380.000000	5.56762e+06	1380.000000	5.58507e+06	1380.000000	5.59166e+06	1380.000000	37613     	1380.000000	21703.5   	1380.000000	36709.3   	1380.000000	30109.3   	1380.000000	45629.9   	
1400.000000	5.81179e+06	1400.000000	5.67155e+06	1400.000000	5.689e+06 	1400.000000	5.69572e+06	1400.000000	38111.8   	1400.000000	22082.5   	1400.000000	37228.6   	1400.000000	30575.3   	1400.000000	46360.4   	
1420.000000	5.91913e+06	1420.000000	5.77561e+06	1420.000000	5.79307e+06	1420.000000	5.79991e+06	1420.000000	38607.2   	1420.000000	22462     	1420.000000	37744.9   	1420.000000	31039.5   	1420.000000	47088.5   	
1440.000000	6.02658e+06	1440.000000	5.87978e+06	1440.000000	5.89725e+06	1440.000000	5.90423e+06	1440.000000	39099.2   	1440.000000	22842     	1440.000000	38258.2   	1440.000000	31502     	1440.000000	47814.4   	
1460.000000	6.13414e+06	1460.000000	5.98407e+06	1460.000000	6.00155e+06	1460.000000	6.00867e+06	1460.000000	39587.7   	1460.000000	23222.5   	1460.000000	38768.7   	1460.000000	31962.8   	1460.000000	48537.9   	
1480.000000	6.24178e+06	1480.000000	6.08847e+06	1480.000000	6.10597e+06	1480.000000	6.11322e+06	1480.000000	40073     	1480.000000	23603.4   	1480.000000	39276.2   	1480.000000	32421.9   	1480.000000	49259     	
1500.000000	6.34949e+06	1500.000000	6.19296e+06	1500.000000	6.21049e+06	1500.000000	6.21788e+06	1500.000000	40554.9   	1500.000000	23984.8   	1500.000000	39780.9   	1500.000000	32879.2   	1500.000000	49977.8   	
1520.000000	6.45728e+06	1520.000000	6.29755e+06	1520.000000	6.31511e+06	1520.000000	6.32263e+06	1520.000000	41033.5   	1520.000000	24366.8   	1520.000000	40282.8   	1520.000000	33334.8   	1520.000000	50694.2   	
1540.000000	6.56514e+06	1540.000000	6.40222e+06	1540.000000	6.41982e+06	1540.000000	6.42748e+06	1540.000000	41508.9   	1540.000000	24749.1   	1540.000000	40781.8   	1540.000000	33788.7   	1540.000000	51408.1   	
1560.000000	6.67304e+06	1560.000000	6.50697e+06	1560.000000	6.52463e+06	1560.000000	6.53243e+06	1560.000000	41981     	1560.000000	25132     	1560.000000	41278     	1560.000000	34240.8   	1560.000000	52119.7   	
1580.000000	6.78099e+06	1580.000000	6.61179e+06	1580.000000	6.62952e+06	1580.000000	6.63745e+06	1580.000000	42450     	1580.000000	25515.3   	1580.000000	41771.4   	1580.000000	34691.2   	1580.000000	52828.9   	
1600.000000	6.88898e+06	1600.000000	6.71668e+06	1600.000000	6.73449e+06	1600.000000	6.74255e+06	1600.000000	42915.9   	1600.000000	25899.1   	1600.000000	42262.1   	1600.000000	35139.8   	1600.000000	53535.6   	
1620.000000	6.997e+06 	1620.000000	6.82163e+06	1620.000000	6.83953e+06	1620.000000	6.84773e+06	1620.000000	43378.7   	1620.000000	26283.4   	1620.000000	42750     	1620.000000	35586.7   	1620.000000	54239.9   	
1640.000000	7.10504e+06	1640.000000	6.92663e+06	1640.000000	6.94465e+06	1640.000000	6.95298e+06	1640.000000	43838.4   	1640.000000	26668.1   	1640.000000	43235.2   	1640.000000	36031.8   	1640.000000	54941.7   	
1660.000000	7.2131e+06	1660.000000	7.03168e+06	1660.000000	7.04983e+06	1660.000000	7.0583e+06	1660.000000	44295     	1660.000000	27053.3   	1660.000000	43717.7   	1660.000000	36475.2   	1660.000000	55641.1   	
1680.000000	7.32117e+06	1680.000000	7.13678e+06	1680.000000	7.15507e+06	1680.000000	7.16367e+06	1680.000000	44748.7   	1680.000000	27439     	1680.000000	44197.5   	1680.000000	36916.9   	1680.000000	56338     	
1700.000000	7.42924e+06	1700.000000	7.24191e+06	1700.000000	7.26037e+06	1700.000000	7.26911e+06	1700.000000	45199.4   	1700.000000	27825.1   	1700.000000	44674.6   	1700.000000	37356.8   	1700.000000	57032.5   	
1750.000000	7.69939e+06	1750.000000	7.50488e+06	1750.000000	7.52385e+06	1750.000000	7.53292e+06	1750.000000	46313.3   	1750.000000	28792.4   	1750.000000	45856     	1750.000000	38449     	1750.000000	58757.9   	
1800.000000	7.96942e+06	1800.000000	7.76798e+06	1800.000000	7.7876e+06	1800.000000	7.797e+06 	1800.000000	47409.3   	1800.000000	29762.2   	1800.000000	47021.2   	1800.000000	39530.4   	1800.000000	60467.9   	
1850.000000	8.23924e+06	1850.000000	8.03115e+06	1850.000000	8.05159e+06	1850.000000	8.06132e+06	1850.000000	48488     	1850.000000	30734.4   	1850.000000	48170.6   	1850.000000	40601.2   	1850.000000	62162.6   	
1900.000000	8.50877e+06	1900.000000	8.29433e+06	1900.000000	8.31575e+06	1900.000000	8.32581e+06	1900.000000	49549.8   	1900.000000	31708.8   	1900.000000	49304.6   	1900.000000	41661.2   	1900.000000	63842.1   	
1950.000000	8.77794e+06	1950.000000	8.55745e+06	1950.000000	8.58005e+06	1950.000000	8.59044e+06	1950.000000	50595.2   	1950.000000	32685.4   	1950.000000	50423.4   	1950.000000	42710.8   	1950.000000	65506.3   	
2000.000000	9.04668e+06	2000.000000	8.82047e+06	2000.000000	8.84445e+06	2000.000000	8.85517e+06	2000.000000	51624.7   	2000.000000	33664.2   	2000.000000	51527.6   	2000.000000	43750     	2000.000000	67155.5   	
2100.000000	9.5826e+06	2100.000000	9.346e+06 	2100.000000	9.37341e+06	2100.000000	9.38478e+06	2100.000000	53637.7   	2100.000000	35628.8   	2100.000000	53693     	2100.000000	45797.6   	2100.000000	70409.1   	
2200.000000	1.01161e+07	2200.000000	9.87058e+06	2200.000000	9.9024e+06	2200.000000	9.91441e+06	2200.000000	55592.3   	2200.000000	37603.3   	2200.000000	55803.5   	2200.000000	47805.1   	2200.000000	73604.1   	
2300.000000	1.06467e+07	2300.000000	1.03939e+07	2300.000000	1.04312e+07	2300.000000	1.04439e+07	2300.000000	57491.7   	2300.000000	39588     	2300.000000	57861.6   	2300.000000	49773.8   	2300.000000	76741.8   	
2400.000000	1.11742e+07	2400.000000	1.09157e+07	2400.000000	1.09597e+07	2400.000000	1.0973e+07	2400.000000	59339     	2400.000000	41582.6   	2400.000000	59870     	2400.000000	51704.6   	2400.000000	79823.6   	
2500.000000	1.16982e+07	2500.000000	1.14357e+07	2500.000000	1.14876e+07	2500.000000	1.15016e+07	2500.000000	61137     	2500.000000	43586.5   	2500.000000	61830.9   	2500.000000	53598.8   	2500.000000	82851     	
2600.000000	1.22185e+07	2600.000000	1.19538e+07	2600.000000	1.20149e+07	2600.000000	1.20295e+07	2600.000000	62888     	2600.000000	45598.8   	2600.000000	63746.3   	2600.000000	55457.4   	2600.000000	85825.3   	
2700.000000	1.27349e+07	2700.000000	1.24699e+07	2700.000000	1.25415e+07	2700.000000	1.25567e+07	2700.000000	64594.1   	2700.000000	47619.3   	2700.000000	65618.4   	2700.000000	57281.5   	2700.000000	88747.9   	
2800.000000	1.32472e+07	2800.000000	1.29837e+07	2800.000000	1.30672e+07	2800.000000	1.30831e+07	2800.000000	66257.9   	2800.000000	49648     	2800.000000	67449.1   	2800.000000	59072.2   	2800.000000	91620.3   	
2900.000000	1.37553e+07	2900.000000	1.34952e+07	2900.000000	1.35921e+07	2900.000000	1.36085e+07	2900.000000	67881.4   	2900.000000	51685.1   	2900.000000	69240.2   	2900.000000	60830.6   	2900.000000	94444     	
3000.000000	1.42591e+07	3000.000000	1.40042e+07	3000.000000	1.4116e+07	3000.000000	1.4133e+07	3000.000000	69466.7   	3000.000000	53731     	3000.000000	70993.8   	3000.000000	62557.8   	3000.000000	97220.7   	
3200.000000	1.52532e+07	3200.000000	1.50145e+07	3200.000000	1.51608e+07	3200.000000	1.5179e+07	3200.000000	72530.2   	3200.000000	57849.8   	3200.000000	74394.5   	3200.000000	65923.1   	3200.000000	102639    	
3400.000000	1.62289e+07	3400.000000	1.60142e+07	3400.000000	1.62014e+07	3400.000000	1.62208e+07	3400.000000	75462.2   	3400.000000	62005     	3400.000000	77663.7   	3400.000000	69176     	3400.000000	107886    	
3600.000000	1.7186e+07	3600.000000	1.7003e+07	3600.000000	1.72377e+07	3600.000000	1.72583e+07	3600.000000	78274.4   	3600.000000	66196.5   	3600.000000	80812.5   	3600.000000	72324.1   	3600.000000	112973    	
3800.000000	1.81242e+07	3800.000000	1.79804e+07	3800.000000	1.82696e+07	3800.000000	1.82914e+07	3800.000000	80977.3   	3800.000000	70423.7   	3800.000000	83850.9   	3800.000000	75374.3   	3800.000000	117909    	
4000.000000	1.90436e+07	4000.000000	1.89465e+07	4000.000000	1.92971e+07	4000.000000	1.932e+07 	4000.000000	83580.2   	4000.000000	74685.9   	4000.000000	86787.7   	4000.000000	78333     	4000.000000	122705    	
4200.000000	1.99443e+07	4200.000000	1.99011e+07	4200.000000	2.03202e+07	4200.000000	2.03443e+07	4200.000000	86091.1   	4200.000000	78982.7   	4200.000000	89630.8   	4200.000000	81206.1   	4200.000000	127369    	
4400.000000	2.08264e+07	4400.000000	2.08443e+07	4400.000000	2.1339e+07	4400.000000	2.13642e+07	4400.000000	88517.1   	4400.000000	83313.8   	4400.000000	92387.4   	4400.000000	83999     	4400.000000	131909    	
4600.000000	2.16902e+07	4600.000000	2.1776e+07	4600.000000	2.23535e+07	4600.000000	2.23799e+07	4600.000000	90864.6   	4600.000000	87678.9   	4600.000000	95063.8   	4600.000000	86716.6   	4600.000000	136332    	
4800.000000	2.25359e+07	4800.000000	2.26965e+07	4800.000000	2.33638e+07	4800.000000	2.33913e+07	4800.000000	93139.3   	4800.000000	92077.9   	4800.000000	97665.9   	4800.000000	89363.6   	4800.000000	140645    	
5000.000000	2.3364e+07	5000.000000	2.36057e+07	5000.000000	2.437e+07 	5000.000000	2.43985e+07	5000.000000	95346.3   	5000.000000	96510.6   	5000.000000	100199    	5000.000000	91944.1   	5000.000000	144855    	
5250.000000	2.43747e+07	5250.000000	2.47267e+07	5250.000000	2.56221e+07	5250.000000	2.5652e+07	5250.000000	98016.9   	5250.000000	102099    	5250.000000	103275    	5250.000000	95082.2   	5250.000000	149980    	
5500.000000	2.53591e+07	5500.000000	2.58307e+07	5500.000000	2.68681e+07	5500.000000	2.68993e+07	5500.000000	100597    	5500.000000	107739    	5500.000000	106259    	5500.000000	98129.5   	5500.000000	154964    	
6000.000000	2.72518e+07	6000.000000	2.7989e+07	6000.000000	2.93424e+07	6000.000000	2.93762e+07	6000.000000	105512    	6000.000000	119174    	6000.000000	111980    	6000.000000	103976    	6000.000000	164541    	
6500.000000	2.90483e+07	6500.000000	3.00833e+07	6500.000000	3.17944e+07	6500.000000	3.18308e+07	6500.000000	110139    	6500.000000	130813    	6500.000000	117410    	6500.000000	109527    	6500.000000	173653    	
7000.000000	3.07548e+07	7000.000000	3.21168e+07	7000.000000	3.42256e+07	7000.000000	3.42646e+07	7000.000000	114517    	7000.000000	142652    	7000.000000	122592    	7000.000000	114820    	7000.000000	182356    	
7500.000000	3.2377e+07	7500.000000	3.40921e+07	7500.000000	3.66373e+07	7500.000000	3.66787e+07	7500.000000	118675    	7500.000000	154686    	7500.000000	127560    	7500.000000	119884    	7500.000000	190698    	
8000.000000	3.39206e+07	8000.000000	3.60123e+07	8000.000000	3.90306e+07	8000.000000	3.90744e+07	8000.000000	122640    	8000.000000	166912    	8000.000000	132340    	8000.000000	124746    	8000.000000	198717    	
8500.000000	3.53908e+07	8500.000000	3.788e+07 	8500.000000	4.14067e+07	8500.000000	4.14529e+07	8500.000000	126433    	8500.000000	179326    	8500.000000	136956    	8500.000000	129427    	8500.000000	206449    	
9000.000000	3.67924e+07	9000.000000	3.96978e+07	9000.000000	4.37666e+07	9000.000000	4.38152e+07	9000.000000	130071    	9000.000000	191923    	9000.000000	141427    	9000.000000	133947    	9000.000000	213922    	
9500.000000	3.81299e+07	9500.000000	4.14682e+07	9500.000000	4.61113e+07	9500.000000	4.61622e+07	9500.000000	133570    	9500.000000	204701    	9500.000000	145771    	9500.000000	138321    	9500.000000	221163    	
10000.000000	3.94075e+07	10000.000000	4.31935e+07	10000.000000	4.84415e+07	10000.000000	4.84947e+07	10000.000000	136941    	10000.000000	217655    	10000.000000	150002    	10000.000000	142565    	10000.000000	228193    	
11000.000000	4.17978e+07	11000.000000	4.65174e+07	11000.000000	5.30617e+07	11000.000000	5.31195e+07	11000.000000	143348    	11000.000000	244077    	11000.000000	158168    	11000.000000	150707    	11000.000000	241698    	
12000.000000	4.39905e+07	12000.000000	4.96852e+07	12000.000000	5.76329e+07	12000.000000	5.76951e+07	12000.000000	149365    	12000.000000	271173    	12000.000000	166008    	12000.000000	158455    	12000.000000	254566    	
13000.000000	4.60089e+07	13000.000000	5.2711e+07	13000.000000	6.21598e+07	13000.000000	6.22261e+07	13000.000000	155049    	13000.000000	298919    	13000.000000	173579    	13000.000000	165872    	13000.000000	266900    	
14000.000000	4.78726e+07	14000.000000	5.56069e+07	14000.000000	6.66461e+07	14000.000000	6.67166e+07	14000.000000	160443    	14000.000000	327277    	14000.000000	180928    	14000.000000	173010    	14000.000000	278779    	
15000.000000	4.95986e+07	15000.000000	5.83837e+07	15000.000000	7.1095e+07	15000.000000	7.11698e+07	15000.000000	165583    	15000.000000	356212    	15000.000000	188090    	15000.000000	179910    	15000.000000	290270    	
16000.000000	5.12015e+07	16000.000000	6.10509e+07	16000.000000	7.55093e+07	16000.000000	7.55889e+07	16000.000000	170499    	16000.000000	385705    	16000.000000	195094    	16000.000000	186603    	16000.000000	301425    	
17000.000000	5.26939e+07	17000.000000	6.36169e+07	17000.000000	7.98919e+07	17000.000000	7.99762e+07	17000.000000	175215    	17000.000000	415745    	17000.000000	201963    	17000.000000	193117    	17000.000000	312288    	
18000.000000	5.40867e+07	18000.000000	6.60894e+07	18000.000000	8.42453e+07	18000.000000	8.43342e+07	18000.000000	179752    	18000.000000	446327    	18000.000000	208713    	18000.000000	199475    	18000.000000	322897    	
19000.000000	5.53895e+07	19000.000000	6.84749e+07	19000.000000	8.85714e+07	19000.000000	8.86647e+07	19000.000000	184128    	19000.000000	477445    	19000.000000	215360    	19000.000000	205696    	19000.000000	333281    	
20000.000000	5.66106e+07	20000.000000	7.07796e+07	20000.000000	9.28723e+07	20000.000000	9.29696e+07	20000.000000	188358    	20000.000000	509094    	20000.000000	221915    	20000.000000	211795    	20000.000000	343468    	
21000.000000	5.77574e+07	21000.000000	7.30089e+07	21000.000000	9.71495e+07	21000.000000	9.72505e+07	21000.000000	192454    	21000.000000	541262    	21000.000000	228387    	21000.000000	217785    	21000.000000	353477    	
22000.000000	5.88364e+07	22000.000000	7.51676e+07	22000.000000	1.01404e+08	22000.000000	1.01509e+08	22000.000000	196428    	22000.000000	573932    	22000.000000	234783    	22000.000000	223677    	22000.000000	363327    	
23000.000000	5.98533e+07	23000.000000	7.72602e+07	23000.000000	1.05638e+08	23000.000000	1.05746e+08	23000.000000	200288    	23000.000000	607091    	23000.000000	241110    	23000.000000	229480    	23000.000000	373033    	
24000.000000	6.08133e+07	24000.000000	7.92907e+07	24000.000000	1.09851e+08	24000.000000	1.09962e+08	24000.000000	204043    	24000.000000	640729    	24000.000000	247371    	24000.000000	235202    	24000.000000	382607    	
25000.000000	6.17208e+07	25000.000000	8.12628e+07	25000.000000	1.14045e+08	25000.000000	1.1416e+08	25000.000000	207700    	25000.000000	674809    	25000.000000	253573    	25000.000000	240849    	25000.000000	392061    	
26000.000000	6.25801e+07	26000.000000	8.31799e+07	26000.000000	1.18221e+08	26000.000000	1.18339e+08	26000.000000	211267    	26000.000000	709307    	26000.000000	259716    	26000.000000	246428    	26000.000000	401405    	
27000.000000	6.33948e+07	27000.000000	8.5045e+07	27000.000000	1.2238e+08	27000.000000	1.22501e+08	27000.000000	214748    	27000.000000	744233    	27000.000000	265806    	27000.000000	251943    	27000.000000	410647    	
28000.000000	6.41682e+07	28000.000000	8.68609e+07	28000.000000	1.26522e+08	28000.000000	1.26646e+08	28000.000000	218150    	28000.000000	779596    	28000.000000	271843    	28000.000000	257399    	28000.000000	419794    	
29000.000000	6.49033e+07	29000.000000	8.86303e+07	29000.000000	1.30648e+08	29000.000000	1.30776e+08	29000.000000	221477    	29000.000000	815395    	29000.000000	277830    	29000.000000	262800    	29000.000000	428853    	
30000.000000	6.56027e+07	30000.000000	9.03555e+07	30000.000000	1.3476e+08	30000.000000	1.34891e+08	30000.000000	224734    	30000.000000	851623    	30000.000000	283768    	30000.000000	268148    	30000.000000	437828    	
32000.000000	6.69045e+07	32000.000000	9.3682e+07	32000.000000	1.4294e+08	32000.000000	1.43077e+08	32000.000000	231053    	32000.000000	925317    	32000.000000	295502    	32000.000000	278697    	32000.000000	455548    	
34000.000000	6.80907e+07	34000.000000	9.68564e+07	34000.000000	1.51068e+08	34000.000000	1.5121e+08	34000.000000	237135    	34000.000000	1.00058e+06	34000.000000	307055    	34000.000000	289066    	34000.000000	472984    	
36000.000000	6.91755e+07	36000.000000	9.98923e+07	36000.000000	1.59147e+08	36000.000000	1.59294e+08	36000.000000	243004    	36000.000000	1.07734e+06	36000.000000	318434    	36000.000000	299270    	36000.000000	490161    	
38000.000000	7.01711e+07	38000.000000	1.02802e+08	38000.000000	1.6718e+08	38000.000000	1.67332e+08	38000.000000	248678    	38000.000000	1.15553e+06	38000.000000	329642    	38000.000000	309318    	38000.000000	507098    	
40000.000000	7.10877e+07	40000.000000	1.05595e+08	40000.000000	1.7517e+08	40000.000000	1.75328e+08	40000.000000	254175    	40000.000000	1.23513e+06	40000.000000	340685    	40000.000000	319221    	40000.000000	523808    	
42000.000000	7.1934e+07	42000.000000	1.08281e+08	42000.000000	1.83121e+08	42000.000000	1.83283e+08	42000.000000	259510    	42000.000000	1.31611e+06	42000.000000	351565    	42000.000000	328984    	42000.000000	540304    	
44000.000000	7.27175e+07	44000.000000	1.10868e+08	44000.000000	1.91034e+08	44000.000000	1.912e+08 	44000.000000	264695    	44000.000000	1.39843e+06	44000.000000	362285    	44000.000000	338615    	44000.000000	556595    	
46000.000000	7.34446e+07	46000.000000	1.13364e+08	46000.000000	1.98912e+08	46000.000000	1.99082e+08	46000.000000	269743    	46000.000000	1.48209e+06	46000.000000	372849    	46000.000000	348117    	46000.000000	572688    	
48000.000000	7.4121e+07	48000.000000	1.15774e+08	48000.000000	2.06757e+08	48000.000000	2.06931e+08	48000.000000	274662    	48000.000000	1.56705e+06	48000.000000	383260    	48000.000000	357494    	48000.000000	588590    	
50000.000000	7.47516e+07	50000.000000	1.18105e+08	50000.000000	2.1457e+08	50000.000000	2.14748e+08	50000.000000	279462    	50000.000000	1.65329e+06	50000.000000	393520    	50000.000000	366751    	50000.000000	604306    	
