*Energy (MeV/u)1	0 - [He-base] F.Hubert et al, AD&ND Tables 46(1990)1	Energy (MeV/u)2	1 - [H -base] J.F.Ziegler et al, Pergamon Press, NY (low energy)	Energy (MeV/u)3	2 - ATIMA 1.2  LS-theory (recommended for high energy)	Energy (MeV/u)4	3 - ATIMA 1.2  without LS-correction	Energy (MeV/u)5	4 - electrical component of [1] - J.F.Ziegler et al	Energy (MeV/u)6	5 - nuclear component of [1] - J.F.Ziegler et al	
0.001000	0.131593  	0.001000	0.0700095 	0.001000	0.113201  	0.001000	0.113201  	0.001000	0.0371848 	0.001000	0.0328248 	
0.002000	0.153963  	0.002000	0.0802806 	0.002000	0.128282  	0.002000	0.128282  	0.002000	0.0544417 	0.002000	0.0258389 	
0.005000	0.216751  	0.005000	0.106638  	0.005000	0.157699  	0.005000	0.157699  	0.005000	0.0901153 	0.005000	0.016523  	
0.008000	0.269328  	0.008000	0.129231  	0.008000	0.178952  	0.008000	0.178952  	0.008000	0.116698  	0.008000	0.0125332 	
0.010000	0.300595  	0.010000	0.142829  	0.010000	0.19083   	0.010000	0.19083   	0.010000	0.131937  	0.010000	0.0108923 	
0.015000	0.353033  	0.015000	0.175898  	0.015000	0.2189    	0.015000	0.2189    	0.015000	0.167565  	0.015000	0.00833245	
0.020000	0.39414   	0.020000	0.216162  	0.020000	0.255188  	0.020000	0.255188  	0.020000	0.209333  	0.020000	0.00682887	
0.025000	0.438847  	0.025000	0.254591  	0.025000	0.290051  	0.025000	0.290051  	0.025000	0.248819  	0.025000	0.00577291	
0.030000	0.475093  	0.030000	0.290502  	0.030000	0.319352  	0.030000	0.319352  	0.030000	0.285444  	0.030000	0.00505784	
0.035000	0.504085  	0.035000	0.323059  	0.035000	0.346144  	0.035000	0.346144  	0.035000	0.318544  	0.035000	0.00451436	
0.040000	0.526326  	0.040000	0.35273   	0.040000	0.370529  	0.040000	0.370529  	0.040000	0.348644  	0.040000	0.00408579	
0.045000	0.542175  	0.045000	0.379422  	0.045000	0.392605  	0.045000	0.392605  	0.045000	0.375684  	0.045000	0.00373823	
0.050000	0.552083  	0.050000	0.403141  	0.050000	0.412473  	0.050000	0.412473  	0.050000	0.399691  	0.050000	0.00345008	
0.055000	0.574054  	0.055000	0.423973  	0.055000	0.430244  	0.055000	0.430244  	0.055000	0.420766  	0.055000	0.00320689	
0.060000	0.592323  	0.060000	0.442066  	0.060000	0.446038  	0.060000	0.446038  	0.060000	0.439067  	0.060000	0.00299861	
0.070000	0.618937  	0.070000	0.470831  	0.070000	0.472208  	0.070000	0.472208  	0.070000	0.468171  	0.070000	0.00265977	
0.080000	0.647467  	0.080000	0.491203  	0.080000	0.492035  	0.080000	0.492035  	0.080000	0.488808  	0.080000	0.00239516	
0.090000	0.668029  	0.090000	0.504981  	0.090000	0.506562  	0.090000	0.506562  	0.090000	0.502799  	0.090000	0.00218224	
0.100000	0.683208  	0.100000	0.513765  	0.100000	0.516758  	0.100000	0.516758  	0.100000	0.511758  	0.100000	0.00200685	
0.120000	0.692849  	0.120000	0.527712  	0.120000	0.527466  	0.120000	0.527466  	0.120000	0.525978  	0.120000	0.00173414	
0.140000	0.694527  	0.140000	0.532856  	0.140000	0.529551  	0.140000	0.529551  	0.140000	0.531324  	0.140000	0.00153118	
0.160000	0.694587  	0.160000	0.534374  	0.160000	0.526634  	0.160000	0.526634  	0.160000	0.533     	0.160000	0.00137371	
0.180000	0.69374   	0.180000	0.53236   	0.180000	0.520989  	0.180000	0.520989  	0.180000	0.531112  	0.180000	0.00124768	
0.200000	0.695577  	0.200000	0.531005  	0.200000	0.513985  	0.200000	0.513985  	0.200000	0.529861  	0.200000	0.00114433	
0.250000	0.681344  	0.250000	0.524357  	0.250000	0.494928  	0.250000	0.494928  	0.250000	0.523405  	0.250000	0.000951752	
0.300000	0.679121  	0.300000	0.524483  	0.300000	0.479943  	0.300000	0.479943  	0.300000	0.523665  	0.300000	0.000817835	
0.350000	0.671227  	0.350000	0.51833   	0.350000	0.466473  	0.350000	0.466473  	0.350000	0.517611  	0.350000	0.000718908	
0.400000	0.659897  	0.400000	0.50916   	0.400000	0.453156  	0.400000	0.453156  	0.400000	0.508517  	0.400000	0.000642617	
0.450000	0.644983  	0.450000	0.497073  	0.450000	0.439848  	0.450000	0.439848  	0.450000	0.496492  	0.450000	0.000581857	
0.500000	0.630484  	0.500000	0.485516  	0.500000	0.427474  	0.500000	0.427474  	0.500000	0.484984  	0.500000	0.000532238	
0.600000	0.578611  	0.600000	0.46105   	0.600000	0.40511   	0.600000	0.40511   	0.600000	0.460594  	0.600000	0.000455886	
0.700000	0.526678  	0.700000	0.435284  	0.700000	0.385339  	0.700000	0.385339  	0.700000	0.434884  	0.700000	0.000399713	
0.800000	0.503729  	0.800000	0.416702  	0.800000	0.36764   	0.800000	0.36764   	0.800000	0.416346  	0.800000	0.000356535	
0.900000	0.479278  	0.900000	0.396995  	0.900000	0.351633  	0.900000	0.351633  	0.900000	0.396673  	0.900000	0.000322241	
1.000000	0.455011  	1.000000	0.37737   	1.000000	0.336176  	1.000000	0.336176  	1.000000	0.377075  	1.000000	0.0002943 	
1.250000	0.399351  	1.250000	0.333323  	1.250000	0.303764  	1.250000	0.303764  	1.250000	0.33308   	1.250000	0.000242698	
1.500000	0.346725  	1.500000	0.2902    	1.500000	0.277592  	1.500000	0.277592  	1.500000	0.289993  	1.500000	0.00020719	
1.750000	0.308156  	1.750000	0.259435  	1.750000	0.255636  	1.750000	0.255636  	1.750000	0.259254  	1.750000	0.000181173	
2.000000	0.278333  	2.000000	0.236071  	2.000000	0.236869  	2.000000	0.236869  	2.000000	0.235909  	2.000000	0.000161241	
2.250000	0.254787  	2.250000	0.217505  	2.250000	0.220577  	2.250000	0.220577  	2.250000	0.21736   	2.250000	0.000145453	
2.500000	0.227395  	2.500000	0.202248  	2.500000	0.206336  	2.500000	0.206336  	2.500000	0.202115  	2.500000	0.000132621	
3.000000	0.199804  	3.000000	0.178324  	3.000000	0.182734  	3.000000	0.182734  	3.000000	0.178211  	3.000000	0.000112989	
3.500000	0.178542  	3.500000	0.160145  	3.500000	0.164083  	3.500000	0.164083  	3.500000	0.160046  	3.500000	9.8638e-05	
4.000000	0.161627  	4.000000	0.145715  	4.000000	0.149048  	4.000000	0.149048  	4.000000	0.145628  	4.000000	8.76655e-05	
4.500000	0.147831  	4.500000	0.133929  	4.500000	0.136706  	4.500000	0.136706  	4.500000	0.13385   	4.500000	7.89891e-05	
5.000000	0.136352  	5.000000	0.124099  	5.000000	0.12641   	5.000000	0.12641   	5.000000	0.124027  	5.000000	7.19469e-05	
5.500000	0.126642  	5.500000	0.115765  	5.500000	0.117696  	5.500000	0.117696  	5.500000	0.115699  	5.500000	6.61108e-05	
6.000000	0.118315  	6.000000	0.108602  	6.000000	0.110226  	6.000000	0.110226  	6.000000	0.108541  	6.000000	6.11912e-05	
6.500000	0.111091  	6.500000	0.102375  	6.500000	0.103749  	6.500000	0.103749  	6.500000	0.102318  	6.500000	5.69848e-05	
7.000000	0.10476   	7.000000	0.0969076 	7.000000	0.0980768 	7.000000	0.0980768 	7.000000	0.0968542 	7.000000	5.33449e-05	
7.500000	0.0991647 	7.500000	0.0920646 	7.500000	0.0930652 	7.500000	0.0930652 	7.500000	0.0920145 	7.500000	5.01626e-05	
8.000000	0.0941808 	8.000000	0.0877421 	8.000000	0.0886022 	8.000000	0.0886022 	8.000000	0.0876947 	8.000000	4.73554e-05	
8.500000	0.0897119 	8.500000	0.0838577 	8.500000	0.0845998 	8.500000	0.0845998 	8.500000	0.0838128 	8.500000	4.48598e-05	
9.000000	0.0856807 	9.000000	0.0803459 	9.000000	0.0809878 	9.000000	0.0809878 	9.000000	0.0803033 	9.000000	4.26257e-05	
9.500000	0.0820249 	9.500000	0.0771537 	9.500000	0.0777098 	9.500000	0.0777098 	9.500000	0.0771131 	9.500000	4.06137e-05	
10.000000	0.0786935 	10.000000	0.074572  	10.000000	0.0747197 	10.000000	0.0747197 	10.000000	0.0745332 	10.000000	3.87915e-05	
11.000000	0.0728424 	11.000000	0.0693687 	11.000000	0.0693364 	11.000000	0.0693489 	11.000000	0.0693331 	11.000000	3.56173e-05	
12.000000	0.0678673 	12.000000	0.0648907 	12.000000	0.0647395 	12.000000	0.0647601 	12.000000	0.0648577 	12.000000	3.2944e-05	
13.000000	0.063582  	13.000000	0.0609954 	13.000000	0.0607617 	13.000000	0.0607871 	13.000000	0.0609648 	13.000000	3.06602e-05	
14.000000	0.0598503 	14.000000	0.0575753 	14.000000	0.057281  	14.000000	0.0573083 	14.000000	0.0575466 	14.000000	2.86854e-05	
15.000000	0.0565698 	15.000000	0.0545477 	15.000000	0.0542058 	15.000000	0.054233  	15.000000	0.0545207 	15.000000	2.696e-05 	
16.000000	0.0536619 	16.000000	0.0518479 	16.000000	0.0514652 	16.000000	0.0514919 	16.000000	0.0518224 	16.000000	2.5439e-05	
17.000000	0.0510655 	17.000000	0.0494248 	17.000000	0.049005  	17.000000	0.0490311 	17.000000	0.0494008 	17.000000	2.40876e-05	
18.000000	0.0487324 	18.000000	0.0472376 	18.000000	0.0467835 	18.000000	0.046808  	18.000000	0.0472147 	18.000000	2.28785e-05	
19.000000	0.0466237 	19.000000	0.0452528 	19.000000	0.044766  	19.000000	0.0447884 	19.000000	0.045231  	19.000000	2.179e-05 	
20.000000	0.044708  	20.000000	0.0434433 	20.000000	0.042923  	20.000000	0.0429445 	20.000000	0.0434225 	20.000000	2.08048e-05	
21.000000	0.0429595 	21.000000	0.0417866 	21.000000	0.0412329 	21.000000	0.0412537 	21.000000	0.0417667 	21.000000	1.99086e-05	
22.000000	0.0413569 	22.000000	0.0402638 	22.000000	0.0396789 	22.000000	0.0396971 	22.000000	0.0402447 	22.000000	1.90896e-05	
23.000000	0.0398823 	23.000000	0.0388591 	23.000000	0.0382442 	23.000000	0.0382588 	23.000000	0.0388407 	23.000000	1.83382e-05	
24.000000	0.0385207 	24.000000	0.037559  	24.000000	0.0369136 	24.000000	0.0369254 	24.000000	0.0375414 	24.000000	1.76462e-05	
25.000000	0.0372593 	25.000000	0.0363522 	25.000000	0.0356754 	25.000000	0.0356857 	25.000000	0.0363352 	25.000000	1.70067e-05	
27.000000	0.0349954 	27.000000	0.0341804 	27.000000	0.0334425 	27.000000	0.0334496 	27.000000	0.0341646 	27.000000	1.58629e-05	
29.000000	0.0330203 	29.000000	0.0322799 	29.000000	0.0314845 	29.000000	0.0314876 	29.000000	0.032265  	29.000000	1.48691e-05	
31.000000	0.0312811 	31.000000	0.0306021 	31.000000	0.0298147 	31.000000	0.0298138 	31.000000	0.0305881 	31.000000	1.39972e-05	
33.000000	0.0297374 	33.000000	0.0291096 	33.000000	0.0283865 	33.000000	0.0283821 	33.000000	0.0290964 	33.000000	1.32259e-05	
35.000000	0.0283572 	35.000000	0.0277729 	35.000000	0.0271063 	35.000000	0.0270988 	35.000000	0.0277604 	35.000000	1.25385e-05	
38.000000	0.0265401 	38.000000	0.0260099 	38.000000	0.0254156 	38.000000	0.0254043 	38.000000	0.0259983 	38.000000	1.16366e-05	
41.000000	0.0249704 	41.000000	0.0244844 	41.000000	0.0239505 	41.000000	0.0239361 	41.000000	0.0244735 	41.000000	1.08605e-05	
44.000000	0.0236    	44.000000	0.0231508 	44.000000	0.0226676 	44.000000	0.0226507 	44.000000	0.0231406 	44.000000	1.01853e-05	
47.000000	0.0223924 	47.000000	0.0219746 	47.000000	0.0215351 	47.000000	0.0215155 	47.000000	0.021965  	47.000000	9.59221e-06	
50.000000	0.0213198 	50.000000	0.0209292 	50.000000	0.0205246 	50.000000	0.0205052 	50.000000	0.0209201 	50.000000	9.06699e-06	
55.000000	0.0197747 	55.000000	0.0194226 	55.000000	0.019067  	55.000000	0.0190466 	55.000000	0.0194143 	55.000000	8.31317e-06	
60.000000	0.0184702 	60.000000	0.0181502 	60.000000	0.0178342 	60.000000	0.0178123 	60.000000	0.0181426 	60.000000	7.67937e-06	
65.000000	0.017353  	65.000000	0.0170609 	65.000000	0.0167747 	65.000000	0.0167534 	65.000000	0.0170538 	65.000000	7.13871e-06	
70.000000	0.0163848 	70.000000	0.0161173 	70.000000	0.0158579 	70.000000	0.0158346 	70.000000	0.0161106 	70.000000	6.67185e-06	
75.000000	0.0155371 	75.000000	0.0152917 	75.000000	0.0150515 	75.000000	0.0150293 	75.000000	0.0152855 	75.000000	6.26446e-06	
80.000000	0.0147883 	80.000000	0.0145631 	80.000000	0.0143407 	80.000000	0.0143176 	80.000000	0.0145572 	80.000000	5.90573e-06	
85.000000	0.0141216 	85.000000	0.0139152 	85.000000	0.0137057 	85.000000	0.0136837 	85.000000	0.0139096 	85.000000	5.58733e-06	
90.000000	0.013524  	90.000000	0.0133351 	90.000000	0.0131383 	90.000000	0.0131155 	90.000000	0.0133298 	90.000000	5.30274e-06	
95.000000	0.012985  	95.000000	0.0128126 	95.000000	0.0126248 	95.000000	0.0126031 	95.000000	0.0128075 	95.000000	5.04679e-06	
100.000000	0.0124962 	100.000000	0.0123394 	100.000000	0.012161  	100.000000	0.0121385 	100.000000	0.0123346 	100.000000	4.81531e-06	
105.000000	0.0120508 	105.000000	0.0119089 	105.000000	0.011737  	105.000000	0.0117154 	105.000000	0.0119043 	105.000000	4.6049e-06	
110.000000	0.011643  	110.000000	0.0115154 	110.000000	0.0113504 	110.000000	0.0113284 	110.000000	0.011511  	110.000000	4.41278e-06	
115.000000	0.0112683 	115.000000	0.0111543 	115.000000	0.0109944 	115.000000	0.0109729 	115.000000	0.0111501 	115.000000	4.23663e-06	
120.000000	0.0109226 	120.000000	0.0108218 	120.000000	0.0106666 	120.000000	0.0106453 	120.000000	0.0108177 	120.000000	4.07453e-06	
125.000000	0.0106026 	125.000000	0.0105145 	125.000000	0.0103641 	125.000000	0.0103424 	125.000000	0.0105106 	125.000000	3.92482e-06	
130.000000	0.0103055 	130.000000	0.0102297 	130.000000	0.0100823 	130.000000	0.0100614 	130.000000	0.0102259 	130.000000	3.78613e-06	
135.000000	0.0100288 	135.000000	0.009965  	135.000000	0.00982015	135.000000	0.0098001 	135.000000	0.00996134	135.000000	3.65727e-06	
140.000000	0.00977054	140.000000	0.00971828	140.000000	0.00957666	140.000000	0.00955645	140.000000	0.00971474	140.000000	3.53722e-06	
145.000000	0.00952876	145.000000	0.00948778	145.000000	0.00934911	145.000000	0.00932871	145.000000	0.00948436	145.000000	3.42508e-06	
150.000000	0.00930195	150.000000	0.00927194	150.000000	0.00913512	150.000000	0.00911536	150.000000	0.00926862	150.000000	3.3201e-06	
155.000000	0.0089826 	155.000000	0.00906941	155.000000	0.00893497	155.000000	0.00891509	155.000000	0.00906618	155.000000	3.2216e-06	
160.000000	0.00879541	160.000000	0.00887897	160.000000	0.00874679	160.000000	0.00872673	160.000000	0.00887584	160.000000	3.129e-06 	
165.000000	0.00861889	165.000000	0.00869958	165.000000	0.00856873	165.000000	0.00854924	165.000000	0.00869653	165.000000	3.04176e-06	
170.000000	0.00845215	170.000000	0.00853029	170.000000	0.00840114	170.000000	0.0083817 	170.000000	0.00852733	170.000000	2.95944e-06	
175.000000	0.00829437	175.000000	0.00837027	175.000000	0.00824305	175.000000	0.00822331	175.000000	0.00836739	175.000000	2.88162e-06	
180.000000	0.00814485	180.000000	0.00821879	180.000000	0.00809282	180.000000	0.00807334	180.000000	0.00821598	180.000000	2.80793e-06	
185.000000	0.00800294	185.000000	0.00807517	185.000000	0.00795002	185.000000	0.00793113	185.000000	0.00807243	185.000000	2.73806e-06	
190.000000	0.00786807	190.000000	0.00793882	190.000000	0.00781453	190.000000	0.0077961 	190.000000	0.00793614	190.000000	2.67172e-06	
195.000000	0.00773972	195.000000	0.00780919	195.000000	0.00768615	195.000000	0.00766773	195.000000	0.00780658	195.000000	2.60863e-06	
200.000000	0.00761743	200.000000	0.00768581	200.000000	0.00756421	200.000000	0.00754553	200.000000	0.00768326	200.000000	2.54856e-06	
210.000000	0.00738937	210.000000	0.00745604	210.000000	0.0073361 	210.000000	0.00731796	210.000000	0.00745361	210.000000	2.43664e-06	
220.000000	0.00718093	220.000000	0.00724647	220.000000	0.00712872	220.000000	0.0071104 	220.000000	0.00724414	220.000000	2.33448e-06	
230.000000	0.00698966	230.000000	0.00705455	230.000000	0.00693834	230.000000	0.00692034	230.000000	0.00705231	230.000000	2.24084e-06	
240.000000	0.00681352	240.000000	0.00687815	240.000000	0.00676295	240.000000	0.00674568	240.000000	0.00687599	240.000000	2.15468e-06	
250.000000	0.00665076	250.000000	0.00671546	250.000000	0.00660201	250.000000	0.00658464	250.000000	0.00671339	250.000000	2.07514e-06	
260.000000	0.00649992	260.000000	0.00656497	260.000000	0.00645302	260.000000	0.00643572	260.000000	0.00656296	260.000000	2.00146e-06	
270.000000	0.00635973	270.000000	0.00642535	270.000000	0.00631454	270.000000	0.00629763	270.000000	0.00642342	270.000000	1.93301e-06	
280.000000	0.0062291 	280.000000	0.00629549	280.000000	0.0061864 	280.000000	0.00616923	280.000000	0.00629362	280.000000	1.86926e-06	
290.000000	0.00610708	290.000000	0.00617441	290.000000	0.00606646	290.000000	0.00604957	290.000000	0.0061726 	290.000000	1.80972e-06	
300.000000	0.00599285	300.000000	0.00606126	300.000000	0.00595416	300.000000	0.00593781	300.000000	0.00605951	300.000000	1.75399e-06	
310.000000	0.0058857 	310.000000	0.0059553 	310.000000	0.00584936	310.000000	0.0058332 	310.000000	0.00595359	310.000000	1.70171e-06	
320.000000	0.005785  	320.000000	0.00585587	320.000000	0.00575146	320.000000	0.0057351 	320.000000	0.00585421	320.000000	1.65256e-06	
330.000000	0.00569017	330.000000	0.0057624 	330.000000	0.0056592 	330.000000	0.00564294	330.000000	0.00576079	330.000000	1.60628e-06	
340.000000	0.00560073	340.000000	0.00567438	340.000000	0.00557207	340.000000	0.00555621	340.000000	0.00567282	340.000000	1.5626e-06	
350.000000	0.00551624	350.000000	0.00559136	350.000000	0.00548996	350.000000	0.00547446	350.000000	0.00558984	350.000000	1.52132e-06	
360.000000	0.00543631	360.000000	0.00551294	360.000000	0.00541278	360.000000	0.00539728	360.000000	0.00551145	360.000000	1.48225e-06	
370.000000	0.00536058	370.000000	0.00543875	370.000000	0.00533999	370.000000	0.00532433	370.000000	0.0054373 	370.000000	1.4452e-06	
380.000000	0.00528874	380.000000	0.00536847	380.000000	0.00527077	380.000000	0.00525527	380.000000	0.00536706	380.000000	1.41002e-06	
390.000000	0.0052205 	390.000000	0.00530181	390.000000	0.00520505	390.000000	0.00518981	390.000000	0.00530043	390.000000	1.37657e-06	
400.000000	0.0051556 	400.000000	0.00523851	400.000000	0.00514298	400.000000	0.00512769	400.000000	0.00523716	400.000000	1.34473e-06	
410.000000	0.00509382	410.000000	0.00517832	410.000000	0.0050841 	410.000000	0.00506868	410.000000	0.00517701	410.000000	1.31438e-06	
420.000000	0.00503494	420.000000	0.00512104	420.000000	0.00502787	420.000000	0.00501256	420.000000	0.00511975	420.000000	1.28542e-06	
430.000000	0.00497877	430.000000	0.00506646	430.000000	0.00497417	430.000000	0.00495912	430.000000	0.0050652 	430.000000	1.25775e-06	
440.000000	0.00492513	440.000000	0.00501441	440.000000	0.00492297	440.000000	0.0049082 	440.000000	0.00501318	440.000000	1.23129e-06	
450.000000	0.00487386	450.000000	0.00496472	450.000000	0.00487424	450.000000	0.00485963	450.000000	0.00496352	450.000000	1.20596e-06	
460.000000	0.00482482	460.000000	0.00491725	460.000000	0.00482789	460.000000	0.00481325	460.000000	0.00491607	460.000000	1.18168e-06	
470.000000	0.00477787	470.000000	0.00487185	470.000000	0.00478368	470.000000	0.00476894	470.000000	0.00487069	470.000000	1.1584e-06	
480.000000	0.00473288	480.000000	0.00482841	480.000000	0.00474133	480.000000	0.00472656	480.000000	0.00482727	480.000000	1.13605e-06	
490.000000	0.00468975	490.000000	0.0047868 	490.000000	0.00470064	490.000000	0.004686  	490.000000	0.00478568	490.000000	1.11458e-06	
500.000000	0.00464836	500.000000	0.00474691	500.000000	0.00466159	500.000000	0.00464715	500.000000	0.00474582	500.000000	1.09393e-06	
520.000000	0.00457044	520.000000	0.00467195	520.000000	0.00458827	520.000000	0.00457421	520.000000	0.00467089	520.000000	1.05492e-06	
540.000000	0.00449843	540.000000	0.0046028 	540.000000	0.00452112	540.000000	0.00450701	540.000000	0.00460178	540.000000	1.01869e-06	
560.000000	0.00443172	560.000000	0.00453887	560.000000	0.00445914	560.000000	0.00444497	560.000000	0.00453788	560.000000	9.84951e-07	
580.000000	0.00436979	580.000000	0.00447962	580.000000	0.00440144	580.000000	0.00438754	580.000000	0.00447867	580.000000	9.53447e-07	
600.000000	0.00431219	600.000000	0.00442461	600.000000	0.00434814	600.000000	0.00433428	600.000000	0.00442369	600.000000	9.23962e-07	
620.000000	0.00425852	620.000000	0.00437343	620.000000	0.00429877	620.000000	0.00428478	620.000000	0.00437254	620.000000	8.96307e-07	
640.000000	0.00420844	640.000000	0.00432574	640.000000	0.00425256	640.000000	0.00423869	640.000000	0.00432487	640.000000	8.70315e-07	
660.000000	0.00416162	660.000000	0.00428122	660.000000	0.00420931	660.000000	0.0041957 	660.000000	0.00428038	660.000000	8.45837e-07	
680.000000	0.00411781	680.000000	0.00423961	680.000000	0.00416893	680.000000	0.00415555	680.000000	0.00423879	680.000000	8.22744e-07	
700.000000	0.00407675	700.000000	0.00420066	700.000000	0.0041313 	700.000000	0.00411798	700.000000	0.00419986	700.000000	8.00921e-07	
720.000000	0.00403823	720.000000	0.00416416	720.000000	0.00409619	720.000000	0.00408278	720.000000	0.00416338	720.000000	7.80264e-07	
740.000000	0.00400205	740.000000	0.0041299 	740.000000	0.00406322	740.000000	0.00404976	740.000000	0.00412914	740.000000	7.60681e-07	
760.000000	0.00396804	760.000000	0.00409773	760.000000	0.00403211	760.000000	0.00401874	760.000000	0.00409698	760.000000	7.4209e-07	
780.000000	0.00393604	780.000000	0.00406747	780.000000	0.00400276	780.000000	0.00398957	780.000000	0.00406675	780.000000	7.24416e-07	
800.000000	0.00390591	800.000000	0.004039  	800.000000	0.00397512	800.000000	0.00396211	800.000000	0.00403829	800.000000	7.07592e-07	
820.000000	0.00387752	820.000000	0.00401218	820.000000	0.00394924	820.000000	0.00393636	820.000000	0.00401149	820.000000	6.91558e-07	
840.000000	0.00385075	840.000000	0.00398691	840.000000	0.00392551	840.000000	0.00391267	840.000000	0.00398623	840.000000	6.76259e-07	
860.000000	0.00382549	860.000000	0.00396307	860.000000	0.00390319	860.000000	0.00389031	860.000000	0.0039624 	860.000000	6.61644e-07	
880.000000	0.00380165	880.000000	0.00394056	880.000000	0.00388214	880.000000	0.00386918	880.000000	0.00393991	880.000000	6.47669e-07	
900.000000	0.00377914	900.000000	0.00391931	900.000000	0.00386217	900.000000	0.00384921	900.000000	0.00391868	900.000000	6.34291e-07	
920.000000	0.00375787	920.000000	0.00389923	920.000000	0.00384321	920.000000	0.00383031	920.000000	0.00389861	920.000000	6.21474e-07	
940.000000	0.00373778	940.000000	0.00388025	940.000000	0.00382521	940.000000	0.00381242	940.000000	0.00387964	940.000000	6.09181e-07	
960.000000	0.00371879	960.000000	0.0038623 	960.000000	0.00380812	960.000000	0.00379547	960.000000	0.00386171	960.000000	5.97381e-07	
980.000000	0.00370084	980.000000	0.00384533	980.000000	0.00379193	980.000000	0.0037794 	980.000000	0.00384474	980.000000	5.86045e-07	
1000.000000	0.00368387	1000.000000	0.00382926	1000.000000	0.0037766 	1000.000000	0.00376415	1000.000000	0.00382869	1000.000000	5.75146e-07	
1020.000000	0.00366782	1020.000000	0.00381406	1020.000000	0.00376208	1020.000000	0.00374969	1020.000000	0.00381349	1020.000000	5.64658e-07	
1040.000000	0.00365266	1040.000000	0.00379966	1040.000000	0.00374835	1040.000000	0.00373596	1040.000000	0.00379911	1040.000000	5.54558e-07	
1060.000000	0.00363832	1060.000000	0.00378604	1060.000000	0.00373535	1060.000000	0.00372291	1060.000000	0.00378549	1060.000000	5.44825e-07	
1080.000000	0.00362476	1080.000000	0.00377314	1080.000000	0.003723  	1080.000000	0.00371051	1080.000000	0.0037726 	1080.000000	5.3544e-07	
1100.000000	0.00361196	1100.000000	0.00376093	1100.000000	0.00371124	1100.000000	0.00369873	1100.000000	0.0037604 	1100.000000	5.26383e-07	
1120.000000	0.00359986	1120.000000	0.00374936	1120.000000	0.00370002	1120.000000	0.00368752	1120.000000	0.00374885	1120.000000	5.17637e-07	
1140.000000	0.00358843	1140.000000	0.00373842	1140.000000	0.00368929	1140.000000	0.00367685	1140.000000	0.00373791	1140.000000	5.09187e-07	
1160.000000	0.00357765	1160.000000	0.00372806	1160.000000	0.00367906	1160.000000	0.0036667 	1160.000000	0.00372756	1160.000000	5.01017e-07	
1180.000000	0.00356747	1180.000000	0.00371826	1180.000000	0.00366933	1180.000000	0.00365704	1180.000000	0.00371776	1180.000000	4.93115e-07	
1200.000000	0.00355788	1200.000000	0.00370898	1200.000000	0.00366009	1200.000000	0.00364784	1200.000000	0.0037085 	1200.000000	4.85465e-07	
1220.000000	0.00354885	1220.000000	0.00370021	1220.000000	0.00365131	1220.000000	0.00363908	1220.000000	0.00369973	1220.000000	4.78058e-07	
1240.000000	0.00354034	1240.000000	0.00369192	1240.000000	0.00364299	1240.000000	0.00363073	1240.000000	0.00369145	1240.000000	4.7088e-07	
1260.000000	0.00353234	1260.000000	0.00368409	1260.000000	0.00363507	1260.000000	0.00362278	1260.000000	0.00368362	1260.000000	4.63922e-07	
1280.000000	0.00352482	1280.000000	0.00367669	1280.000000	0.00362753	1280.000000	0.0036152 	1280.000000	0.00367623	1280.000000	4.57174e-07	
1300.000000	0.00351777	1300.000000	0.00366971	1300.000000	0.00362033	1300.000000	0.00360798	1300.000000	0.00366926	1300.000000	4.50625e-07	
1320.000000	0.00351117	1320.000000	0.00366313	1320.000000	0.00361345	1320.000000	0.0036011 	1320.000000	0.00366268	1320.000000	4.44268e-07	
1340.000000	0.00350498	1340.000000	0.00365692	1340.000000	0.00360688	1340.000000	0.00359453	1340.000000	0.00365648	1340.000000	4.38093e-07	
1360.000000	0.00349921	1360.000000	0.00365108	1360.000000	0.00360059	1360.000000	0.00358828	1360.000000	0.00365065	1360.000000	4.32094e-07	
1380.000000	0.00349383	1380.000000	0.00364559	1380.000000	0.00359458	1380.000000	0.00358231	1380.000000	0.00364517	1380.000000	4.26261e-07	
1400.000000	0.00348882	1400.000000	0.00364044	1400.000000	0.00358884	1400.000000	0.00357663	1400.000000	0.00364002	1400.000000	4.2059e-07	
1420.000000	0.00348417	1420.000000	0.0036356 	1420.000000	0.00358337	1420.000000	0.00357121	1420.000000	0.00363518	1420.000000	4.15072e-07	
1440.000000	0.00347988	1440.000000	0.00363107	1440.000000	0.00357815	1440.000000	0.00356604	1440.000000	0.00363066	1440.000000	4.09702e-07	
1460.000000	0.00347591	1460.000000	0.00362683	1460.000000	0.00357317	1460.000000	0.00356112	1460.000000	0.00362643	1460.000000	4.04474e-07	
1480.000000	0.00347227	1480.000000	0.00362288	1480.000000	0.00356842	1480.000000	0.00355642	1480.000000	0.00362248	1480.000000	3.99382e-07	
1500.000000	0.00346894	1500.000000	0.0036192 	1500.000000	0.0035639 	1500.000000	0.00355195	1500.000000	0.0036188 	1500.000000	3.94421e-07	
1520.000000	0.00346591	1520.000000	0.00361577	1520.000000	0.0035596 	1520.000000	0.00354769	1520.000000	0.00361538	1520.000000	3.89585e-07	
1540.000000	0.00346316	1540.000000	0.0036126 	1540.000000	0.0035555 	1540.000000	0.00354362	1540.000000	0.00361222	1540.000000	3.84871e-07	
1560.000000	0.00346069	1560.000000	0.00360967	1560.000000	0.00355161	1560.000000	0.00353976	1560.000000	0.00360929	1560.000000	3.80273e-07	
1580.000000	0.00345849	1580.000000	0.00360697	1580.000000	0.00354791	1580.000000	0.00353607	1580.000000	0.0036066 	1580.000000	3.75787e-07	
1600.000000	0.00345655	1600.000000	0.0036045 	1600.000000	0.0035444 	1600.000000	0.00353257	1600.000000	0.00360413	1600.000000	3.71409e-07	
1620.000000	0.00345486	1620.000000	0.00360224	1620.000000	0.00354106	1620.000000	0.00352923	1620.000000	0.00360187	1620.000000	3.67136e-07	
1640.000000	0.00345341	1640.000000	0.00360019	1640.000000	0.0035379 	1640.000000	0.00352606	1640.000000	0.00359983	1640.000000	3.62963e-07	
1660.000000	0.00345219	1660.000000	0.00359834	1660.000000	0.0035349 	1660.000000	0.00352304	1660.000000	0.00359798	1660.000000	3.58886e-07	
1680.000000	0.0034512 	1680.000000	0.00359668	1680.000000	0.00353204	1680.000000	0.00352017	1680.000000	0.00359632	1680.000000	3.54904e-07	
1700.000000	0.00345043	1700.000000	0.00359521	1700.000000	0.00352934	1700.000000	0.00351744	1700.000000	0.00359486	1700.000000	3.51011e-07	
1750.000000	0.00344942	1750.000000	0.0035923 	1750.000000	0.00352315	1750.000000	0.00351122	1750.000000	0.00359196	1750.000000	3.41656e-07	
1800.000000	0.00344962	1800.000000	0.00359043	1800.000000	0.00351772	1800.000000	0.00350578	1800.000000	0.00359009	1800.000000	3.32802e-07	
1850.000000	0.00345097	1850.000000	0.0035895 	1850.000000	0.00351296	1850.000000	0.00350103	1850.000000	0.00358918	1850.000000	3.24409e-07	
1900.000000	0.00345336	1900.000000	0.00358945	1900.000000	0.00350881	1900.000000	0.00349693	1900.000000	0.00358914	1900.000000	3.16443e-07	
1950.000000	0.00345673	1950.000000	0.00359021	1950.000000	0.00350523	1950.000000	0.00349341	1950.000000	0.0035899 	1950.000000	3.08871e-07	
2000.000000	0.00346102	2000.000000	0.00359171	2000.000000	0.00350217	2000.000000	0.00349041	2000.000000	0.00359141	2000.000000	3.01663e-07	
2100.000000	0.0034721 	2100.000000	0.00359675	2100.000000	0.00349746	2100.000000	0.00348583	2100.000000	0.00359647	2100.000000	2.88243e-07	
2200.000000	0.00348619	2200.000000	0.00360419	2200.000000	0.00349438	2200.000000	0.00348285	2200.000000	0.00360392	2200.000000	2.76001e-07	
2300.000000	0.00350294	2300.000000	0.00361372	2300.000000	0.00349269	2300.000000	0.00348122	2300.000000	0.00361345	2300.000000	2.64787e-07	
2400.000000	0.00352206	2400.000000	0.00362507	2400.000000	0.00349217	2400.000000	0.00348072	2400.000000	0.00362482	2400.000000	2.54475e-07	
2500.000000	0.0035433 	2500.000000	0.00363803	2500.000000	0.00349264	2500.000000	0.00348118	2500.000000	0.00363778	2500.000000	2.4496e-07	
2600.000000	0.00356645	2600.000000	0.0036524 	2600.000000	0.00349394	2600.000000	0.00348244	2600.000000	0.00365216	2600.000000	2.36151e-07	
2700.000000	0.00359134	2700.000000	0.00366803	2700.000000	0.00349592	2700.000000	0.00348439	2700.000000	0.0036678 	2700.000000	2.27973e-07	
2800.000000	0.00361781	2800.000000	0.00368479	2800.000000	0.00349847	2800.000000	0.00348692	2800.000000	0.00368457	2800.000000	2.2036e-07	
2900.000000	0.00364572	2900.000000	0.00370255	2900.000000	0.0035015 	2900.000000	0.00348994	2900.000000	0.00370233	2900.000000	2.13253e-07	
3000.000000	0.00367496	3000.000000	0.00372121	3000.000000	0.00350493	3000.000000	0.00349339	3000.000000	0.003721  	3000.000000	2.06604e-07	
3200.000000	0.00373703	3200.000000	0.0037609 	3200.000000	0.00351278	3200.000000	0.00350129	3200.000000	0.0037607 	3200.000000	1.94511e-07	
3400.000000	0.00380334	3400.000000	0.00380325	3400.000000	0.00352166	3400.000000	0.00351023	3400.000000	0.00380307	3400.000000	1.83794e-07	
3600.000000	0.00387335	3600.000000	0.00384782	3600.000000	0.00353127	3600.000000	0.00351991	3600.000000	0.00384765	3600.000000	1.74229e-07	
3800.000000	0.00394663	3800.000000	0.00389424	3800.000000	0.00354141	3800.000000	0.0035301 	3800.000000	0.00389408	3800.000000	1.65638e-07	
4000.000000	0.00402284	4000.000000	0.00394222	4000.000000	0.0035519 	4000.000000	0.00354064	4000.000000	0.00394206	4000.000000	1.57877e-07	
4200.000000	0.0041017 	4200.000000	0.00399153	4200.000000	0.00356263	4200.000000	0.00355139	4200.000000	0.00399137	4200.000000	1.50831e-07	
4400.000000	0.00418299	4400.000000	0.00404196	4400.000000	0.00357348	4400.000000	0.00356227	4400.000000	0.00404182	4400.000000	1.44405e-07	
4600.000000	0.00426649	4600.000000	0.00409337	4600.000000	0.00358439	4600.000000	0.0035732 	4600.000000	0.00409323	4600.000000	1.3852e-07	
4800.000000	0.00435207	4800.000000	0.00414562	4800.000000	0.00359529	4800.000000	0.00358413	4800.000000	0.00414549	4800.000000	1.33108e-07	
5000.000000	0.00443957	5000.000000	0.0041986 	5000.000000	0.00360615	5000.000000	0.003595  	5000.000000	0.00419847	5000.000000	1.28116e-07	
5250.000000	0.00455149	5250.000000	0.00426572	5250.000000	0.0036196 	5250.000000	0.00360848	5250.000000	0.00426559	5250.000000	1.22393e-07	
5500.000000	0.00466605	5500.000000	0.00433367	5500.000000	0.00363288	5500.000000	0.00362178	5500.000000	0.00433356	5500.000000	1.17174e-07	
6000.000000	0.0049025 	6000.000000	0.00447165	6000.000000	0.0036588 	6000.000000	0.00364773	6000.000000	0.00447154	6000.000000	1.07999e-07	
6500.000000	0.00514793	6500.000000	0.00461176	6500.000000	0.00368375	6500.000000	0.0036727 	6500.000000	0.00461165	6500.000000	1.00192e-07	
7000.000000	0.00540164	7000.000000	0.00475345	7000.000000	0.00370767	7000.000000	0.00369665	7000.000000	0.00475336	7000.000000	9.34657e-08	
7500.000000	0.00566308	7500.000000	0.00489634	7500.000000	0.00373056	7500.000000	0.00371956	7500.000000	0.00489625	7500.000000	8.76087e-08	
8000.000000	0.00593187	8000.000000	0.00504013	8000.000000	0.00375248	8000.000000	0.00374147	8000.000000	0.00504004	8000.000000	8.24611e-08	
8500.000000	0.0062077 	8500.000000	0.0051846 	8500.000000	0.00377338	8500.000000	0.00376241	8500.000000	0.00518452	8500.000000	7.79004e-08	
9000.000000	0.00649033	9000.000000	0.00532959	9000.000000	0.00379332	9000.000000	0.00378245	9000.000000	0.00532952	9000.000000	7.38308e-08	
9500.000000	0.00677958	9500.000000	0.00547497	9500.000000	0.00381245	9500.000000	0.00380162	9500.000000	0.0054749 	9500.000000	7.01764e-08	
10000.000000	0.00707529	10000.000000	0.00562064	10000.000000	0.00383083	10000.000000	0.00381999	10000.000000	0.00562057	10000.000000	6.68761e-08	
11000.000000	0.00768566	11000.000000	0.00591253	11000.000000	0.00386533	11000.000000	0.00385451	11000.000000	0.00591247	11000.000000	6.11487e-08	
12000.000000	0.00832072	12000.000000	0.00620481	12000.000000	0.00389704	12000.000000	0.00388638	12000.000000	0.00620475	12000.000000	5.63478e-08	
13000.000000	0.00898   	13000.000000	0.00649717	13000.000000	0.00392644	13000.000000	0.00391593	13000.000000	0.00649712	13000.000000	5.22637e-08	
14000.000000	0.00966318	14000.000000	0.00678942	14000.000000	0.00395389	14000.000000	0.00394343	14000.000000	0.00678937	14000.000000	4.87458e-08	
15000.000000	0.01037   	15000.000000	0.00708143	15000.000000	0.00397959	15000.000000	0.00396912	15000.000000	0.00708138	15000.000000	4.56831e-08	
16000.000000	0.0111004 	16000.000000	0.0073731 	16000.000000	0.00400366	16000.000000	0.0039932 	16000.000000	0.00737306	16000.000000	4.29919e-08	
17000.000000	0.0118543 	17000.000000	0.00766438	17000.000000	0.00402625	17000.000000	0.00401584	17000.000000	0.00766434	17000.000000	4.06079e-08	
18000.000000	0.0126316 	18000.000000	0.00795523	18000.000000	0.0040475 	18000.000000	0.0040372 	18000.000000	0.0079552 	18000.000000	3.8481e-08	
19000.000000	0.0134324 	19000.000000	0.00824563	19000.000000	0.00406756	19000.000000	0.0040574 	19000.000000	0.00824559	19000.000000	3.65714e-08	
20000.000000	0.0142565 	20000.000000	0.00853556	20000.000000	0.00408653	20000.000000	0.00407656	20000.000000	0.00853552	20000.000000	3.48471e-08	
21000.000000	0.0151041 	21000.000000	0.00882501	21000.000000	0.00410456	21000.000000	0.00409476	21000.000000	0.00882498	21000.000000	3.32822e-08	
22000.000000	0.0159753 	22000.000000	0.00911398	22000.000000	0.00412179	22000.000000	0.00411209	22000.000000	0.00911395	22000.000000	3.18553e-08	
23000.000000	0.01687   	23000.000000	0.00940247	23000.000000	0.00413826	23000.000000	0.00412863	23000.000000	0.00940244	23000.000000	3.05489e-08	
24000.000000	0.0177883 	24000.000000	0.00969049	24000.000000	0.00415398	24000.000000	0.00414444	24000.000000	0.00969046	24000.000000	2.93481e-08	
25000.000000	0.0187304 	25000.000000	0.00997804	25000.000000	0.00416896	25000.000000	0.00415958	25000.000000	0.00997801	25000.000000	2.82406e-08	
26000.000000	0.0196963 	26000.000000	0.0102651 	26000.000000	0.00418331	26000.000000	0.0041741 	26000.000000	0.0102651 	26000.000000	2.72157e-08	
27000.000000	0.0206861 	27000.000000	0.0105518 	27000.000000	0.00419709	27000.000000	0.00418805	27000.000000	0.0105517 	27000.000000	2.62646e-08	
28000.000000	0.0217    	28000.000000	0.010838  	28000.000000	0.00421033	28000.000000	0.00420147	28000.000000	0.0108379 	28000.000000	2.53794e-08	
29000.000000	0.0227379 	29000.000000	0.0111237 	29000.000000	0.00422307	29000.000000	0.00421439	29000.000000	0.0111237 	29000.000000	2.45534e-08	
30000.000000	0.0238    	30000.000000	0.011409  	30000.000000	0.00423534	30000.000000	0.00422685	30000.000000	0.011409  	30000.000000	2.37809e-08	
32000.000000	0.0259974 	32000.000000	0.0119785 	32000.000000	0.00425863	32000.000000	0.0042505 	32000.000000	0.0119784 	32000.000000	2.23766e-08	
34000.000000	0.028293  	34000.000000	0.0125463 	34000.000000	0.00428043	34000.000000	0.00427264	34000.000000	0.0125463 	34000.000000	2.11328e-08	
36000.000000	0.0306878 	36000.000000	0.0131126 	36000.000000	0.00430086	36000.000000	0.00429343	36000.000000	0.0131125 	36000.000000	2.00233e-08	
38000.000000	0.0331828 	38000.000000	0.0136774 	38000.000000	0.00432007	38000.000000	0.00431303	38000.000000	0.0136774 	38000.000000	1.90273e-08	
40000.000000	0.0357789 	40000.000000	0.0142408 	40000.000000	0.00433817	40000.000000	0.00433155	40000.000000	0.0142408 	40000.000000	1.81281e-08	
42000.000000	0.0384774 	42000.000000	0.0148029 	42000.000000	0.0043553 	42000.000000	0.00434912	42000.000000	0.0148029 	42000.000000	1.73121e-08	
44000.000000	0.0412791 	44000.000000	0.0153637 	44000.000000	0.00437154	44000.000000	0.00436581	44000.000000	0.0153637 	44000.000000	1.65681e-08	
46000.000000	0.0441852 	46000.000000	0.0159233 	46000.000000	0.00438699	46000.000000	0.0043817 	46000.000000	0.0159233 	46000.000000	1.58871e-08	
48000.000000	0.0471967 	48000.000000	0.0164817 	48000.000000	0.00440172	48000.000000	0.00439688	48000.000000	0.0164817 	48000.000000	1.52612e-08	
50000.000000	0.0503149 	50000.000000	0.017039  	50000.000000	0.00441575	50000.000000	0.00441139	50000.000000	0.017039  	50000.000000	1.46839e-08	
