Energy (MeV/u)1	0 - [He-base] F.Hubert et al, AD&ND Tables 46(1990)1	Energy (MeV/u)2	1 - [H -base] J.F.Ziegler et al, Pergamon Press, NY (low energy)	Energy (MeV/u)3	2 - ATIMA 1.2  LS-theory (recommended for high energy)	Energy (MeV/u)4	3 - ATIMA 1.2  without LS-correction	Energy (MeV/u)5	4 - electrical component of [1] - J.F.Ziegler et al	Energy (MeV/u)6	5 - nuclear component of [1] - J.F.Ziegler et al	
0.001000	0.608829  	0.001000	0.365816  	0.001000	0.416552  	0.001000	0.416552  	0.001000	0.136945  	0.001000	0.228871  	
0.002000	0.618301  	0.002000	0.373183  	0.002000	0.434796  	0.002000	0.434796  	0.002000	0.177596  	0.002000	0.195587  	
0.005000	0.675164  	0.005000	0.38791   	0.005000	0.467144  	0.005000	0.467144  	0.005000	0.250415  	0.005000	0.137495  	
0.008000	0.736294  	0.008000	0.407137  	0.008000	0.497048  	0.008000	0.497048  	0.008000	0.29868   	0.008000	0.108457  	
0.010000	0.774527  	0.010000	0.420555  	0.010000	0.515962  	0.010000	0.515962  	0.010000	0.324748  	0.010000	0.0958064 	
0.015000	0.912506  	0.015000	0.467843  	0.015000	0.571779  	0.015000	0.571779  	0.015000	0.392612  	0.015000	0.0752307 	
0.020000	1.04607   	0.020000	0.579932  	0.020000	0.673995  	0.020000	0.673995  	0.020000	0.517277  	0.020000	0.0626545 	
0.025000	1.19884   	0.025000	0.698005  	0.025000	0.780628  	0.025000	0.780628  	0.025000	0.643949  	0.025000	0.0540552 	
0.030000	1.33896   	0.030000	0.817547  	0.030000	0.878136  	0.030000	0.878136  	0.030000	0.769796  	0.030000	0.047751  	
0.035000	1.46349   	0.035000	0.935372  	0.035000	0.972536  	0.035000	0.972536  	0.035000	0.892468  	0.035000	0.0429037 	
0.040000	1.57053   	0.040000	1.04878   	0.040000	1.0626    	0.040000	1.0626    	0.040000	1.01011   	0.040000	0.0386785 	
0.045000	1.65809   	0.045000	1.1569    	0.045000	1.14854   	0.045000	1.14854   	0.045000	1.12134   	0.045000	0.0355633 	
0.050000	1.71219   	0.050000	1.25098   	0.050000	1.22959   	0.050000	1.22959   	0.050000	1.21802   	0.050000	0.0329589 	
0.055000	1.80384   	0.055000	1.33247   	0.055000	1.30555   	0.055000	1.30555   	0.055000	1.30173   	0.055000	0.0307454 	
0.060000	1.88494   	0.060000	1.40661   	0.060000	1.37638   	0.060000	1.37638   	0.060000	1.37777   	0.060000	0.0288384 	
0.070000	2.01736   	0.070000	1.53379   	0.070000	1.50288   	0.070000	1.50288   	0.070000	1.50807   	0.070000	0.0257134 	
0.080000	2.1576    	0.080000	1.63573   	0.080000	1.61028   	0.080000	1.61028   	0.080000	1.61248   	0.080000	0.0232533 	
0.090000	2.27274   	0.090000	1.71663   	0.090000	1.70045   	0.090000	1.70045   	0.090000	1.69537   	0.090000	0.0212608 	
0.100000	2.36251   	0.100000	1.77948   	0.100000	1.77558   	0.100000	1.77558   	0.100000	1.75987   	0.100000	0.0196107 	
0.120000	2.42334   	0.120000	1.84607   	0.120000	1.88936   	0.120000	1.88936   	0.120000	1.82904   	0.120000	0.0170286 	
0.140000	2.46434   	0.140000	1.88927   	0.140000	1.9672    	0.140000	1.9672    	0.140000	1.87418   	0.140000	0.0150933 	
0.160000	2.50132   	0.160000	1.92045   	0.160000	2.02095   	0.160000	2.02095   	0.160000	1.90686   	0.160000	0.0135837 	
0.180000	2.54083   	0.180000	1.94541   	0.180000	2.05888   	0.180000	2.05888   	0.180000	1.93304   	0.180000	0.01237   	
0.200000	2.60319   	0.200000	1.97983   	0.200000	2.08647   	0.200000	2.08647   	0.200000	1.96846   	0.200000	0.0113709 	
0.250000	2.67279   	0.250000	2.04987   	0.250000	2.13035   	0.250000	2.13035   	0.250000	2.04037   	0.250000	0.00949996	
0.300000	2.73475   	0.300000	2.0989    	0.300000	2.15653   	0.300000	2.15653   	0.300000	2.09071   	0.300000	0.00819118	
0.350000	2.8017    	0.350000	2.14541   	0.350000	2.174     	0.350000	2.174     	0.350000	2.13819   	0.350000	0.00721997	
0.400000	2.85806   	0.400000	2.18331   	0.400000	2.20046   	0.400000	2.20046   	0.400000	2.17684   	0.400000	0.00646828	
0.450000	2.89723   	0.450000	2.2084    	0.450000	2.23604   	0.450000	2.23604   	0.450000	2.20253   	0.450000	0.00586782	
0.500000	2.92223   	0.500000	2.22378   	0.500000	2.26093   	0.500000	2.26093   	0.500000	2.21841   	0.500000	0.00537623	
0.600000	2.85376   	0.600000	2.24316   	0.600000	2.28718   	0.600000	2.28718   	0.600000	2.23854   	0.600000	0.00461746	
0.700000	2.75756   	0.700000	2.24725   	0.700000	2.29147   	0.700000	2.29147   	0.700000	2.24319   	0.700000	0.0040573 	
0.800000	2.74626   	0.800000	2.23633   	0.800000	2.26893   	0.800000	2.26893   	0.800000	2.2327    	0.800000	0.00362554	
0.900000	2.72012   	0.900000	2.21577   	0.900000	2.23935   	0.900000	2.23935   	0.900000	2.21249   	0.900000	0.00328182	
1.000000	2.68901   	1.000000	2.1928    	1.000000	2.20629   	1.000000	2.20629   	1.000000	2.1898    	1.000000	0.00300124	
1.250000	2.58191   	1.250000	2.12117   	1.250000	2.11587   	1.250000	2.11587   	1.250000	2.11869   	1.250000	0.00248163	
1.500000	2.44646   	1.500000	2.02728   	1.500000	2.01021   	1.500000	2.01021   	1.500000	2.02516   	1.500000	0.00212293	
1.750000	2.3149    	1.750000	1.93593   	1.750000	1.91615   	1.750000	1.91615   	1.750000	1.93407   	1.750000	0.00185945	
2.000000	2.18979   	2.000000	1.8483    	2.000000	1.83128   	2.000000	1.83128   	2.000000	1.84664   	2.000000	0.00165718	
2.250000	2.07911   	2.250000	1.76814   	2.250000	1.75408   	2.250000	1.75408   	2.250000	1.76664   	2.250000	0.0014967 	
2.500000	2.05695   	2.500000	1.69328   	2.500000	1.68347   	2.500000	1.68347   	2.500000	1.69192   	2.500000	0.00136606	
3.000000	1.86482   	3.000000	1.56083   	3.000000	1.55883   	3.000000	1.55883   	3.000000	1.55967   	3.000000	0.00116584	
3.500000	1.70622   	3.500000	1.45012   	3.500000	1.45227   	3.500000	1.45227   	3.500000	1.4491    	3.500000	0.00101919	
4.000000	1.57342   	4.000000	1.35446   	4.000000	1.36011   	4.000000	1.36011   	4.000000	1.35355   	4.000000	0.00090687	
4.500000	1.46069   	4.500000	1.27225   	4.500000	1.27963   	4.500000	1.27963   	4.500000	1.27144   	4.500000	0.000817931	
5.000000	1.36383   	5.000000	1.20074   	5.000000	1.20872   	5.000000	1.20872   	5.000000	1.2       	5.000000	0.000745657	
5.500000	1.27972   	5.500000	1.13777   	5.500000	1.14576   	5.500000	1.14576   	5.500000	1.13708   	5.500000	0.000685698	
6.000000	1.20597   	6.000000	1.08177   	6.000000	1.08947   	6.000000	1.08947   	6.000000	1.08114   	6.000000	0.000635107	
6.500000	1.14077   	6.500000	1.03154   	6.500000	1.03883   	6.500000	1.03883   	6.500000	1.03095   	6.500000	0.000591816	
7.000000	1.0827    	7.000000	0.986202  	7.000000	0.993006  	7.000000	0.993006  	7.000000	0.985648  	7.000000	0.000554326	
7.500000	1.03064   	7.500000	0.945067  	7.500000	0.951343  	7.500000	0.951343  	7.500000	0.944545  	7.500000	0.000521526	
8.000000	0.983691  	8.000000	0.907547  	8.000000	0.913286  	8.000000	0.913286  	8.000000	0.907055  	8.000000	0.000492575	
8.500000	0.94113   	8.500000	0.873167  	8.500000	0.878377  	8.500000	0.878377  	8.500000	0.8727    	8.500000	0.000466822	
9.000000	0.90236   	9.000000	0.841531  	9.000000	0.846235  	9.000000	0.846235  	9.000000	0.841087  	9.000000	0.000443757	
9.500000	0.866889  	9.500000	0.812313  	9.500000	0.816537  	9.500000	0.816537  	9.500000	0.81189   	9.500000	0.000422972	
10.000000	0.834308  	10.000000	0.788773  	10.000000	0.78901   	10.000000	0.78901   	10.000000	0.788369  	10.000000	0.000404141	
11.000000	0.776491  	11.000000	0.739496  	11.000000	0.738165  	11.000000	0.739703  	11.000000	0.739124  	11.000000	0.000371315	
12.000000	0.726736  	12.000000	0.696128  	12.000000	0.6937    	12.000000	0.696302  	12.000000	0.695784  	12.000000	0.000343647	
13.000000	0.683444  	13.000000	0.657705  	13.000000	0.654471  	13.000000	0.657802  	13.000000	0.657385  	13.000000	0.000319994	
14.000000	0.645418  	14.000000	0.623452  	14.000000	0.619579  	14.000000	0.623408  	14.000000	0.623152  	14.000000	0.000299529	
15.000000	0.611739  	15.000000	0.592739  	15.000000	0.588316  	15.000000	0.592492  	15.000000	0.592457  	15.000000	0.000281638	
16.000000	0.581692  	16.000000	0.565054  	16.000000	0.560159  	16.000000	0.564545  	16.000000	0.564788  	16.000000	0.000265858	
17.000000	0.554712  	17.000000	0.539977  	17.000000	0.534667  	17.000000	0.539157  	17.000000	0.539725  	17.000000	0.00025183	
18.000000	0.530346  	18.000000	0.517161  	18.000000	0.51145   	18.000000	0.515987  	18.000000	0.516922  	18.000000	0.000239274	
19.000000	0.508225  	19.000000	0.496316  	19.000000	0.490206  	19.000000	0.494755  	19.000000	0.496088  	19.000000	0.000227966	
20.000000	0.488049  	20.000000	0.477199  	20.000000	0.470698  	20.000000	0.475225  	20.000000	0.476981  	20.000000	0.000217726	
21.000000	0.469568  	21.000000	0.459605  	21.000000	0.452725  	21.000000	0.457201  	21.000000	0.459397  	21.000000	0.000208408	
22.000000	0.452575  	22.000000	0.44336   	22.000000	0.436114  	22.000000	0.440513  	22.000000	0.443161  	22.000000	0.00019989	
23.000000	0.436894  	23.000000	0.428316  	23.000000	0.420717  	23.000000	0.425019  	23.000000	0.428124  	23.000000	0.000192072	
24.000000	0.422376  	24.000000	0.414344  	24.000000	0.406403  	24.000000	0.410594  	24.000000	0.414159  	24.000000	0.00018487	
25.000000	0.408894  	25.000000	0.401333  	25.000000	0.393062  	25.000000	0.397131  	25.000000	0.401155  	25.000000	0.000178213	
27.000000	0.38462   	27.000000	0.377826  	27.000000	0.368928  	27.000000	0.372734  	27.000000	0.37766   	27.000000	0.0001663 	
29.000000	0.363364  	29.000000	0.357164  	29.000000	0.347682  	29.000000	0.351216  	29.000000	0.357008  	29.000000	0.000155944	
31.000000	0.344588  	31.000000	0.338859  	31.000000	0.329555  	31.000000	0.332662  	31.000000	0.338712  	31.000000	0.000146855	
33.000000	0.327875  	33.000000	0.322528  	33.000000	0.314038  	33.000000	0.316649  	33.000000	0.322389  	33.000000	0.000138811	
35.000000	0.312899  	35.000000	0.307867  	35.000000	0.30008   	35.000000	0.302291  	35.000000	0.307736  	35.000000	0.000131638	
38.000000	0.293132  	38.000000	0.288485  	38.000000	0.281625  	38.000000	0.283328  	38.000000	0.288363  	38.000000	0.000122223	
41.000000	0.276012  	41.000000	0.271676  	41.000000	0.26558   	41.000000	0.266896  	41.000000	0.271562  	41.000000	0.000114117	
44.000000	0.261033  	44.000000	0.256957  	44.000000	0.251514  	44.000000	0.252511  	44.000000	0.25685   	44.000000	0.000107061	
47.000000	0.247812  	47.000000	0.243958  	47.000000	0.239057  	47.000000	0.239809  	47.000000	0.243857  	47.000000	0.000100862	
50.000000	0.236049  	50.000000	0.232393  	50.000000	0.227956  	50.000000	0.228506  	50.000000	0.232298  	50.000000	9.53691e-05	
55.000000	0.219078  	55.000000	0.215708  	55.000000	0.211887  	55.000000	0.212193  	55.000000	0.215621  	55.000000	8.7482e-05	
60.000000	0.204723  	60.000000	0.201605  	60.000000	0.198306  	60.000000	0.198393  	60.000000	0.201524  	60.000000	8.08469e-05	
65.000000	0.192413  	65.000000	0.189522  	65.000000	0.186622  	65.000000	0.18656   	65.000000	0.189447  	65.000000	7.51842e-05	
70.000000	0.181733  	70.000000	0.179051  	70.000000	0.176458  	70.000000	0.176296  	70.000000	0.178981  	70.000000	7.02922e-05	
75.000000	0.172373  	75.000000	0.169887  	75.000000	0.167565  	75.000000	0.167304  	75.000000	0.169821  	75.000000	6.60216e-05	
80.000000	0.164099  	80.000000	0.161797  	80.000000	0.159684  	80.000000	0.159358  	80.000000	0.161735  	80.000000	6.22597e-05	
85.000000	0.156727  	85.000000	0.154602  	85.000000	0.152663  	85.000000	0.152284  	85.000000	0.154543  	85.000000	5.89195e-05	
90.000000	0.150116  	90.000000	0.148159  	90.000000	0.146368  	90.000000	0.145944  	90.000000	0.148103  	90.000000	5.59331e-05	
95.000000	0.14415   	95.000000	0.142355  	95.000000	0.140692  	95.000000	0.140228  	95.000000	0.142302  	95.000000	5.32464e-05	
100.000000	0.138738  	100.000000	0.137099  	100.000000	0.135545  	100.000000	0.135048  	100.000000	0.137048  	100.000000	5.08157e-05	
105.000000	0.133804  	105.000000	0.132316  	105.000000	0.130859  	105.000000	0.13033   	105.000000	0.132268  	105.000000	4.86059e-05	
110.000000	0.129287  	110.000000	0.127945  	110.000000	0.126555  	110.000000	0.126015  	110.000000	0.127898  	110.000000	4.65875e-05	
115.000000	0.125134  	115.000000	0.123933  	115.000000	0.122612  	115.000000	0.122053  	115.000000	0.123889  	115.000000	4.47366e-05	
120.000000	0.121301  	120.000000	0.120239  	120.000000	0.118978  	120.000000	0.118402  	120.000000	0.120196  	120.000000	4.30328e-05	
125.000000	0.117754  	125.000000	0.116825  	125.000000	0.115606  	125.000000	0.115026  	125.000000	0.116784  	125.000000	4.1459e-05	
130.000000	0.114459  	130.000000	0.113661  	130.000000	0.112481  	130.000000	0.111896  	130.000000	0.113621  	130.000000	4.00007e-05	
135.000000	0.11139   	135.000000	0.11072   	135.000000	0.109586  	135.000000	0.108985  	135.000000	0.110681  	135.000000	3.86455e-05	
140.000000	0.108525  	140.000000	0.107979  	140.000000	0.106881  	140.000000	0.106271  	140.000000	0.107941  	140.000000	3.73827e-05	
145.000000	0.105843  	145.000000	0.105418  	145.000000	0.104346  	145.000000	0.103735  	145.000000	0.105382  	145.000000	3.62029e-05	
150.000000	0.103326  	150.000000	0.10302   	150.000000	0.101972  	150.000000	0.101359  	150.000000	0.102985  	150.000000	3.50983e-05	
155.000000	0.0997809 	155.000000	0.100769  	155.000000	0.0997446 	155.000000	0.0991284 	155.000000	0.100735  	155.000000	3.40616e-05	
160.000000	0.0977037 	160.000000	0.0986534 	160.000000	0.0976488 	160.000000	0.0970309 	160.000000	0.0986204 	160.000000	3.30868e-05	
165.000000	0.0957446 	165.000000	0.0966603 	165.000000	0.095674  	165.000000	0.0950547 	165.000000	0.0966281 	165.000000	3.21685e-05	
170.000000	0.0938939 	170.000000	0.0947794 	170.000000	0.0938099 	170.000000	0.0931895 	170.000000	0.0947481 	170.000000	3.13017e-05	
175.000000	0.0921426 	175.000000	0.0930015 	175.000000	0.0920476 	175.000000	0.0914262 	175.000000	0.092971  	175.000000	3.04821e-05	
180.000000	0.0904828 	180.000000	0.0913184 	180.000000	0.0903789 	180.000000	0.0897567 	180.000000	0.0912887 	180.000000	2.97061e-05	
185.000000	0.0889074 	185.000000	0.0897226 	185.000000	0.0887963 	185.000000	0.0881737 	185.000000	0.0896937 	185.000000	2.89702e-05	
190.000000	0.0874101 	190.000000	0.0882076 	190.000000	0.0872935 	190.000000	0.0866708 	190.000000	0.0881794 	190.000000	2.82712e-05	
195.000000	0.0859852 	195.000000	0.0867674 	195.000000	0.0858657 	195.000000	0.085242  	195.000000	0.0867398 	195.000000	2.76065e-05	
200.000000	0.0846274 	200.000000	0.0853965 	200.000000	0.0845063 	200.000000	0.0838819 	200.000000	0.0853695 	200.000000	2.69735e-05	
210.000000	0.082095  	210.000000	0.0828437 	210.000000	0.0819637 	210.000000	0.0813494 	210.000000	0.0828179 	210.000000	2.5794e-05	
220.000000	0.0797804 	220.000000	0.0805152 	220.000000	0.0796517 	220.000000	0.0790396 	220.000000	0.0804904 	220.000000	2.47171e-05	
230.000000	0.0776563 	230.000000	0.0783827 	230.000000	0.0775368 	230.000000	0.0769248 	230.000000	0.078359  	230.000000	2.37297e-05	
240.000000	0.0757001 	240.000000	0.0764227 	240.000000	0.0755939 	240.000000	0.0749815 	240.000000	0.0763999 	240.000000	2.28211e-05	
250.000000	0.0738925 	250.000000	0.0746152 	250.000000	0.0737957 	250.000000	0.0731899 	250.000000	0.0745932 	250.000000	2.1982e-05	
260.000000	0.0722171 	260.000000	0.072943  	260.000000	0.0721324 	260.000000	0.0715332 	260.000000	0.0729218 	260.000000	2.12047e-05	
270.000000	0.07066   	270.000000	0.0713918 	270.000000	0.070597  	270.000000	0.0699969 	270.000000	0.0713713 	270.000000	2.04825e-05	
280.000000	0.069209  	280.000000	0.069949  	280.000000	0.0691676 	280.000000	0.0685686 	280.000000	0.0699291 	280.000000	1.98096e-05	
290.000000	0.0678536 	290.000000	0.0686036 	290.000000	0.0678288 	290.000000	0.0672376 	290.000000	0.0685845 	290.000000	1.91812e-05	
300.000000	0.0665848 	300.000000	0.0673464 	300.000000	0.0665824 	300.000000	0.0659944 	300.000000	0.0673278 	300.000000	1.85929e-05	
310.000000	0.0653945 	310.000000	0.0661691 	310.000000	0.0654175 	310.000000	0.0648309 	310.000000	0.066151  	310.000000	1.80409e-05	
320.000000	0.0642758 	320.000000	0.0650643 	320.000000	0.0643195 	320.000000	0.0637399 	320.000000	0.0650468 	320.000000	1.75219e-05	
330.000000	0.0632224 	330.000000	0.0640258 	330.000000	0.0632909 	330.000000	0.0627149 	330.000000	0.0640088 	330.000000	1.70331e-05	
340.000000	0.0622288 	340.000000	0.0630479 	340.000000	0.0623266 	340.000000	0.0617503 	340.000000	0.0630313 	340.000000	1.65718e-05	
350.000000	0.0612902 	350.000000	0.0621255 	350.000000	0.0614173 	350.000000	0.0608411 	350.000000	0.0621093 	350.000000	1.61357e-05	
360.000000	0.0604022 	360.000000	0.0612541 	360.000000	0.0605551 	360.000000	0.0599829 	360.000000	0.0612384 	360.000000	1.57228e-05	
370.000000	0.0595609 	370.000000	0.0604298 	370.000000	0.0597382 	370.000000	0.0591716 	370.000000	0.0604145 	370.000000	1.53314e-05	
380.000000	0.0587627 	380.000000	0.0596489 	380.000000	0.0589683 	380.000000	0.0584036 	380.000000	0.059634  	380.000000	1.49596e-05	
390.000000	0.0580046 	390.000000	0.0589083 	390.000000	0.0582398 	390.000000	0.0576757 	390.000000	0.0588937 	390.000000	1.46061e-05	
400.000000	0.0572837 	400.000000	0.0582049 	400.000000	0.0575453 	400.000000	0.056985  	400.000000	0.0581907 	400.000000	1.42695e-05	
410.000000	0.0565973 	410.000000	0.0575362 	410.000000	0.0568842 	410.000000	0.0563287 	410.000000	0.0575223 	410.000000	1.39487e-05	
420.000000	0.0559431 	420.000000	0.0568998 	420.000000	0.0562573 	420.000000	0.0557047 	420.000000	0.0568861 	420.000000	1.36425e-05	
430.000000	0.055319  	430.000000	0.0562934 	430.000000	0.0556616 	430.000000	0.0551105 	430.000000	0.05628   	430.000000	1.335e-05 	
440.000000	0.0547231 	440.000000	0.0557151 	440.000000	0.0550934 	440.000000	0.0545443 	440.000000	0.055702  	440.000000	1.30702e-05	
450.000000	0.0541535 	450.000000	0.055163  	450.000000	0.0545504 	450.000000	0.0540042 	450.000000	0.0551502 	450.000000	1.28023e-05	
460.000000	0.0536086 	460.000000	0.0546355 	460.000000	0.0540309 	460.000000	0.0534886 	460.000000	0.054623  	460.000000	1.25456e-05	
470.000000	0.053087  	470.000000	0.0541311 	470.000000	0.0535344 	470.000000	0.0529959 	470.000000	0.0541188 	470.000000	1.22993e-05	
480.000000	0.0525872 	480.000000	0.0536484 	480.000000	0.0530612 	480.000000	0.0525247 	480.000000	0.0536364 	480.000000	1.20629e-05	
490.000000	0.0521079 	490.000000	0.0531861 	490.000000	0.0526099 	490.000000	0.0520737 	490.000000	0.0531743 	490.000000	1.18357e-05	
500.000000	0.0516481 	500.000000	0.052743  	500.000000	0.0521773 	500.000000	0.0516418 	500.000000	0.0527313 	500.000000	1.16172e-05	
520.000000	0.0507824 	520.000000	0.05191   	520.000000	0.0513603 	520.000000	0.0508308 	520.000000	0.0518988 	520.000000	1.12045e-05	
540.000000	0.0499823 	540.000000	0.0511417 	540.000000	0.0506101 	540.000000	0.0500838 	540.000000	0.0511309 	540.000000	1.08211e-05	
560.000000	0.0492411 	560.000000	0.0504314 	560.000000	0.0499191 	560.000000	0.0493939 	560.000000	0.0504209 	560.000000	1.0464e-05	
580.000000	0.048553  	580.000000	0.0497731 	580.000000	0.0492759 	580.000000	0.0487555 	580.000000	0.049763  	580.000000	1.01305e-05	
600.000000	0.0479131 	600.000000	0.0491619 	600.000000	0.048678  	600.000000	0.0481634 	600.000000	0.0491521 	600.000000	9.81831e-06	
620.000000	0.0473168 	620.000000	0.0485933 	620.000000	0.0481239 	620.000000	0.0476131 	620.000000	0.0485837 	620.000000	9.52548e-06	
640.000000	0.0467603 	640.000000	0.0480634 	640.000000	0.0476108 	640.000000	0.0471007 	640.000000	0.0480541 	640.000000	9.25022e-06	
660.000000	0.0462401 	660.000000	0.0475688 	660.000000	0.0471314 	660.000000	0.0466228 	660.000000	0.0475598 	660.000000	8.99097e-06	
680.000000	0.0457533 	680.000000	0.0471064 	680.000000	0.0466811 	680.000000	0.0461764 	680.000000	0.0470977 	680.000000	8.74636e-06	
700.000000	0.0452971 	700.000000	0.0466736 	700.000000	0.0462604 	700.000000	0.0457588 	700.000000	0.0466651 	700.000000	8.51517e-06	
720.000000	0.0448691 	720.000000	0.046268  	720.000000	0.0458684 	720.000000	0.0453675 	720.000000	0.0462597 	720.000000	8.29631e-06	
740.000000	0.0444671 	740.000000	0.0458874 	740.000000	0.0455006 	740.000000	0.0450004 	740.000000	0.0458793 	740.000000	8.08882e-06	
760.000000	0.0440893 	760.000000	0.0455299 	760.000000	0.0451534 	760.000000	0.0446556 	760.000000	0.045522  	760.000000	7.8918e-06	
780.000000	0.0437337 	780.000000	0.0451938 	780.000000	0.0448258 	780.000000	0.0443314 	780.000000	0.0451861 	780.000000	7.70449e-06	
800.000000	0.0433989 	800.000000	0.0448775 	800.000000	0.0445171 	800.000000	0.0440261 	800.000000	0.0448699 	800.000000	7.52618e-06	
820.000000	0.0430835 	820.000000	0.0445795 	820.000000	0.0442282 	820.000000	0.0437398 	820.000000	0.0445721 	820.000000	7.35622e-06	
840.000000	0.042786  	840.000000	0.0442987 	840.000000	0.0439632 	840.000000	0.0434765 	840.000000	0.0442915 	840.000000	7.19403e-06	
860.000000	0.0425054 	860.000000	0.0440338 	860.000000	0.043714  	860.000000	0.0432279 	860.000000	0.0440267 	860.000000	7.03908e-06	
880.000000	0.0422405 	880.000000	0.0437837 	880.000000	0.0434788 	880.000000	0.0429931 	880.000000	0.0437768 	880.000000	6.89091e-06	
900.000000	0.0419904 	900.000000	0.0435476 	900.000000	0.0432559 	900.000000	0.0427711 	900.000000	0.0435409 	900.000000	6.74905e-06	
920.000000	0.0417541 	920.000000	0.0433245 	920.000000	0.0430441 	920.000000	0.042561  	920.000000	0.0433179 	920.000000	6.61313e-06	
940.000000	0.0415309 	940.000000	0.0431136 	940.000000	0.042843  	940.000000	0.0423621 	940.000000	0.0431071 	940.000000	6.48276e-06	
960.000000	0.0413199 	960.000000	0.0429142 	960.000000	0.0426522 	960.000000	0.0421737 	960.000000	0.0429079 	960.000000	6.35761e-06	
980.000000	0.0411204 	980.000000	0.0427256 	980.000000	0.0424714 	980.000000	0.0419951 	980.000000	0.0427193 	980.000000	6.23737e-06	
1000.000000	0.0409319 	1000.000000	0.0425471 	1000.000000	0.0423001 	1000.000000	0.0418256 	1000.000000	0.042541  	1000.000000	6.12174e-06	
1020.000000	0.0407536 	1020.000000	0.0423781 	1020.000000	0.0421379 	1020.000000	0.0416648 	1020.000000	0.0423721 	1020.000000	6.01048e-06	
1040.000000	0.040585  	1040.000000	0.0422182 	1040.000000	0.0419844 	1040.000000	0.0415122 	1040.000000	0.0422123 	1040.000000	5.90333e-06	
1060.000000	0.0404257 	1060.000000	0.0420669 	1060.000000	0.0418391 	1060.000000	0.0413672 	1060.000000	0.0420611 	1060.000000	5.80006e-06	
1080.000000	0.0402751 	1080.000000	0.0419235 	1080.000000	0.041701  	1080.000000	0.0412294 	1080.000000	0.0419178 	1080.000000	5.70047e-06	
1100.000000	0.0401328 	1100.000000	0.0417878 	1100.000000	0.0415697 	1100.000000	0.0410983 	1100.000000	0.0417822 	1100.000000	5.60436e-06	
1120.000000	0.0399984 	1120.000000	0.0416594 	1120.000000	0.0414444 	1120.000000	0.0409737 	1120.000000	0.0416539 	1120.000000	5.51155e-06	
1140.000000	0.0398715 	1140.000000	0.0415378 	1140.000000	0.0413248 	1140.000000	0.0408552 	1140.000000	0.0415323 	1140.000000	5.42187e-06	
1160.000000	0.0397516 	1160.000000	0.0414226 	1160.000000	0.0412106 	1160.000000	0.0407424 	1160.000000	0.0414173 	1160.000000	5.33517e-06	
1180.000000	0.0396386 	1180.000000	0.0413137 	1180.000000	0.0411018 	1180.000000	0.040635  	1180.000000	0.0413085 	1180.000000	5.25128e-06	
1200.000000	0.039532  	1200.000000	0.0412107 	1200.000000	0.0409981 	1200.000000	0.0405327 	1200.000000	0.0412055 	1200.000000	5.17009e-06	
1220.000000	0.0394316 	1220.000000	0.0411132 	1220.000000	0.0408993 	1220.000000	0.0404354 	1220.000000	0.0411081 	1220.000000	5.09145e-06	
1240.000000	0.0393371 	1240.000000	0.0410211 	1240.000000	0.0408053 	1240.000000	0.0403426 	1240.000000	0.0410161 	1240.000000	5.01526e-06	
1260.000000	0.0392482 	1260.000000	0.0409341 	1260.000000	0.0407157 	1260.000000	0.0402542 	1260.000000	0.0409291 	1260.000000	4.94139e-06	
1280.000000	0.0391647 	1280.000000	0.0408519 	1280.000000	0.0406305 	1280.000000	0.0401699 	1280.000000	0.040847  	1280.000000	4.86974e-06	
1300.000000	0.0390864 	1300.000000	0.0407743 	1300.000000	0.0405493 	1300.000000	0.0400897 	1300.000000	0.0407695 	1300.000000	4.8002e-06	
1320.000000	0.0390129 	1320.000000	0.0407012 	1320.000000	0.0404721 	1320.000000	0.0400131 	1320.000000	0.0406965 	1320.000000	4.7327e-06	
1340.000000	0.0389443 	1340.000000	0.0406323 	1340.000000	0.0403985 	1340.000000	0.0399402 	1340.000000	0.0406276 	1340.000000	4.66713e-06	
1360.000000	0.0388801 	1360.000000	0.0405674 	1360.000000	0.0403284 	1360.000000	0.0398707 	1360.000000	0.0405628 	1360.000000	4.60342e-06	
1380.000000	0.0388203 	1380.000000	0.0405064 	1380.000000	0.0402617 	1380.000000	0.0398044 	1380.000000	0.0405019 	1380.000000	4.54148e-06	
1400.000000	0.0387647 	1400.000000	0.0404491 	1400.000000	0.0401981 	1400.000000	0.0397412 	1400.000000	0.0404446 	1400.000000	4.48124e-06	
1420.000000	0.0387131 	1420.000000	0.0403954 	1420.000000	0.0401374 	1420.000000	0.0396809 	1420.000000	0.0403909 	1420.000000	4.42264e-06	
1440.000000	0.0386653 	1440.000000	0.040345  	1440.000000	0.0400795 	1440.000000	0.0396235 	1440.000000	0.0403407 	1440.000000	4.3656e-06	
1460.000000	0.0386213 	1460.000000	0.040298  	1460.000000	0.0400244 	1460.000000	0.0395687 	1460.000000	0.0402936 	1460.000000	4.31007e-06	
1480.000000	0.0385808 	1480.000000	0.040254  	1480.000000	0.0399717 	1480.000000	0.0395166 	1480.000000	0.0402498 	1480.000000	4.25598e-06	
1500.000000	0.0385438 	1500.000000	0.0402131 	1500.000000	0.0399215 	1500.000000	0.0394668 	1500.000000	0.0402089 	1500.000000	4.20327e-06	
1520.000000	0.0385101 	1520.000000	0.0401751 	1520.000000	0.0398736 	1520.000000	0.0394194 	1520.000000	0.0401709 	1520.000000	4.1519e-06	
1540.000000	0.0384796 	1540.000000	0.0401399 	1540.000000	0.0398279 	1540.000000	0.0393743 	1540.000000	0.0401358 	1540.000000	4.10182e-06	
1560.000000	0.0384521 	1560.000000	0.0401073 	1560.000000	0.0397844 	1560.000000	0.0393313 	1560.000000	0.0401032 	1560.000000	4.05297e-06	
1580.000000	0.0384277 	1580.000000	0.0400773 	1580.000000	0.0397429 	1580.000000	0.0392904 	1580.000000	0.0400733 	1580.000000	4.0053e-06	
1600.000000	0.0384061 	1600.000000	0.0400498 	1600.000000	0.0397034 	1600.000000	0.0392514 	1600.000000	0.0400459 	1600.000000	3.95879e-06	
1620.000000	0.0383873 	1620.000000	0.0400247 	1620.000000	0.0396657 	1620.000000	0.0392143 	1620.000000	0.0400208 	1620.000000	3.91338e-06	
1640.000000	0.0383712 	1640.000000	0.0400019 	1640.000000	0.0396298 	1640.000000	0.039179  	1640.000000	0.0399981 	1640.000000	3.86904e-06	
1660.000000	0.0383577 	1660.000000	0.0399814 	1660.000000	0.0395957 	1660.000000	0.0391455 	1660.000000	0.0399775 	1660.000000	3.82572e-06	
1680.000000	0.0383467 	1680.000000	0.0399629 	1680.000000	0.0395632 	1680.000000	0.0391136 	1680.000000	0.0399592 	1680.000000	3.7834e-06	
1700.000000	0.0383381 	1700.000000	0.0399466 	1700.000000	0.0395324 	1700.000000	0.0390833 	1700.000000	0.0399429 	1700.000000	3.74203e-06	
1750.000000	0.0383269 	1750.000000	0.0399143 	1750.000000	0.0394618 	1750.000000	0.0390141 	1750.000000	0.0399107 	1750.000000	3.6426e-06	
1800.000000	0.0383292 	1800.000000	0.0398935 	1800.000000	0.0393999 	1800.000000	0.0389536 	1800.000000	0.0398899 	1800.000000	3.54848e-06	
1850.000000	0.0383441 	1850.000000	0.0398832 	1850.000000	0.0393458 	1850.000000	0.0389008 	1850.000000	0.0398798 	1850.000000	3.45927e-06	
1900.000000	0.0383707 	1900.000000	0.0398827 	1900.000000	0.039299  	1900.000000	0.0388552 	1900.000000	0.0398793 	1900.000000	3.37458e-06	
1950.000000	0.0384081 	1950.000000	0.0398911 	1950.000000	0.0392587 	1950.000000	0.0388161 	1950.000000	0.0398878 	1950.000000	3.29407e-06	
2000.000000	0.0384558 	2000.000000	0.0399078 	2000.000000	0.0392245 	2000.000000	0.0387828 	2000.000000	0.0399046 	2000.000000	3.21743e-06	
2100.000000	0.0385789 	2100.000000	0.0399638 	2100.000000	0.0391721 	2100.000000	0.0387318 	2100.000000	0.0399607 	2100.000000	3.07472e-06	
2200.000000	0.0387355 	2200.000000	0.0400465 	2200.000000	0.039138  	2200.000000	0.0386986 	2200.000000	0.0400435 	2200.000000	2.94451e-06	
2300.000000	0.0389215 	2300.000000	0.0401523 	2300.000000	0.0391192 	2300.000000	0.0386805 	2300.000000	0.0401495 	2300.000000	2.82522e-06	
2400.000000	0.039134  	2400.000000	0.0402784 	2400.000000	0.0391129 	2400.000000	0.0386749 	2400.000000	0.0402757 	2400.000000	2.71551e-06	
2500.000000	0.03937   	2500.000000	0.0404224 	2500.000000	0.0391172 	2500.000000	0.03868   	2500.000000	0.0404198 	2500.000000	2.61427e-06	
2600.000000	0.0396272 	2600.000000	0.0405821 	2600.000000	0.0391305 	2600.000000	0.038694  	2600.000000	0.0405796 	2600.000000	2.52053e-06	
2700.000000	0.0399038 	2700.000000	0.0407558 	2700.000000	0.0391514 	2700.000000	0.0387156 	2700.000000	0.0407534 	2700.000000	2.43349e-06	
2800.000000	0.0401978 	2800.000000	0.040942  	2800.000000	0.0391787 	2800.000000	0.0387437 	2800.000000	0.0409396 	2800.000000	2.35245e-06	
2900.000000	0.040508  	2900.000000	0.0411393 	2900.000000	0.0392116 	2900.000000	0.0387773 	2900.000000	0.0411371 	2900.000000	2.2768e-06	
3000.000000	0.0408329 	3000.000000	0.0413467 	3000.000000	0.0392491 	3000.000000	0.0388156 	3000.000000	0.0413445 	3000.000000	2.20601e-06	
3200.000000	0.0415226 	3200.000000	0.0417876 	3200.000000	0.0393356 	3200.000000	0.0389034 	3200.000000	0.0417856 	3200.000000	2.07725e-06	
3400.000000	0.0422593 	3400.000000	0.0422583 	3400.000000	0.0394337 	3400.000000	0.0390027 	3400.000000	0.0422563 	3400.000000	1.96311e-06	
3600.000000	0.0430372 	3600.000000	0.0427535 	3600.000000	0.0395401 	3600.000000	0.0391102 	3600.000000	0.0427517 	3600.000000	1.86122e-06	
3800.000000	0.0438514 	3800.000000	0.0432693 	3800.000000	0.0396523 	3800.000000	0.0392234 	3800.000000	0.0432675 	3800.000000	1.76969e-06	
4000.000000	0.0446982 	4000.000000	0.0438024 	4000.000000	0.0397685 	4000.000000	0.0393405 	4000.000000	0.0438007 	4000.000000	1.687e-06 	
4200.000000	0.0455745 	4200.000000	0.0443502 	4200.000000	0.0398872 	4200.000000	0.03946   	4200.000000	0.0443486 	4200.000000	1.61191e-06	
4400.000000	0.0464776 	4400.000000	0.0449106 	4400.000000	0.0400074 	4400.000000	0.0395809 	4400.000000	0.0449091 	4400.000000	1.54342e-06	
4600.000000	0.0474055 	4600.000000	0.0454818 	4600.000000	0.0401282 	4600.000000	0.0397023 	4600.000000	0.0454803 	4600.000000	1.48068e-06	
4800.000000	0.0483563 	4800.000000	0.0460624 	4800.000000	0.0402489 	4800.000000	0.0398237 	4800.000000	0.046061  	4800.000000	1.42299e-06	
5000.000000	0.0493286 	5000.000000	0.0466511 	5000.000000	0.0403691 	5000.000000	0.0399445 	5000.000000	0.0466497 	5000.000000	1.36976e-06	
5250.000000	0.0505721 	5250.000000	0.0473968 	5250.000000	0.0405181 	5250.000000	0.0400942 	5250.000000	0.0473955 	5250.000000	1.30873e-06	
5500.000000	0.051845  	5500.000000	0.0481519 	5500.000000	0.0406652 	5500.000000	0.040242  	5500.000000	0.0481506 	5500.000000	1.25306e-06	
6000.000000	0.0544723 	6000.000000	0.0496849 	6000.000000	0.0409523 	6000.000000	0.0405303 	6000.000000	0.0496838 	6000.000000	1.15519e-06	
6500.000000	0.0571993 	6500.000000	0.0512417 	6500.000000	0.0412288 	6500.000000	0.0408078 	6500.000000	0.0512406 	6500.000000	1.07189e-06	
7000.000000	0.0600182 	7000.000000	0.0528161 	7000.000000	0.041494  	7000.000000	0.0410739 	7000.000000	0.0528151 	7000.000000	1.00011e-06	
7500.000000	0.0629231 	7500.000000	0.0544037 	7500.000000	0.0417479 	7500.000000	0.0413284 	7500.000000	0.0544028 	7500.000000	9.37594e-07	
8000.000000	0.0659097 	8000.000000	0.0560014 	8000.000000	0.041991  	8000.000000	0.0415719 	8000.000000	0.0560005 	8000.000000	8.82639e-07	
8500.000000	0.0689744 	8500.000000	0.0576066 	8500.000000	0.0422228 	8500.000000	0.0418046 	8500.000000	0.0576058 	8500.000000	8.33941e-07	
9000.000000	0.0721148 	9000.000000	0.0592176 	9000.000000	0.0424439 	9000.000000	0.0420272 	9000.000000	0.0592169 	9000.000000	7.9048e-07	
9500.000000	0.0753287 	9500.000000	0.060833  	9500.000000	0.0426557 	9500.000000	0.0422402 	9500.000000	0.0608322 	9500.000000	7.51447e-07	
10000.000000	0.0786144 	10000.000000	0.0624515 	10000.000000	0.042859  	10000.000000	0.0424443 	10000.000000	0.0624508 	10000.000000	7.16191e-07	
11000.000000	0.0853962 	11000.000000	0.0656947 	11000.000000	0.0432413 	11000.000000	0.0428279 	11000.000000	0.0656941 	11000.000000	6.54997e-07	
12000.000000	0.0924525 	12000.000000	0.0689423 	12000.000000	0.0435937 	12000.000000	0.043182  	12000.000000	0.0689417 	12000.000000	6.0369e-07	
13000.000000	0.0997778 	13000.000000	0.0721908 	13000.000000	0.0439197 	13000.000000	0.0435103 	13000.000000	0.0721902 	13000.000000	5.60033e-07	
14000.000000	0.107369  	14000.000000	0.075438  	14000.000000	0.0442229 	14000.000000	0.0438159 	14000.000000	0.0754375 	14000.000000	5.22422e-07	
15000.000000	0.115223  	15000.000000	0.0786825 	15000.000000	0.0445058 	15000.000000	0.0441013 	15000.000000	0.078682  	15000.000000	4.89672e-07	
16000.000000	0.123338  	16000.000000	0.0819233 	16000.000000	0.0447707 	16000.000000	0.0443689 	16000.000000	0.0819229 	16000.000000	4.6089e-07	
17000.000000	0.131715  	17000.000000	0.0851598 	17000.000000	0.0450196 	17000.000000	0.0446205 	17000.000000	0.0851594 	17000.000000	4.35389e-07	
18000.000000	0.140351  	18000.000000	0.0883915 	18000.000000	0.0452541 	18000.000000	0.0448578 	18000.000000	0.0883911 	18000.000000	4.12636e-07	
19000.000000	0.149248  	19000.000000	0.0916181 	19000.000000	0.0454758 	19000.000000	0.0450823 	19000.000000	0.0916177 	19000.000000	3.92203e-07	
20000.000000	0.158406  	20000.000000	0.0948395 	20000.000000	0.0456859 	20000.000000	0.0452951 	20000.000000	0.0948391 	20000.000000	3.73752e-07	
21000.000000	0.167824  	21000.000000	0.0980556 	21000.000000	0.0458856 	21000.000000	0.0454973 	21000.000000	0.0980553 	21000.000000	3.57004e-07	
22000.000000	0.177503  	22000.000000	0.101266  	22000.000000	0.0460758 	22000.000000	0.0456899 	22000.000000	0.101266  	22000.000000	3.41731e-07	
23000.000000	0.187444  	23000.000000	0.104472  	23000.000000	0.0462554 	23000.000000	0.0458736 	23000.000000	0.104472  	23000.000000	3.27747e-07	
24000.000000	0.197648  	24000.000000	0.107672  	24000.000000	0.0464266 	24000.000000	0.0460493 	24000.000000	0.107672  	24000.000000	3.14892e-07	
25000.000000	0.208116  	25000.000000	0.110867  	25000.000000	0.0465917 	25000.000000	0.0462175 	25000.000000	0.110867  	25000.000000	3.03034e-07	
26000.000000	0.218848  	26000.000000	0.114057  	26000.000000	0.0467498 	26000.000000	0.0463789 	26000.000000	0.114057  	26000.000000	2.9206e-07	
27000.000000	0.229846  	27000.000000	0.117242  	27000.000000	0.0469009 	27000.000000	0.0465339 	27000.000000	0.117242  	27000.000000	2.81874e-07	
28000.000000	0.241111  	28000.000000	0.120422  	28000.000000	0.0470456 	28000.000000	0.0466829 	28000.000000	0.120422  	28000.000000	2.72394e-07	
29000.000000	0.252643  	29000.000000	0.123597  	29000.000000	0.0471848 	29000.000000	0.0468265 	29000.000000	0.123597  	29000.000000	2.63548e-07	
30000.000000	0.264445  	30000.000000	0.126767  	30000.000000	0.0473189 	30000.000000	0.046965  	30000.000000	0.126767  	30000.000000	2.55273e-07	
32000.000000	0.28886   	32000.000000	0.133094  	32000.000000	0.0475733 	32000.000000	0.0472278 	32000.000000	0.133094  	32000.000000	2.4023e-07	
34000.000000	0.314367  	34000.000000	0.139403  	34000.000000	0.0478107 	34000.000000	0.0474737 	34000.000000	0.139403  	34000.000000	2.26904e-07	
36000.000000	0.340975  	36000.000000	0.145695  	36000.000000	0.0480321 	36000.000000	0.0477048 	36000.000000	0.145695  	36000.000000	2.15016e-07	
38000.000000	0.368697  	38000.000000	0.151971  	38000.000000	0.0482387 	38000.000000	0.0479225 	38000.000000	0.151971  	38000.000000	2.04342e-07	
40000.000000	0.397544  	40000.000000	0.158231  	40000.000000	0.0484325 	40000.000000	0.0481284 	40000.000000	0.158231  	40000.000000	1.94704e-07	
42000.000000	0.427526  	42000.000000	0.164477  	42000.000000	0.0486154 	42000.000000	0.0483235 	42000.000000	0.164477  	42000.000000	1.85957e-07	
44000.000000	0.458656  	44000.000000	0.170708  	44000.000000	0.0487889 	44000.000000	0.048509  	44000.000000	0.170708  	44000.000000	1.77982e-07	
46000.000000	0.490946  	46000.000000	0.176926  	46000.000000	0.0489541 	46000.000000	0.0486856 	46000.000000	0.176925  	46000.000000	1.7068e-07	
48000.000000	0.524408  	48000.000000	0.18313   	48000.000000	0.0491115 	48000.000000	0.0488542 	48000.000000	0.18313   	48000.000000	1.63969e-07	
50000.000000	0.559054  	50000.000000	0.189322  	50000.000000	0.0492608 	50000.000000	0.0490155 	50000.000000	0.189322  	50000.000000	1.57779e-07	
