*Energy (MeV/u)1	0 - [He-base] F.Hubert et al, AD&ND Tables 46(1990)1	Energy (MeV/u)2	1 - [H -base] J.F.Ziegler et al, Pergamon Press, NY (low energy)	Energy (MeV/u)3	2 - ATIMA 1.2  LS-theory (recommended for high energy)	Energy (MeV/u)4	3 - ATIMA 1.2  without LS-correction	Energy (MeV/u)5	4 - electrical component of [1] - J.F.Ziegler et al	Energy (MeV/u)6	5 - nuclear component of [1] - J.F.Ziegler et al	
0.001000	0.0374558 	0.001000	0.0391311 	0.001000	0.0473297 	0.001000	0.0473297 	0.001000	0.0241994 	0.001000	0.0149317 	
0.002000	0.0488947 	0.002000	0.0503145 	0.002000	0.0606702 	0.002000	0.0606702 	0.002000	0.0394845 	0.002000	0.01083   	
0.005000	0.0765456 	0.005000	0.0780022 	0.005000	0.0902754 	0.005000	0.0902754 	0.005000	0.0716288 	0.005000	0.00637343	
0.008000	0.0970865 	0.008000	0.0990356 	0.008000	0.111204  	0.008000	0.111204  	0.008000	0.0943619 	0.008000	0.00467379	
0.010000	0.108338  	0.010000	0.110727  	0.010000	0.122444  	0.010000	0.122444  	0.010000	0.106718  	0.010000	0.00400881	
0.015000	0.138332  	0.015000	0.134095  	0.015000	0.145054  	0.015000	0.145054  	0.015000	0.131107  	0.015000	0.00298807	
0.020000	0.163406  	0.020000	0.153105  	0.020000	0.163082  	0.020000	0.163082  	0.020000	0.150693  	0.020000	0.00241172	
0.025000	0.184777  	0.025000	0.169324  	0.025000	0.178514  	0.025000	0.178514  	0.025000	0.167285  	0.025000	0.00203897	
0.030000	0.203096  	0.030000	0.183555  	0.030000	0.190458  	0.030000	0.190458  	0.030000	0.181781  	0.030000	0.00177376	
0.035000	0.21875   	0.035000	0.196262  	0.035000	0.200964  	0.035000	0.200964  	0.035000	0.194688  	0.035000	0.00157444	
0.040000	0.232011  	0.040000	0.207731  	0.040000	0.210356  	0.040000	0.210356  	0.040000	0.206313  	0.040000	0.00141863	
0.045000	0.243094  	0.045000	0.21815   	0.045000	0.218842  	0.045000	0.218842  	0.045000	0.216856  	0.045000	0.00129314	
0.050000	0.252192  	0.050000	0.227643  	0.050000	0.226565  	0.050000	0.226565  	0.050000	0.226454  	0.050000	0.0011897 	
0.055000	0.259492  	0.055000	0.236304  	0.055000	0.233622  	0.055000	0.233622  	0.055000	0.235201  	0.055000	0.00110282	
0.060000	0.265181  	0.060000	0.2442    	0.060000	0.240086  	0.060000	0.240086  	0.060000	0.243171  	0.060000	0.00102872	
0.070000	0.272457  	0.070000	0.257903  	0.070000	0.251443  	0.070000	0.251443  	0.070000	0.256994  	0.070000	0.000908802	
0.080000	0.275433  	0.080000	0.269095  	0.080000	0.260951  	0.080000	0.260951  	0.080000	0.268279  	0.080000	0.000815696	
0.090000	0.275363  	0.090000	0.278056  	0.090000	0.268832  	0.090000	0.268832  	0.090000	0.277315  	0.090000	0.000741132	
0.100000	0.27327   	0.100000	0.285038  	0.100000	0.275261  	0.100000	0.275261  	0.100000	0.284358  	0.100000	0.000679955	
0.120000	0.265925  	0.120000	0.294009  	0.120000	0.284352  	0.120000	0.284352  	0.120000	0.293424  	0.120000	0.000585285	
0.140000	0.257248  	0.140000	0.297749  	0.140000	0.289277  	0.140000	0.289277  	0.140000	0.297234  	0.140000	0.000515192	
0.160000	0.248882  	0.160000	0.297725  	0.160000	0.290944  	0.160000	0.290944  	0.160000	0.297264  	0.160000	0.00046104	
0.180000	0.241341  	0.180000	0.295094  	0.180000	0.290125  	0.180000	0.290125  	0.180000	0.294676  	0.180000	0.000417848	
0.200000	0.234666  	0.200000	0.290727  	0.200000	0.287464  	0.200000	0.287464  	0.200000	0.290345  	0.200000	0.000382531	
0.250000	0.220886  	0.250000	0.275931  	0.250000	0.275885  	0.250000	0.275885  	0.250000	0.275614  	0.250000	0.000316984	
0.300000	0.209633  	0.300000	0.259515  	0.300000	0.261165  	0.300000	0.261165  	0.300000	0.259243  	0.300000	0.000271616	
0.350000	0.199712  	0.350000	0.243708  	0.350000	0.246006  	0.350000	0.246006  	0.350000	0.24347   	0.350000	0.000238221	
0.400000	0.190625  	0.400000	0.229238  	0.400000	0.231602  	0.400000	0.231602  	0.400000	0.229025  	0.400000	0.000212542	
0.450000	0.182186  	0.450000	0.216238  	0.450000	0.218398  	0.450000	0.218398  	0.450000	0.216046  	0.450000	0.00019214	
0.500000	0.174323  	0.500000	0.204624  	0.500000	0.206484  	0.500000	0.206484  	0.500000	0.204449  	0.500000	0.000175514	
0.600000	0.160196  	0.600000	0.184944  	0.600000	0.186224  	0.600000	0.186224  	0.600000	0.184794  	0.600000	0.000149992	
0.700000	0.147998  	0.700000	0.169004  	0.700000	0.169884  	0.700000	0.169884  	0.700000	0.168873  	0.700000	0.000131269	
0.800000	0.137467  	0.800000	0.155862  	0.800000	0.156515  	0.800000	0.156515  	0.800000	0.155746  	0.800000	0.00011691	
0.900000	0.128339  	0.900000	0.144837  	0.900000	0.145385  	0.900000	0.145385  	0.900000	0.144731  	0.900000	0.000105526	
1.000000	0.120376  	1.000000	0.135441  	1.000000	0.135963  	1.000000	0.135963  	1.000000	0.135344  	1.000000	9.62675e-05	
1.250000	0.104353  	1.250000	0.117     	1.250000	0.117614  	1.250000	0.117614  	1.250000	0.116921  	1.250000	7.92059e-05	
1.500000	0.0922545 	1.500000	0.103366  	1.500000	0.104128  	1.500000	0.104128  	1.500000	0.103298  	1.500000	6.74973e-05	
1.750000	0.0827787 	1.750000	0.0927962 	1.750000	0.0936896 	1.750000	0.0936896 	1.750000	0.0927373 	1.750000	5.89364e-05	
2.000000	0.0751418 	2.000000	0.0843221 	2.000000	0.0853154 	2.000000	0.0853154 	2.000000	0.0842697 	2.000000	5.23891e-05	
2.250000	0.0688474 	2.250000	0.0773555 	2.250000	0.0784193 	2.250000	0.0784193 	2.250000	0.0773083 	2.250000	4.72108e-05	
2.500000	0.0625012 	2.500000	0.0715163 	2.500000	0.0726268 	2.500000	0.0726268 	2.500000	0.0714733 	2.500000	4.30072e-05	
3.000000	0.0545541 	3.000000	0.0622599 	3.000000	0.0634139 	3.000000	0.0634139 	3.000000	0.0622234 	3.000000	3.65855e-05	
3.500000	0.0485299 	3.500000	0.0552393 	3.500000	0.056396  	3.500000	0.056396  	3.500000	0.0552074 	3.500000	3.18998e-05	
4.000000	0.043792  	4.000000	0.0497242 	4.000000	0.0508619 	4.000000	0.0508619 	4.000000	0.0496958 	4.000000	2.83222e-05	
4.500000	0.0399599 	4.500000	0.0452726 	4.500000	0.0463803 	4.500000	0.0463803 	4.500000	0.0452471 	4.500000	2.54967e-05	
5.000000	0.0367912 	5.000000	0.0416006 	5.000000	0.042673  	5.000000	0.042673  	5.000000	0.0415774 	5.000000	2.32057e-05	
5.500000	0.034124  	5.500000	0.0385172 	5.500000	0.0395525 	5.500000	0.0395525 	5.500000	0.0384959 	5.500000	2.13089e-05	
6.000000	0.0318454 	6.000000	0.0358894 	6.000000	0.0368872 	6.000000	0.0368872 	6.000000	0.0358697 	6.000000	1.97112e-05	
6.500000	0.0298747 	6.500000	0.0336213 	6.500000	0.0345825 	6.500000	0.0345825 	6.500000	0.0336029 	6.500000	1.83462e-05	
7.000000	0.0281521 	7.000000	0.0316424 	7.000000	0.0325685 	7.000000	0.0325685 	7.000000	0.0316252 	7.000000	1.71657e-05	
7.500000	0.0266326 	7.500000	0.0298995 	7.500000	0.0307921 	7.500000	0.0307921 	7.500000	0.0298834 	7.500000	1.61343e-05	
8.000000	0.0252817 	8.000000	0.028352  	8.000000	0.0292127 	8.000000	0.0292127 	8.000000	0.0283368 	8.000000	1.5225e-05	
8.500000	0.0240721 	8.500000	0.0269679 	8.500000	0.0277985 	8.500000	0.0277985 	8.500000	0.0269535 	8.500000	1.44169e-05	
9.000000	0.0229823 	9.000000	0.025722  	9.000000	0.0265242 	9.000000	0.0265242 	9.000000	0.0257083 	9.000000	1.3694e-05	
9.500000	0.0219951 	9.500000	0.0245942 	9.500000	0.0253695 	9.500000	0.0253695 	9.500000	0.0245812 	9.500000	1.30431e-05	
10.000000	0.0210963 	10.000000	0.0242891 	10.000000	0.024318  	10.000000	0.024318  	10.000000	0.0242767 	10.000000	1.24539e-05	
11.000000	0.0195196 	11.000000	0.0224851 	11.000000	0.0224528 	11.000000	0.0224541 	11.000000	0.0224737 	11.000000	1.14282e-05	
12.000000	0.0181806 	12.000000	0.0209491 	12.000000	0.0208714 	12.000000	0.0208736 	12.000000	0.0209385 	12.000000	1.05648e-05	
13.000000	0.0170284 	13.000000	0.0196247 	13.000000	0.0195136 	13.000000	0.019516  	13.000000	0.0196149 	13.000000	9.82776e-06	
14.000000	0.0160259 	14.000000	0.0184704 	14.000000	0.0183348 	14.000000	0.0183371 	14.000000	0.0184612 	14.000000	9.19077e-06	
15.000000	0.0151451 	15.000000	0.0174548 	15.000000	0.0173013 	15.000000	0.0173036 	15.000000	0.0174462 	15.000000	8.63453e-06	
16.000000	0.0143647 	16.000000	0.016554  	16.000000	0.016388  	16.000000	0.0163902 	16.000000	0.0165458 	16.000000	8.1444e-06	
17.000000	0.0136683 	17.000000	0.0157492 	17.000000	0.0155754 	17.000000	0.0155773 	17.000000	0.0157415 	17.000000	7.7091e-06	
18.000000	0.0130426 	18.000000	0.0150257 	18.000000	0.0148477 	18.000000	0.0148492 	18.000000	0.0150184 	18.000000	7.31981e-06	
19.000000	0.0124774 	19.000000	0.0143715 	19.000000	0.0141924 	19.000000	0.0141935 	19.000000	0.0143646 	19.000000	6.96949e-06	
20.000000	0.011964  	20.000000	0.013777  	20.000000	0.0135989 	20.000000	0.0136    	20.000000	0.0137704 	20.000000	6.65251e-06	
21.000000	0.0114955 	21.000000	0.0132343 	21.000000	0.0130593 	21.000000	0.0130604 	21.000000	0.0132279 	21.000000	6.36425e-06	
22.000000	0.0110661 	22.000000	0.0127367 	22.000000	0.0125671 	22.000000	0.012568  	22.000000	0.0127306 	22.000000	6.10093e-06	
23.000000	0.0106712 	23.000000	0.0122787 	23.000000	0.0121166 	23.000000	0.0121169 	23.000000	0.0122729 	23.000000	5.8594e-06	
24.000000	0.0103065 	24.000000	0.0118558 	24.000000	0.0117027 	24.000000	0.0117023 	24.000000	0.0118502 	24.000000	5.63703e-06	
25.000000	0.00996874	25.000000	0.011464  	25.000000	0.0113211 	25.000000	0.0113202 	25.000000	0.0114586 	25.000000	5.4316e-06	
27.000000	0.00936259	27.000000	0.0107608 	27.000000	0.010642  	27.000000	0.0106397 	27.000000	0.0107557 	27.000000	5.06426e-06	
29.000000	0.00883386	29.000000	0.0101472 	29.000000	0.0100557 	29.000000	0.0100528 	29.000000	0.0101425 	29.000000	4.74525e-06	
31.000000	0.00836837	31.000000	0.00960707	31.000000	0.00953548	31.000000	0.00953248	31.000000	0.0096026 	31.000000	4.46552e-06	
33.000000	0.0079552 	33.000000	0.00912768	33.000000	0.00906621	33.000000	0.00906228	33.000000	0.00912346	33.000000	4.21815e-06	
35.000000	0.00758586	35.000000	0.00869922	35.000000	0.00864535	35.000000	0.00864162	35.000000	0.00869522	35.000000	3.99775e-06	
38.000000	0.00709962	38.000000	0.00813536	38.000000	0.0080917 	38.000000	0.00808736	38.000000	0.00813165	38.000000	3.70871e-06	
41.000000	0.00667962	41.000000	0.00764857	41.000000	0.00761264	41.000000	0.00760821	41.000000	0.00764511	41.000000	3.4601e-06	
44.000000	0.00631295	44.000000	0.00722389	44.000000	0.00719355	44.000000	0.00718963	44.000000	0.00722064	44.000000	3.24389e-06	
47.000000	0.00598987	47.000000	0.00684998	47.000000	0.0068251 	47.000000	0.00682065	47.000000	0.00684693	47.000000	3.05406e-06	
50.000000	0.00570292	50.000000	0.00651816	50.000000	0.0064973 	50.000000	0.0064928 	50.000000	0.00651527	50.000000	2.88601e-06	
55.000000	0.00528958	55.000000	0.00604078	55.000000	0.00602535	55.000000	0.00602046	55.000000	0.00603813	55.000000	2.64493e-06	
60.000000	0.00494059	60.000000	0.00563837	60.000000	0.00562614	60.000000	0.00562164	60.000000	0.00563593	60.000000	2.44232e-06	
65.000000	0.00464175	65.000000	0.00529438	65.000000	0.00528482	65.000000	0.0052802 	65.000000	0.00529211	65.000000	2.26957e-06	
70.000000	0.00438276	70.000000	0.00499682	70.000000	0.00498912	70.000000	0.00498443	70.000000	0.0049947 	70.000000	2.12046e-06	
75.000000	0.004156  	75.000000	0.00473677	75.000000	0.00472995	75.000000	0.00472564	75.000000	0.00473478	75.000000	1.99039e-06	
80.000000	0.00395568	80.000000	0.0045075 	80.000000	0.00450191	80.000000	0.00449722	80.000000	0.00450563	80.000000	1.87589e-06	
85.000000	0.00377735	85.000000	0.00430379	85.000000	0.00429851	85.000000	0.00429406	85.000000	0.00430202	85.000000	1.77431e-06	
90.000000	0.00361749	90.000000	0.00412155	90.000000	0.00411641	90.000000	0.00411215	90.000000	0.00411986	90.000000	1.68353e-06	
95.000000	0.00347332	95.000000	0.00395752	95.000000	0.00395284	95.000000	0.00394829	95.000000	0.00395592	95.000000	1.60191e-06	
100.000000	0.00334257	100.000000	0.00380907	100.000000	0.00380425	100.000000	0.00379989	100.000000	0.00380755	100.000000	1.52811e-06	
105.000000	0.00322342	105.000000	0.00367407	105.000000	0.00366902	105.000000	0.00366484	105.000000	0.00367261	105.000000	1.46105e-06	
110.000000	0.00311436	110.000000	0.00355076	110.000000	0.00354538	110.000000	0.00354141	110.000000	0.00354936	110.000000	1.39983e-06	
115.000000	0.00301412	115.000000	0.00343765	115.000000	0.00343226	115.000000	0.00342814	115.000000	0.00343631	115.000000	1.34372e-06	
120.000000	0.00292165	120.000000	0.00333353	120.000000	0.00332802	120.000000	0.00332382	120.000000	0.00333224	120.000000	1.29208e-06	
125.000000	0.00283606	125.000000	0.00323736	125.000000	0.00323141	125.000000	0.00322743	125.000000	0.00323612	125.000000	1.24441e-06	
130.000000	0.00275658	130.000000	0.00314826	130.000000	0.00314195	130.000000	0.00313808	130.000000	0.00314706	130.000000	1.20025e-06	
135.000000	0.00268258	135.000000	0.00306546	135.000000	0.00305908	135.000000	0.00305504	135.000000	0.0030643 	135.000000	1.15923e-06	
140.000000	0.00261348	140.000000	0.00298831	140.000000	0.0029817 	140.000000	0.00297765	140.000000	0.00298719	140.000000	1.12102e-06	
145.000000	0.00254881	145.000000	0.00291626	145.000000	0.00290925	145.000000	0.00290535	145.000000	0.00291518	145.000000	1.08534e-06	
150.000000	0.00248814	150.000000	0.00284881	150.000000	0.00284146	150.000000	0.00283765	150.000000	0.00284776	150.000000	1.05193e-06	
155.000000	0.00240272	155.000000	0.00278553	155.000000	0.00277781	155.000000	0.00277413	155.000000	0.00278451	155.000000	1.0206e-06	
160.000000	0.00235265	160.000000	0.00272605	160.000000	0.00271806	160.000000	0.00271442	160.000000	0.00272506	160.000000	9.91139e-07	
165.000000	0.00230544	165.000000	0.00267003	165.000000	0.00266196	165.000000	0.00265817	165.000000	0.00266907	165.000000	9.63395e-07	
170.000000	0.00226083	170.000000	0.00261717	170.000000	0.0026089 	170.000000	0.0026051 	170.000000	0.00261624	170.000000	9.37216e-07	
175.000000	0.00221863	175.000000	0.00256722	175.000000	0.00255863	175.000000	0.00255495	175.000000	0.00256631	175.000000	9.12472e-07	
180.000000	0.00217863	180.000000	0.00251994	180.000000	0.00251108	180.000000	0.00250748	180.000000	0.00251905	180.000000	8.89047e-07	
185.000000	0.00214068	185.000000	0.00247513	185.000000	0.002466  	185.000000	0.00246248	185.000000	0.00247426	185.000000	8.66837e-07	
190.000000	0.0021046 	190.000000	0.00243258	190.000000	0.00242319	190.000000	0.00241976	190.000000	0.00243174	190.000000	8.45749e-07	
195.000000	0.00207027	195.000000	0.00239215	195.000000	0.00238261	195.000000	0.00237917	195.000000	0.00239132	195.000000	8.25699e-07	
200.000000	0.00203756	200.000000	0.00235366	200.000000	0.00234408	200.000000	0.00234053	200.000000	0.00235285	200.000000	8.06611e-07	
210.000000	0.00197655	210.000000	0.00228201	210.000000	0.0022721 	210.000000	0.00226861	210.000000	0.00228124	210.000000	7.71053e-07	
220.000000	0.0019208 	220.000000	0.00221667	220.000000	0.00220641	220.000000	0.00220305	220.000000	0.00221593	220.000000	7.38602e-07	
230.000000	0.00186964	230.000000	0.00215684	230.000000	0.00214627	230.000000	0.00214304	230.000000	0.00215613	230.000000	7.08862e-07	
240.000000	0.00182252	240.000000	0.00210187	240.000000	0.00209123	240.000000	0.00208791	240.000000	0.00210118	240.000000	6.81503e-07	
250.000000	0.00177899	250.000000	0.00205117	250.000000	0.00204042	250.000000	0.0020371 	250.000000	0.00205052	250.000000	6.56248e-07	
260.000000	0.00173864	260.000000	0.00200429	260.000000	0.00199334	260.000000	0.00199012	260.000000	0.00200365	260.000000	6.3286e-07	
270.000000	0.00170114	270.000000	0.00196079	270.000000	0.0019497 	270.000000	0.00194657	270.000000	0.00196018	270.000000	6.11137e-07	
280.000000	0.0016662 	280.000000	0.00192035	280.000000	0.00190914	280.000000	0.00190609	280.000000	0.00191976	280.000000	5.90905e-07	
290.000000	0.00163356	290.000000	0.00188264	290.000000	0.00187151	290.000000	0.00186837	290.000000	0.00188207	290.000000	5.72015e-07	
300.000000	0.00160301	300.000000	0.0018474 	300.000000	0.0018363 	300.000000	0.00183315	300.000000	0.00184685	300.000000	5.54335e-07	
310.000000	0.00157434	310.000000	0.00181441	310.000000	0.00180324	310.000000	0.00180018	310.000000	0.00181387	310.000000	5.37752e-07	
320.000000	0.00154741	320.000000	0.00178345	320.000000	0.00177228	320.000000	0.00176927	320.000000	0.00178293	320.000000	5.22166e-07	
330.000000	0.00152204	330.000000	0.00175435	330.000000	0.00174316	330.000000	0.00174023	330.000000	0.00175384	330.000000	5.07487e-07	
340.000000	0.00149812	340.000000	0.00172695	340.000000	0.00171581	340.000000	0.00171291	340.000000	0.00172645	340.000000	4.93639e-07	
350.000000	0.00147552	350.000000	0.0017011 	350.000000	0.00169013	350.000000	0.00168715	350.000000	0.00170062	350.000000	4.80552e-07	
360.000000	0.00145414	360.000000	0.00167669	360.000000	0.00166584	360.000000	0.00166285	360.000000	0.00167622	360.000000	4.68164e-07	
370.000000	0.00143388	370.000000	0.0016536 	370.000000	0.00164267	370.000000	0.00163974	370.000000	0.00165314	370.000000	4.5642e-07	
380.000000	0.00141466	380.000000	0.00163173	380.000000	0.00162075	380.000000	0.00161787	380.000000	0.00163128	380.000000	4.45271e-07	
390.000000	0.00139641	390.000000	0.00161098	390.000000	0.00159998	390.000000	0.00159713	390.000000	0.00161054	390.000000	4.34672e-07	
400.000000	0.00137905	400.000000	0.00159127	400.000000	0.00158024	400.000000	0.00157746	400.000000	0.00159085	400.000000	4.24582e-07	
410.000000	0.00136253	410.000000	0.00157254	410.000000	0.00156152	410.000000	0.00155876	410.000000	0.00157213	410.000000	4.14966e-07	
420.000000	0.00134678	420.000000	0.00155471	420.000000	0.00154378	420.000000	0.00154098	420.000000	0.00155431	420.000000	4.0579e-07	
430.000000	0.00133175	430.000000	0.00153773	430.000000	0.0015269 	430.000000	0.00152405	430.000000	0.00153733	430.000000	3.97025e-07	
440.000000	0.0013174 	440.000000	0.00152153	440.000000	0.00151075	440.000000	0.00150791	440.000000	0.00152114	440.000000	3.88643e-07	
450.000000	0.00130369	450.000000	0.00150606	450.000000	0.00149531	450.000000	0.00149252	450.000000	0.00150568	450.000000	3.8062e-07	
460.000000	0.00129057	460.000000	0.00149129	460.000000	0.00148057	460.000000	0.00147782	460.000000	0.00149091	460.000000	3.72932e-07	
470.000000	0.00127801	470.000000	0.00147716	470.000000	0.00146649	470.000000	0.00146377	470.000000	0.00147679	470.000000	3.65559e-07	
480.000000	0.00126598	480.000000	0.00146364	480.000000	0.00145302	480.000000	0.00145033	480.000000	0.00146328	480.000000	3.58482e-07	
490.000000	0.00125444	490.000000	0.00145068	490.000000	0.00144012	490.000000	0.00143747	490.000000	0.00145033	490.000000	3.51683e-07	
500.000000	0.00124337	500.000000	0.00143827	500.000000	0.00142778	500.000000	0.00142515	500.000000	0.00143792	500.000000	3.45145e-07	
520.000000	0.00122253	520.000000	0.00141493	520.000000	0.0014047 	520.000000	0.00140201	520.000000	0.0014146 	520.000000	3.32797e-07	
540.000000	0.00120327	540.000000	0.00139341	540.000000	0.00138338	540.000000	0.00138068	540.000000	0.00139309	540.000000	3.21329e-07	
560.000000	0.00118542	560.000000	0.0013735 	560.000000	0.00136362	560.000000	0.00136099	560.000000	0.00137319	560.000000	3.1065e-07	
580.000000	0.00116886	580.000000	0.00135506	580.000000	0.00134534	580.000000	0.00134275	580.000000	0.00135476	580.000000	3.00681e-07	
600.000000	0.00115345	600.000000	0.00133793	600.000000	0.00132836	600.000000	0.00132582	600.000000	0.00133764	600.000000	2.91352e-07	
620.000000	0.0011391 	620.000000	0.00132199	620.000000	0.0013126 	620.000000	0.00131009	620.000000	0.00132171	620.000000	2.82603e-07	
640.000000	0.0011257 	640.000000	0.00130713	640.000000	0.00129798	640.000000	0.00129543	640.000000	0.00130686	640.000000	2.74381e-07	
660.000000	0.00111318	660.000000	0.00129326	660.000000	0.00128434	660.000000	0.00128175	660.000000	0.001293  	660.000000	2.66639e-07	
680.000000	0.00110146	680.000000	0.0012803 	680.000000	0.00127153	680.000000	0.00126897	680.000000	0.00128004	680.000000	2.59335e-07	
700.000000	0.00109047	700.000000	0.00126816	700.000000	0.00125952	700.000000	0.00125701	700.000000	0.00126791	700.000000	2.52434e-07	
720.000000	0.00108017	720.000000	0.00125678	720.000000	0.00124828	720.000000	0.00124579	720.000000	0.00125654	720.000000	2.45903e-07	
740.000000	0.00107049	740.000000	0.0012461 	740.000000	0.00123773	740.000000	0.00123527	740.000000	0.00124586	740.000000	2.39711e-07	
760.000000	0.0010614 	760.000000	0.00123607	760.000000	0.0012278 	760.000000	0.00122537	760.000000	0.00123583	760.000000	2.33834e-07	
780.000000	0.00105284	780.000000	0.00122663	780.000000	0.00121847	780.000000	0.00121607	780.000000	0.0012264 	780.000000	2.28247e-07	
800.000000	0.00104478	800.000000	0.00121775	800.000000	0.00120972	800.000000	0.0012073 	800.000000	0.00121753	800.000000	2.22929e-07	
820.000000	0.00103718	820.000000	0.00120938	820.000000	0.00120149	820.000000	0.00119904	820.000000	0.00120916	820.000000	2.17862e-07	
840.000000	0.00103002	840.000000	0.00120149	840.000000	0.00119371	840.000000	0.00119123	840.000000	0.00120128	840.000000	2.13027e-07	
860.000000	0.00102327	860.000000	0.00119404	860.000000	0.00118633	860.000000	0.00118387	860.000000	0.00119384	860.000000	2.08409e-07	
880.000000	0.00101689	880.000000	0.00118701	880.000000	0.00117933	880.000000	0.0011769 	880.000000	0.00118681	880.000000	2.03993e-07	
900.000000	0.00101087	900.000000	0.00118037	900.000000	0.00117271	900.000000	0.0011703 	900.000000	0.00118017	900.000000	1.99766e-07	
920.000000	0.00100518	920.000000	0.0011741 	920.000000	0.00116645	920.000000	0.00116406	920.000000	0.0011739 	920.000000	1.95717e-07	
940.000000	0.000999805	940.000000	0.00116816	940.000000	0.00116051	940.000000	0.00115814	940.000000	0.00116797	940.000000	1.91834e-07	
960.000000	0.000994725	960.000000	0.00116255	960.000000	0.00115489	960.000000	0.00115253	960.000000	0.00116236	960.000000	1.88106e-07	
980.000000	0.000989923	980.000000	0.00115723	980.000000	0.00114955	980.000000	0.0011472 	980.000000	0.00115705	980.000000	1.84526e-07	
1000.000000	0.000985384	1000.000000	0.0011522 	1000.000000	0.00114448	1000.000000	0.00114215	1000.000000	0.00115202	1000.000000	1.81083e-07	
1020.000000	0.000981092	1020.000000	0.00114744	1020.000000	0.00113966	1020.000000	0.00113734	1020.000000	0.00114726	1020.000000	1.77771e-07	
1040.000000	0.000977035	1040.000000	0.00114293	1040.000000	0.00113507	1040.000000	0.00113278	1040.000000	0.00114276	1040.000000	1.74582e-07	
1060.000000	0.000973199	1060.000000	0.00113866	1060.000000	0.00113071	1060.000000	0.00112843	1060.000000	0.00113849	1060.000000	1.71508e-07	
1080.000000	0.000969574	1080.000000	0.00113461	1080.000000	0.00112656	1080.000000	0.0011243 	1080.000000	0.00113444	1080.000000	1.68545e-07	
1100.000000	0.000966148	1100.000000	0.00113078	1100.000000	0.00112262	1100.000000	0.00112036	1100.000000	0.00113061	1100.000000	1.65685e-07	
1120.000000	0.000962912	1120.000000	0.00112715	1120.000000	0.00111887	1120.000000	0.00111661	1120.000000	0.00112698	1120.000000	1.62924e-07	
1140.000000	0.000959856	1140.000000	0.0011237 	1140.000000	0.00111531	1140.000000	0.00111304	1140.000000	0.00112354	1140.000000	1.60256e-07	
1160.000000	0.000956971	1160.000000	0.00112045	1160.000000	0.00111193	1160.000000	0.00110964	1160.000000	0.00112029	1160.000000	1.57677e-07	
1180.000000	0.00095425	1180.000000	0.00111736	1180.000000	0.0011087 	1180.000000	0.00110639	1180.000000	0.0011172 	1180.000000	1.55183e-07	
1200.000000	0.000951684	1200.000000	0.00111444	1200.000000	0.00110561	1200.000000	0.0011033 	1200.000000	0.00111429	1200.000000	1.52768e-07	
1220.000000	0.000949267	1220.000000	0.00111167	1220.000000	0.00110266	1220.000000	0.00110035	1220.000000	0.00111152	1220.000000	1.5043e-07	
1240.000000	0.000946992	1240.000000	0.00110906	1240.000000	0.00109984	1240.000000	0.00109753	1240.000000	0.00110891	1240.000000	1.48165e-07	
1260.000000	0.000944852	1260.000000	0.00110658	1260.000000	0.00109713	1260.000000	0.00109484	1260.000000	0.00110644	1260.000000	1.45969e-07	
1280.000000	0.000942842	1280.000000	0.00110424	1280.000000	0.00109455	1280.000000	0.00109227	1280.000000	0.0011041 	1280.000000	1.43839e-07	
1300.000000	0.000940956	1300.000000	0.00110203	1300.000000	0.00109209	1300.000000	0.00108981	1300.000000	0.00110189	1300.000000	1.41773e-07	
1320.000000	0.000939188	1320.000000	0.00109995	1320.000000	0.00108973	1320.000000	0.00108747	1320.000000	0.00109981	1320.000000	1.39767e-07	
1340.000000	0.000937534	1340.000000	0.00109798	1340.000000	0.00108748	1340.000000	0.00108523	1340.000000	0.00109784	1340.000000	1.37819e-07	
1360.000000	0.00093599	1360.000000	0.00109612	1360.000000	0.00108534	1360.000000	0.00108309	1360.000000	0.00109599	1360.000000	1.35926e-07	
1380.000000	0.00093455	1380.000000	0.00109438	1380.000000	0.00108329	1380.000000	0.00108105	1380.000000	0.00109424	1380.000000	1.34086e-07	
1400.000000	0.000933211	1400.000000	0.00109273	1400.000000	0.00108133	1400.000000	0.0010791 	1400.000000	0.0010926 	1400.000000	1.32296e-07	
1420.000000	0.000931969	1420.000000	0.00109119	1420.000000	0.00107945	1420.000000	0.00107723	1420.000000	0.00109106	1420.000000	1.30556e-07	
1440.000000	0.000930819	1440.000000	0.00108974	1440.000000	0.00107766	1440.000000	0.00107544	1440.000000	0.00108961	1440.000000	1.28862e-07	
1460.000000	0.000929759	1460.000000	0.00108838	1460.000000	0.00107595	1460.000000	0.00107374	1460.000000	0.00108825	1460.000000	1.27212e-07	
1480.000000	0.000928785	1480.000000	0.00108711	1480.000000	0.00107431	1480.000000	0.00107211	1480.000000	0.00108698	1480.000000	1.25606e-07	
1500.000000	0.000927893	1500.000000	0.00108592	1500.000000	0.00107274	1500.000000	0.00107055	1500.000000	0.0010858 	1500.000000	1.24041e-07	
1520.000000	0.000927082	1520.000000	0.00108482	1520.000000	0.00107124	1520.000000	0.00106906	1520.000000	0.0010847 	1520.000000	1.22516e-07	
1540.000000	0.000926348	1540.000000	0.00108379	1540.000000	0.00106981	1540.000000	0.00106763	1540.000000	0.00108367	1540.000000	1.21029e-07	
1560.000000	0.000925688	1560.000000	0.00108284	1560.000000	0.00106844	1560.000000	0.00106627	1560.000000	0.00108272	1560.000000	1.19579e-07	
1580.000000	0.000925099	1580.000000	0.00108196	1580.000000	0.00106714	1580.000000	0.00106497	1580.000000	0.00108184	1580.000000	1.18164e-07	
1600.000000	0.00092458	1600.000000	0.00108115	1600.000000	0.0010659 	1600.000000	0.00106373	1600.000000	0.00108103	1600.000000	1.16784e-07	
1620.000000	0.000924127	1620.000000	0.0010804 	1620.000000	0.00106471	1620.000000	0.00106254	1620.000000	0.00108029	1620.000000	1.15436e-07	
1640.000000	0.00092374	1640.000000	0.00107972	1640.000000	0.00106358	1640.000000	0.00106141	1640.000000	0.00107961	1640.000000	1.1412e-07	
1660.000000	0.000923414	1660.000000	0.0010791 	1660.000000	0.00106251	1660.000000	0.00106033	1660.000000	0.00107899	1660.000000	1.12835e-07	
1680.000000	0.00092315	1680.000000	0.00107855	1680.000000	0.00106148	1680.000000	0.00105929	1680.000000	0.00107843	1680.000000	1.11579e-07	
1700.000000	0.000922943	1700.000000	0.00107805	1700.000000	0.0010605 	1700.000000	0.0010583 	1700.000000	0.00107794	1700.000000	1.10352e-07	
1750.000000	0.000922671	1750.000000	0.00107704	1750.000000	0.00105824	1750.000000	0.00105603	1750.000000	0.00107693	1750.000000	1.07403e-07	
1800.000000	0.000922727	1800.000000	0.00107635	1800.000000	0.00105623	1800.000000	0.00105401	1800.000000	0.00107624	1800.000000	1.04611e-07	
1850.000000	0.000923085	1850.000000	0.00107595	1850.000000	0.00105444	1850.000000	0.00105222	1850.000000	0.00107585	1850.000000	1.01966e-07	
1900.000000	0.000923726	1900.000000	0.00107583	1900.000000	0.00105286	1900.000000	0.00105064	1900.000000	0.00107573	1900.000000	9.94549e-08	
1950.000000	0.000924628	1950.000000	0.00107595	1950.000000	0.00105146	1950.000000	0.00104926	1950.000000	0.00107586	1950.000000	9.70683e-08	
2000.000000	0.000925775	2000.000000	0.00107631	2000.000000	0.00105023	2000.000000	0.00104805	2000.000000	0.00107622	2000.000000	9.4797e-08	
2100.000000	0.000928739	2100.000000	0.00107766	2100.000000	0.00104826	2100.000000	0.00104609	2100.000000	0.00107757	2100.000000	9.05682e-08	
2200.000000	0.000932508	2200.000000	0.00107975	2200.000000	0.00104682	2200.000000	0.00104467	2200.000000	0.00107967	2200.000000	8.67111e-08	
2300.000000	0.000936988	2300.000000	0.00108249	2300.000000	0.00104584	2300.000000	0.00104369	2300.000000	0.00108241	2300.000000	8.31783e-08	
2400.000000	0.000942101	2400.000000	0.0010858 	2400.000000	0.00104523	2400.000000	0.0010431 	2400.000000	0.00108572	2400.000000	7.99303e-08	
2500.000000	0.000947783	2500.000000	0.0010896 	2500.000000	0.00104495	2500.000000	0.00104283	2500.000000	0.00108953	2500.000000	7.69336e-08	
2600.000000	0.000953976	2600.000000	0.00109385	2600.000000	0.00104494	2600.000000	0.00104284	2600.000000	0.00109378	2600.000000	7.41598e-08	
2700.000000	0.000960633	2700.000000	0.00109849	2700.000000	0.00104517	2700.000000	0.00104308	2700.000000	0.00109841	2700.000000	7.15848e-08	
2800.000000	0.000967713	2800.000000	0.00110347	2800.000000	0.00104561	2800.000000	0.00104352	2800.000000	0.0011034 	2800.000000	6.91876e-08	
2900.000000	0.000975179	2900.000000	0.00110877	2900.000000	0.00104623	2900.000000	0.00104414	2900.000000	0.0011087 	2900.000000	6.69504e-08	
3000.000000	0.000983001	3000.000000	0.00111434	3000.000000	0.00104699	3000.000000	0.0010449 	3000.000000	0.00111428	3000.000000	6.48575e-08	
3200.000000	0.000999605	3200.000000	0.00112623	3200.000000	0.0010489 	3200.000000	0.00104679	3200.000000	0.00112617	3200.000000	6.10515e-08	
3400.000000	0.00101734	3400.000000	0.00113894	3400.000000	0.00105118	3400.000000	0.00104906	3400.000000	0.00113889	3400.000000	5.76792e-08	
3600.000000	0.00103607	3600.000000	0.00115235	3600.000000	0.00105374	3600.000000	0.0010516 	3600.000000	0.00115229	3600.000000	5.46698e-08	
3800.000000	0.00105567	3800.000000	0.00116632	3800.000000	0.00105649	3800.000000	0.00105435	3800.000000	0.00116627	3800.000000	5.19671e-08	
4000.000000	0.00107605	4000.000000	0.00118079	4000.000000	0.00105938	4000.000000	0.00105724	4000.000000	0.00118074	4000.000000	4.95262e-08	
4200.000000	0.00109715	4200.000000	0.00119566	4200.000000	0.00106237	4200.000000	0.00106024	4200.000000	0.00119561	4200.000000	4.73104e-08	
4400.000000	0.00111889	4400.000000	0.00121089	4400.000000	0.00106544	4400.000000	0.00106331	4400.000000	0.00121084	4400.000000	4.52898e-08	
4600.000000	0.00114123	4600.000000	0.00122641	4600.000000	0.00106854	4600.000000	0.00106642	4600.000000	0.00122637	4600.000000	4.34393e-08	
4800.000000	0.00116412	4800.000000	0.00124221	4800.000000	0.00107167	4800.000000	0.00106956	4800.000000	0.00124216	4800.000000	4.17382e-08	
5000.000000	0.00118752	5000.000000	0.00125822	5000.000000	0.00107481	5000.000000	0.0010727 	5000.000000	0.00125818	5000.000000	4.01689e-08	
5250.000000	0.00121746	5250.000000	0.00127852	5250.000000	0.00107873	5250.000000	0.00107663	5250.000000	0.00127848	5250.000000	3.83702e-08	
5500.000000	0.0012481 	5500.000000	0.00129908	5500.000000	0.00108262	5500.000000	0.00108053	5500.000000	0.00129905	5500.000000	3.673e-08 	
6000.000000	0.00131135	6000.000000	0.00134085	6000.000000	0.00109029	6000.000000	0.0010882 	6000.000000	0.00134082	6000.000000	3.38472e-08	
6500.000000	0.001377  	6500.000000	0.00138328	6500.000000	0.00109775	6500.000000	0.00109566	6500.000000	0.00138325	6500.000000	3.13948e-08	
7000.000000	0.00144486	7000.000000	0.00142621	7000.000000	0.00110495	7000.000000	0.00110287	7000.000000	0.00142618	7000.000000	2.92823e-08	
7500.000000	0.0015148 	7500.000000	0.00146951	7500.000000	0.0011119 	7500.000000	0.00110982	7500.000000	0.00146948	7500.000000	2.74431e-08	
8000.000000	0.00158669	8000.000000	0.0015131 	8000.000000	0.00111859	8000.000000	0.0011165 	8000.000000	0.00151307	8000.000000	2.58269e-08	
8500.000000	0.00166047	8500.000000	0.0015569 	8500.000000	0.001125  	8500.000000	0.00112293	8500.000000	0.00155687	8500.000000	2.43953e-08	
9000.000000	0.00173607	9000.000000	0.00160086	9000.000000	0.00113113	9000.000000	0.00112912	9000.000000	0.00160084	9000.000000	2.3118e-08	
9500.000000	0.00181344	9500.000000	0.00164495	9500.000000	0.00113704	9500.000000	0.00113506	9500.000000	0.00164493	9500.000000	2.19711e-08	
10000.000000	0.00189254	10000.000000	0.00168913	10000.000000	0.00114275	10000.000000	0.00114079	10000.000000	0.00168911	10000.000000	2.09355e-08	
11000.000000	0.00205581	11000.000000	0.00177767	11000.000000	0.00115358	11000.000000	0.00115161	11000.000000	0.00177765	11000.000000	1.91387e-08	
12000.000000	0.00222568	12000.000000	0.00186634	12000.000000	0.00116366	12000.000000	0.00116167	12000.000000	0.00186632	12000.000000	1.76328e-08	
13000.000000	0.00240203	13000.000000	0.00195505	13000.000000	0.00117305	13000.000000	0.00117107	13000.000000	0.00195503	13000.000000	1.63521e-08	
14000.000000	0.00258477	14000.000000	0.00204372	14000.000000	0.00118183	14000.000000	0.00117987	14000.000000	0.00204371	14000.000000	1.5249e-08	
15000.000000	0.00277384	15000.000000	0.00213234	15000.000000	0.00119008	15000.000000	0.00118813	15000.000000	0.00213232	15000.000000	1.42889e-08	
16000.000000	0.00296922	16000.000000	0.00222085	16000.000000	0.00119785	16000.000000	0.00119592	16000.000000	0.00222084	16000.000000	1.34454e-08	
17000.000000	0.00317087	17000.000000	0.00230925	17000.000000	0.0012052 	17000.000000	0.00120328	17000.000000	0.00230924	17000.000000	1.26983e-08	
18000.000000	0.00337879	18000.000000	0.00239752	18000.000000	0.00121216	18000.000000	0.00121026	18000.000000	0.00239751	18000.000000	1.20318e-08	
19000.000000	0.00359297	19000.000000	0.00248566	19000.000000	0.00121877	19000.000000	0.00121688	19000.000000	0.00248565	19000.000000	1.14335e-08	
20000.000000	0.00381342	20000.000000	0.00257366	20000.000000	0.00122507	20000.000000	0.00122319	20000.000000	0.00257365	20000.000000	1.08933e-08	
21000.000000	0.00404015	21000.000000	0.00266151	21000.000000	0.00123108	21000.000000	0.00122921	21000.000000	0.0026615 	21000.000000	1.04031e-08	
22000.000000	0.00427316	22000.000000	0.00274922	22000.000000	0.00123685	22000.000000	0.00123496	22000.000000	0.00274921	22000.000000	9.95619e-09	
23000.000000	0.00451249	23000.000000	0.00283679	23000.000000	0.0012423 	23000.000000	0.00124047	23000.000000	0.00283678	23000.000000	9.54705e-09	
24000.000000	0.00475814	24000.000000	0.00292421	24000.000000	0.00124753	24000.000000	0.00124575	24000.000000	0.00292421	24000.000000	9.17103e-09	
25000.000000	0.00501013	25000.000000	0.0030115 	25000.000000	0.00125261	25000.000000	0.00125082	25000.000000	0.00301149	25000.000000	8.82423e-09	
26000.000000	0.0052685 	26000.000000	0.00309864	26000.000000	0.00125749	26000.000000	0.0012557 	26000.000000	0.00309864	26000.000000	8.50336e-09	
27000.000000	0.00553326	27000.000000	0.00318565	27000.000000	0.00126216	27000.000000	0.0012604 	27000.000000	0.00318564	27000.000000	8.20559e-09	
28000.000000	0.00580444	28000.000000	0.00327253	28000.000000	0.00126665	28000.000000	0.00126494	28000.000000	0.00327252	28000.000000	7.92848e-09	
29000.000000	0.00608207	29000.000000	0.00335927	29000.000000	0.001271  	29000.000000	0.00126932	29000.000000	0.00335926	29000.000000	7.66994e-09	
30000.000000	0.00636618	30000.000000	0.00344588	30000.000000	0.00127521	30000.000000	0.00127355	30000.000000	0.00344588	30000.000000	7.42815e-09	
32000.000000	0.00695394	32000.000000	0.00361874	32000.000000	0.00128322	32000.000000	0.00128162	32000.000000	0.00361873	32000.000000	6.98865e-09	
34000.000000	0.00756799	34000.000000	0.0037911 	34000.000000	0.00129074	34000.000000	0.0012892 	34000.000000	0.0037911 	34000.000000	6.59945e-09	
36000.000000	0.00820856	36000.000000	0.00396301	36000.000000	0.00129782	36000.000000	0.00129635	36000.000000	0.00396301	36000.000000	6.25231e-09	
38000.000000	0.00887593	38000.000000	0.00413448	38000.000000	0.00130452	38000.000000	0.00130312	38000.000000	0.00413447	38000.000000	5.94071e-09	
40000.000000	0.00957037	40000.000000	0.00430552	40000.000000	0.00131089	40000.000000	0.00130955	40000.000000	0.00430551	40000.000000	5.65942e-09	
42000.000000	0.0102922 	42000.000000	0.00447616	42000.000000	0.00131694	42000.000000	0.00131566	42000.000000	0.00447615	42000.000000	5.40419e-09	
44000.000000	0.0110416 	44000.000000	0.0046464 	44000.000000	0.0013227 	44000.000000	0.00132148	44000.000000	0.0046464 	44000.000000	5.17152e-09	
46000.000000	0.0118189 	46000.000000	0.00481628	46000.000000	0.0013282 	46000.000000	0.00132705	46000.000000	0.00481628	46000.000000	4.95854e-09	
48000.000000	0.0126245 	48000.000000	0.0049858 	48000.000000	0.00133345	48000.000000	0.00133238	48000.000000	0.00498579	48000.000000	4.76282e-09	
50000.000000	0.0134585 	50000.000000	0.00515497	50000.000000	0.00133847	50000.000000	0.00133749	50000.000000	0.00515497	50000.000000	4.58233e-09	
