*Energy (MeV/u)1	0 - [He-base] F.Hubert et al, AD&ND Tables 46(1990)1	Energy (MeV/u)2	1 - [H -base] J.F.Ziegler et al, Pergamon Press, NY (low energy)	Energy (MeV/u)3	2 - ATIMA 1.2  LS-theory (recommended for high energy)	Energy (MeV/u)4	3 - ATIMA 1.2  without LS-correction	Energy (MeV/u)5	4 - electrical component of [1] - J.F.Ziegler et al	Energy (MeV/u)6	5 - nuclear component of [1] - J.F.Ziegler et al	
0.001000	0.664184  	0.001000	0.12952   	0.001000	0.0973689 	0.001000	0.0973689 	0.001000	0.0991209 	0.001000	0.0303992
0.002000	0.735927  	0.002000	0.166952  	0.002000	0.124368  	0.002000	0.124368  	0.002000	0.137293  	0.002000	0.0296583
0.005000	0.907264  	0.005000	0.236151  	0.005000	0.174705  	0.005000	0.174705  	0.005000	0.211194  	0.005000	0.0249568
0.008000	1.03953   	0.008000	0.2848    	0.008000	0.210817  	0.008000	0.210817  	0.008000	0.263401  	0.008000	0.0213992
0.010000	1.11463   	0.010000	0.312125  	0.010000	0.231374  	0.010000	0.231374  	0.010000	0.292526  	0.010000	0.0195987
0.015000	1.30253   	0.015000	0.370269  	0.015000	0.275701  	0.015000	0.275701  	0.015000	0.353939  	0.015000	0.0163306
0.020000	1.45112   	0.020000	0.419297  	0.020000	0.31361   	0.020000	0.31361   	0.020000	0.405181  	0.020000	0.0141154
0.025000	1.6139    	0.025000	0.463396  	0.025000	0.349914  	0.025000	0.349914  	0.025000	0.450896  	0.025000	0.0125003
0.030000	1.75087   	0.030000	0.504236  	0.030000	0.420546  	0.030000	0.420546  	0.030000	0.492974  	0.030000	0.0112618
0.035000	1.84814   	0.035000	0.543055  	0.035000	0.469568  	0.035000	0.469568  	0.035000	0.532778  	0.035000	0.010277
0.040000	1.92037   	0.040000	0.579156  	0.040000	0.506189  	0.040000	0.506189  	0.040000	0.569684  	0.040000	0.00947201
0.045000	1.9707    	0.045000	0.606689  	0.045000	0.537114  	0.045000	0.537114  	0.045000	0.597889  	0.045000	0.00879971
0.050000	2.00083   	0.050000	0.630124  	0.050000	0.56521   	0.050000	0.56521   	0.050000	0.621895  	0.050000	0.00822842
0.055000	2.07574   	0.055000	0.651665  	0.055000	0.591457  	0.055000	0.591457  	0.055000	0.643929  	0.055000	0.00773599
0.060000	2.13828   	0.060000	0.671467  	0.060000	0.616144  	0.060000	0.616144  	0.060000	0.664161  	0.060000	0.00730646
0.070000	2.23038   	0.070000	0.706434  	0.070000	0.661077  	0.070000	0.661077  	0.070000	0.699843  	0.070000	0.00659158
0.080000	2.3326    	0.080000	0.736031  	0.080000	0.700265  	0.080000	0.700265  	0.080000	0.730012  	0.080000	0.0060187
0.090000	2.40886   	0.090000	0.761055  	0.090000	0.734054  	0.090000	0.734054  	0.090000	0.755507  	0.090000	0.00554787
0.100000	2.46608   	0.100000	0.782154  	0.100000	0.762935  	0.100000	0.762935  	0.100000	0.777     	0.100000	0.00515308
0.120000	2.48593   	0.120000	0.814632  	0.120000	0.80808   	0.120000	0.80808   	0.120000	0.810147  	0.120000	0.00448465
0.140000	2.49963   	0.140000	0.841056  	0.140000	0.839891  	0.140000	0.839891  	0.140000	0.837044  	0.140000	0.00401202
0.160000	2.5055    	0.160000	0.861189  	0.160000	0.861781  	0.160000	0.861781  	0.160000	0.857551  	0.160000	0.00363787
0.180000	2.51172   	0.180000	0.874323  	0.180000	0.876459  	0.180000	0.876459  	0.180000	0.87099   	0.180000	0.00333352
0.200000	2.52102   	0.200000	0.882485  	0.200000	0.885957  	0.200000	0.885957  	0.200000	0.879404  	0.200000	0.00308056
0.250000	2.49128   	0.250000	0.894773  	0.250000	0.895788  	0.250000	0.895788  	0.250000	0.892173  	0.250000	0.00260066
0.300000	2.48158   	0.300000	0.900347  	0.300000	0.895253  	0.300000	0.895253  	0.300000	0.898087  	0.300000	0.00225996
0.350000	2.47471   	0.350000	0.903889  	0.350000	0.890203  	0.350000	0.890203  	0.350000	0.901885  	0.350000	0.00200432
0.400000	2.48679   	0.400000	0.911083  	0.400000	0.891251  	0.400000	0.891251  	0.400000	0.909278  	0.400000	0.00180472
0.450000	2.49181   	0.450000	0.919659  	0.450000	0.888958  	0.450000	0.888958  	0.450000	0.918015  	0.450000	0.00164414
0.500000	2.48867   	0.500000	0.924301  	0.500000	0.884109  	0.500000	0.884109  	0.500000	0.922789  	0.500000	0.00151188
0.600000	2.38737   	0.600000	0.936765  	0.600000	0.869006  	0.600000	0.869006  	0.600000	0.935458  	0.600000	0.00130627
0.700000	2.2417    	0.700000	0.929932  	0.700000	0.849076  	0.700000	0.849076  	0.700000	0.928778  	0.700000	0.00115327
0.800000	2.15825   	0.800000	0.904224  	0.800000	0.828674  	0.800000	0.828674  	0.800000	0.903189  	0.800000	0.00103458
0.900000	2.0753    	0.900000	0.878086  	0.900000	0.808318  	0.900000	0.808318  	0.900000	0.877147  	0.900000	0.000939597
1.000000	1.99377   	1.000000	0.851523  	1.000000	0.788291  	1.000000	0.788291  	1.000000	0.850661  	1.000000	0.000861716
1.250000	1.80326   	1.250000	0.788745  	1.250000	0.738305  	1.250000	0.738305  	1.250000	0.788028  	1.250000	0.000716614
1.500000	1.63646   	1.500000	0.730592  	1.500000	0.692188  	1.500000	0.692188  	1.500000	0.729976  	1.500000	0.000615727
1.750000	1.49149   	1.750000	0.676901  	1.750000	0.652108  	1.750000	0.652108  	1.750000	0.67636   	1.750000	0.000541208
2.000000	1.37152   	2.000000	0.633043  	2.000000	0.61657   	2.000000	0.61657   	2.000000	0.63256   	2.000000	0.000483746
2.250000	1.2722    	2.250000	0.595995  	2.250000	0.584753  	2.250000	0.584753  	2.250000	0.595557  	2.250000	0.000437985
2.500000	1.16633   	2.500000	0.563823  	2.500000	0.556104  	2.500000	0.556104  	2.500000	0.563422  	2.500000	0.000400618
3.000000	1.03444   	3.000000	0.507733  	3.000000	0.506692  	3.000000	0.506692  	3.000000	0.50739   	3.000000	0.000343122
3.500000	0.930712  	3.500000	0.465025  	3.500000	0.46573   	3.500000	0.46573   	3.500000	0.464724  	3.500000	0.000300826
4.000000	0.846941  	4.000000	0.430513  	4.000000	0.431331  	4.000000	0.431331  	4.000000	0.430244  	4.000000	0.000268317
4.500000	0.777818  	4.500000	0.401674  	4.500000	0.402087  	4.500000	0.402087  	4.500000	0.401432  	4.500000	0.000242498
5.000000	0.719769  	5.000000	0.37706   	5.000000	0.376946  	5.000000	0.376946  	5.000000	0.376838  	5.000000	0.000221464
5.500000	0.670298  	5.500000	0.355731  	5.500000	0.355102  	5.500000	0.355102  	5.500000	0.355527  	5.500000	0.000203975
6.000000	0.62761   	6.000000	0.337032  	6.000000	0.335943  	6.000000	0.335943  	6.000000	0.336843  	6.000000	0.00018919
6.500000	0.590382  	6.500000	0.320482  	6.500000	0.318998  	6.500000	0.318998  	6.500000	0.320306  	6.500000	0.000176516
7.000000	0.557615  	7.000000	0.305716  	7.000000	0.303898  	7.000000	0.303898  	7.000000	0.305551  	7.000000	0.000165524
7.500000	0.528542  	7.500000	0.292449  	7.500000	0.290351  	7.500000	0.290351  	7.500000	0.292294  	7.500000	0.000155893
8.000000	0.502562  	8.000000	0.280456  	8.000000	0.278122  	8.000000	0.278122  	8.000000	0.280309  	8.000000	0.00014738
8.500000	0.479199  	8.500000	0.269555  	8.500000	0.267022  	8.500000	0.267022  	8.500000	0.269415  	8.500000	0.000139799
9.000000	0.458072  	9.000000	0.259597  	9.000000	0.256897  	9.000000	0.256897  	9.000000	0.259464  	9.000000	0.000133002
9.500000	0.43887   	9.500000	0.250461  	9.500000	0.24762   	9.500000	0.24762   	9.500000	0.250334  	9.500000	0.00012687
10.000000	0.421336  	10.000000	0.243649  	10.000000	0.239084  	10.000000	0.239084  	10.000000	0.243528  	10.000000	0.00012131
11.000000	0.390463  	11.000000	0.230017  	11.000000	0.224628  	11.000000	0.224797  	11.000000	0.229905  	11.000000	0.000111604
12.000000	0.364135  	12.000000	0.217761  	12.000000	0.212064  	12.000000	0.212342  	12.000000	0.217658  	12.000000	0.00010341
13.000000	0.341404  	13.000000	0.20673   	13.000000	0.201032  	13.000000	0.201379  	13.000000	0.206633  	13.000000	9.63948e-05
14.000000	0.321571  	14.000000	0.196775  	14.000000	0.191256  	14.000000	0.191648  	14.000000	0.196685  	14.000000	9.03173e-05
15.000000	0.304105  	15.000000	0.187763  	15.000000	0.182527  	15.000000	0.182945  	15.000000	0.187678  	15.000000	8.4998e-05
16.000000	0.288602  	16.000000	0.179574  	16.000000	0.17468   	16.000000	0.175111  	16.000000	0.179494  	16.000000	8.03012e-05
17.000000	0.274743  	17.000000	0.172108  	17.000000	0.167582  	17.000000	0.168017  	17.000000	0.172032  	17.000000	7.61218e-05
18.000000	0.262275  	18.000000	0.165277  	18.000000	0.161132  	18.000000	0.161562  	18.000000	0.165204  	18.000000	7.23774e-05
19.000000	0.250997  	19.000000	0.159005  	19.000000	0.155242  	19.000000	0.155658  	19.000000	0.158936  	19.000000	6.90023e-05
20.000000	0.240743  	20.000000	0.153228  	20.000000	0.149833  	20.000000	0.150237  	20.000000	0.153162  	20.000000	6.59436e-05
21.000000	0.231377  	21.000000	0.147891  	21.000000	0.144833  	21.000000	0.145223  	21.000000	0.147827  	21.000000	6.3158e-05
22.000000	0.222787  	22.000000	0.142945  	22.000000	0.140213  	22.000000	0.140583  	22.000000	0.142885  	22.000000	6.06098e-05
23.000000	0.214879  	23.000000	0.138351  	23.000000	0.135946  	23.000000	0.136294  	23.000000	0.138293  	23.000000	5.82695e-05
24.000000	0.207574  	24.000000	0.134071  	24.000000	0.131975  	24.000000	0.132301  	24.000000	0.134015  	24.000000	5.61123e-05
25.000000	0.200803  	25.000000	0.130076  	25.000000	0.128266  	25.000000	0.128576  	25.000000	0.130022  	25.000000	5.41169e-05
27.000000	0.188643  	27.000000	0.12283   	27.000000	0.12155   	27.000000	0.121822  	27.000000	0.12278   	27.000000	5.05433e-05
29.000000	0.178028  	29.000000	0.116433  	29.000000	0.115633  	29.000000	0.115857  	29.000000	0.116385  	29.000000	4.74336e-05
31.000000	0.168676  	31.000000	0.110743  	31.000000	0.110194  	31.000000	0.110367  	31.000000	0.110698  	31.000000	4.47016e-05
33.000000	0.160371  	33.000000	0.105649  	33.000000	0.105159  	33.000000	0.10529   	33.000000	0.105606  	33.000000	4.22815e-05
35.000000	0.152943  	35.000000	0.10106   	35.000000	0.10065   	35.000000	0.10073   	35.000000	0.10102   	35.000000	4.0122e-05
38.000000	0.14316   	38.000000	0.0949725 	38.000000	0.0946643 	38.000000	0.0946927 	38.000000	0.0949352 	38.000000	3.72847e-05
41.000000	0.134705  	41.000000	0.0896718 	41.000000	0.0894547 	41.000000	0.0894452 	41.000000	0.0896369 	41.000000	3.48394e-05
44.000000	0.127322  	44.000000	0.0850136 	44.000000	0.0848655 	44.000000	0.0848381 	44.000000	0.0849809 	44.000000	3.27089e-05
47.000000	0.120814  	47.000000	0.0808867 	47.000000	0.0808062 	47.000000	0.080758  	47.000000	0.0808558 	47.000000	3.08353e-05
50.000000	0.115033  	50.000000	0.0772042 	50.000000	0.0771914 	50.000000	0.0771172 	50.000000	0.077175  	50.000000	2.9174e-05
55.000000	0.106703  	55.000000	0.0718736 	55.000000	0.0719366 	55.000000	0.0718444 	55.000000	0.0718468 	55.000000	2.67863e-05
60.000000	0.0996682 	60.000000	0.0673506 	60.000000	0.0674698 	60.000000	0.0673658 	60.000000	0.0673258 	60.000000	2.47754e-05
65.000000	0.0936431 	65.000000	0.0634627 	65.000000	0.0636326 	65.000000	0.0635112 	65.000000	0.0634397 	65.000000	2.30575e-05
70.000000	0.0884208 	70.000000	0.0600838 	70.000000	0.0602802 	70.000000	0.0601563 	70.000000	0.0600622 	70.000000	2.15721e-05
75.000000	0.0838478 	75.000000	0.057119  	75.000000	0.0573464 	75.000000	0.0572081 	75.000000	0.0570987 	75.000000	2.02743e-05
80.000000	0.0798079 	80.000000	0.0544958 	80.000000	0.0547377 	80.000000	0.0545958 	80.000000	0.0544767 	80.000000	1.91303e-05
85.000000	0.076211  	85.000000	0.0521579 	85.000000	0.0524081 	85.000000	0.0522641 	85.000000	0.0521398 	85.000000	1.81138e-05
90.000000	0.0729865 	90.000000	0.0500608 	90.000000	0.0503151 	90.000000	0.0501695 	90.000000	0.0500436 	90.000000	1.72044e-05
95.000000	0.0700783 	95.000000	0.0481686 	95.000000	0.0484239 	95.000000	0.048277  	95.000000	0.0481522 	95.000000	1.63858e-05
100.000000	0.0674408 	100.000000	0.0464524 	100.000000	0.0467063 	100.000000	0.0465584 	100.000000	0.0464368 	100.000000	1.56448e-05
105.000000	0.0650372 	105.000000	0.0448887 	105.000000	0.0451391 	105.000000	0.0449905 	105.000000	0.0448737 	105.000000	1.49707e-05
110.000000	0.062837  	110.000000	0.0434577 	110.000000	0.0437029 	110.000000	0.043554  	110.000000	0.0434433 	110.000000	1.43547e-05
115.000000	0.0608148 	115.000000	0.0421431 	115.000000	0.0423831 	115.000000	0.0422329 	115.000000	0.0421293 	115.000000	1.37896e-05
120.000000	0.0589492 	120.000000	0.0409312 	120.000000	0.041161  	120.000000	0.0410137 	120.000000	0.0409179 	120.000000	1.32692e-05
125.000000	0.0572224 	125.000000	0.0398102 	125.000000	0.0400279 	125.000000	0.0398851 	125.000000	0.0397974 	125.000000	1.27882e-05
130.000000	0.0556191 	130.000000	0.0387703 	130.000000	0.0389806 	130.000000	0.038837  	130.000000	0.0387579 	130.000000	1.23424e-05
135.000000	0.054126  	135.000000	0.0378029 	135.000000	0.0380052 	135.000000	0.0378613 	135.000000	0.0377909 	135.000000	1.19279e-05
140.000000	0.052732  	140.000000	0.0369006 	140.000000	0.0370944 	140.000000	0.0369505 	140.000000	0.036889  	140.000000	1.15416e-05
145.000000	0.0514272 	145.000000	0.036057  	145.000000	0.0362424 	145.000000	0.0360985 	145.000000	0.0360458 	145.000000	1.11805e-05
150.000000	0.0502032 	150.000000	0.0352665 	150.000000	0.0354434 	150.000000	0.0352996 	150.000000	0.0352557 	150.000000	1.08423e-05
155.000000	0.0484797 	155.000000	0.0345244 	155.000000	0.0346934 	155.000000	0.034549  	155.000000	0.0345138 	155.000000	1.05249e-05
160.000000	0.0474694 	160.000000	0.0338261 	160.000000	0.0339857 	160.000000	0.0338426 	160.000000	0.0338159 	160.000000	1.02262e-05
165.000000	0.0465168 	165.000000	0.033168  	165.000000	0.0333158 	165.000000	0.0331764 	165.000000	0.0331581 	165.000000	9.94482e-06
170.000000	0.0456169 	170.000000	0.0325467 	170.000000	0.0326849 	170.000000	0.0325471 	170.000000	0.032537  	170.000000	9.67912e-06
175.000000	0.0447654 	175.000000	0.0319591 	175.000000	0.03209   	175.000000	0.0319518 	175.000000	0.0319496 	175.000000	9.42785e-06
180.000000	0.0439584 	180.000000	0.0314026 	180.000000	0.0315259 	180.000000	0.0313878 	180.000000	0.0313934 	180.000000	9.18985e-06
185.000000	0.0431926 	185.000000	0.0308747 	185.000000	0.0309907 	185.000000	0.0308527 	185.000000	0.0308657 	185.000000	8.96408e-06
190.000000	0.0424647 	190.000000	0.0303734 	190.000000	0.0304826 	190.000000	0.0303443 	190.000000	0.0303646 	190.000000	8.7496e-06
195.000000	0.041772  	195.000000	0.0298966 	195.000000	0.0299975 	195.000000	0.0298608 	195.000000	0.029888  	195.000000	8.54558e-06
200.000000	0.041112  	200.000000	0.0294426 	200.000000	0.0295341 	200.000000	0.0294002 	200.000000	0.0294343 	200.000000	8.35126e-06
210.000000	0.0398811 	210.000000	0.0285968 	210.000000	0.0286746 	210.000000	0.0285421 	210.000000	0.0285888 	210.000000	7.98903e-06
220.000000	0.0387562 	220.000000	0.0278248 	220.000000	0.027891  	220.000000	0.0277587 	220.000000	0.0278172 	220.000000	7.65816e-06
230.000000	0.0377239 	230.000000	0.0271175 	230.000000	0.0271733 	230.000000	0.0270408 	230.000000	0.0271102 	230.000000	7.35469e-06
240.000000	0.0367732 	240.000000	0.026467  	240.000000	0.0265098 	240.000000	0.0263808 	240.000000	0.02646   	240.000000	7.07531e-06
250.000000	0.0358949 	250.000000	0.0258669 	250.000000	0.0258989 	250.000000	0.0257718 	250.000000	0.0258601 	250.000000	6.81721e-06
260.000000	0.0350808 	260.000000	0.0253115 	260.000000	0.0253357 	260.000000	0.0252085 	260.000000	0.0253049 	260.000000	6.57803e-06
270.000000	0.0343241 	270.000000	0.024796  	270.000000	0.0248126 	270.000000	0.0246858 	270.000000	0.0247897 	270.000000	6.35573e-06
280.000000	0.0336191 	280.000000	0.0243164 	280.000000	0.0243256 	280.000000	0.0241997 	280.000000	0.0243103 	280.000000	6.14856e-06
290.000000	0.0329606 	290.000000	0.0238691 	290.000000	0.0238701 	290.000000	0.0237465 	290.000000	0.0238631 	290.000000	5.95501e-06
300.000000	0.0323441 	300.000000	0.0234509 	300.000000	0.0234453 	300.000000	0.0233232 	300.000000	0.0234452 	300.000000	5.77375e-06
310.000000	0.0317658 	310.000000	0.0230592 	310.000000	0.0230492 	310.000000	0.0229269 	310.000000	0.0230536 	310.000000	5.60365e-06
320.000000	0.0312223 	320.000000	0.0226916 	320.000000	0.0226774 	320.000000	0.0225551 	320.000000	0.0226862 	320.000000	5.44367e-06
330.000000	0.0307105 	330.000000	0.0223459 	330.000000	0.0223262 	330.000000	0.0222059 	330.000000	0.0223407 	330.000000	5.29294e-06
340.000000	0.0302278 	340.000000	0.0220204 	340.000000	0.0219953 	340.000000	0.0218772 	340.000000	0.0220152 	340.000000	5.15067e-06
350.000000	0.0297718 	350.000000	0.0217132 	350.000000	0.0216851 	350.000000	0.0215674 	350.000000	0.0217082 	350.000000	5.01614e-06
360.000000	0.0293404 	360.000000	0.021423  	360.000000	0.021393  	360.000000	0.021275  	360.000000	0.0214181 	360.000000	4.88875e-06
370.000000	0.0289316 	370.000000	0.0211485 	370.000000	0.0211163 	370.000000	0.0209985 	370.000000	0.0211437 	370.000000	4.76792e-06
380.000000	0.0285439 	380.000000	0.0208883 	380.000000	0.0208531 	380.000000	0.0207369 	380.000000	0.0208837 	380.000000	4.65316e-06
390.000000	0.0281756 	390.000000	0.0206416 	390.000000	0.0206033 	390.000000	0.0204889 	390.000000	0.020637  	390.000000	4.54401e-06
400.000000	0.0278254 	400.000000	0.0204072 	400.000000	0.0203673 	400.000000	0.0202536 	400.000000	0.0204027 	400.000000	4.44007e-06
410.000000	0.0274919 	410.000000	0.0201843 	410.000000	0.020144  	410.000000	0.0200302 	410.000000	0.02018   	410.000000	4.34096e-06
420.000000	0.0271741 	420.000000	0.0199722 	420.000000	0.0199317 	420.000000	0.0198177 	420.000000	0.019968  	420.000000	4.24636e-06
430.000000	0.026871  	430.000000	0.0197701 	430.000000	0.0197291 	430.000000	0.0196155 	430.000000	0.0197659 	430.000000	4.15596e-06
440.000000	0.0265815 	440.000000	0.0195773 	440.000000	0.019535  	440.000000	0.0194228 	440.000000	0.0195732 	440.000000	4.06948e-06
450.000000	0.0263048 	450.000000	0.0193932 	450.000000	0.0193498 	450.000000	0.0192391 	450.000000	0.0193893 	450.000000	3.98667e-06
460.000000	0.0260401 	460.000000	0.0192174 	460.000000	0.019174  	460.000000	0.0190638 	460.000000	0.0192135 	460.000000	3.90729e-06
470.000000	0.0257867 	470.000000	0.0190492 	470.000000	0.0190066 	470.000000	0.0188964 	470.000000	0.0190454 	470.000000	3.83114e-06
480.000000	0.0255439 	480.000000	0.0188883 	480.000000	0.0188465 	480.000000	0.0187367 	480.000000	0.0188845 	480.000000	3.75802e-06
490.000000	0.0253111 	490.000000	0.0187341 	490.000000	0.0186929 	490.000000	0.0185844 	490.000000	0.0187304 	490.000000	3.68775e-06
500.000000	0.0250877 	500.000000	0.0185863 	500.000000	0.0185458 	500.000000	0.0184385 	500.000000	0.0185827 	500.000000	3.62016e-06
520.000000	0.0246672 	520.000000	0.0183086 	520.000000	0.0182713 	520.000000	0.0181647 	520.000000	0.0183051 	520.000000	3.49243e-06
540.000000	0.0242785 	540.000000	0.0180524 	540.000000	0.0180196 	540.000000	0.0179126 	540.000000	0.018049  	540.000000	3.37375e-06
560.000000	0.0239185 	560.000000	0.0178155 	560.000000	0.0177863 	560.000000	0.01768   	560.000000	0.0178122 	560.000000	3.26317e-06
580.000000	0.0235842 	580.000000	0.017596  	580.000000	0.0175693 	580.000000	0.017465  	580.000000	0.0175928 	580.000000	3.15988e-06
600.000000	0.0232734 	600.000000	0.0173922 	600.000000	0.0173691 	600.000000	0.0172657 	600.000000	0.0173891 	600.000000	3.06317e-06
620.000000	0.0229837 	620.000000	0.0172026 	620.000000	0.0171842 	620.000000	0.0170808 	620.000000	0.0171996 	620.000000	2.97243e-06
640.000000	0.0227134 	640.000000	0.0170259 	640.000000	0.0170123 	640.000000	0.0169088 	640.000000	0.017023  	640.000000	2.88711e-06
660.000000	0.0224607 	660.000000	0.016861  	660.000000	0.0168515 	660.000000	0.0167486 	660.000000	0.0168582 	660.000000	2.80674e-06
680.000000	0.0222243 	680.000000	0.0167069 	680.000000	0.0167007 	680.000000	0.0165992 	680.000000	0.0167042 	680.000000	2.73089e-06
700.000000	0.0220027 	700.000000	0.0165627 	700.000000	0.0165601 	700.000000	0.0164596 	700.000000	0.01656   	700.000000	2.65918e-06
720.000000	0.0217948 	720.000000	0.0164275 	720.000000	0.0164293 	720.000000	0.0163291 	720.000000	0.0164249 	720.000000	2.59128e-06
740.000000	0.0215995 	740.000000	0.0163007 	740.000000	0.0163072 	740.000000	0.0162069 	740.000000	0.0162982 	740.000000	2.5269e-06
760.000000	0.021416  	760.000000	0.0161817 	760.000000	0.0161927 	760.000000	0.0160923 	760.000000	0.0161792 	760.000000	2.46576e-06
780.000000	0.0212433 	780.000000	0.0160697 	780.000000	0.0160849 	780.000000	0.0159848 	780.000000	0.0160673 	780.000000	2.40761e-06
800.000000	0.0210806 	800.000000	0.0159644 	800.000000	0.0159831 	800.000000	0.0158838 	800.000000	0.0159621 	800.000000	2.35225e-06
820.000000	0.0209274 	820.000000	0.0158652 	820.000000	0.0158871 	820.000000	0.0157889 	820.000000	0.0158629 	820.000000	2.29948e-06
840.000000	0.0207829 	840.000000	0.0157718 	840.000000	0.0157971 	840.000000	0.0156996 	840.000000	0.0157695 	840.000000	2.24911e-06
860.000000	0.0206466 	860.000000	0.0156837 	860.000000	0.0157129 	860.000000	0.0156155 	860.000000	0.0156815 	860.000000	2.20098e-06
880.000000	0.0205179 	880.000000	0.0156005 	880.000000	0.0156337 	880.000000	0.0155362 	880.000000	0.0155984 	880.000000	2.15494e-06
900.000000	0.0203964 	900.000000	0.015522  	900.000000	0.0155586 	900.000000	0.0154615 	900.000000	0.0155199 	900.000000	2.11086e-06
920.000000	0.0202817 	920.000000	0.0154479 	920.000000	0.0154874 	920.000000	0.015391  	920.000000	0.0154458 	920.000000	2.06862e-06
940.000000	0.0201732 	940.000000	0.0153779 	940.000000	0.01542   	940.000000	0.0153244 	940.000000	0.0153758 	940.000000	2.0281e-06
960.000000	0.0200707 	960.000000	0.0153117 	960.000000	0.0153565 	960.000000	0.0152615 	960.000000	0.0153097 	960.000000	1.98919e-06
980.000000	0.0199738 	980.000000	0.0152491 	980.000000	0.0152968 	980.000000	0.0152021 	980.000000	0.0152471 	980.000000	1.95181e-06
1000.000000	0.0198823 	1000.000000	0.0151899 	1000.000000	0.0152406 	1000.000000	0.0151459 	1000.000000	0.0151879 	1000.000000	1.91586e-06
1020.000000	0.0197957 	1020.000000	0.0151339 	1020.000000	0.0151875 	1020.000000	0.0150927 	1020.000000	0.015132  	1020.000000	1.88125e-06
1040.000000	0.0197138 	1040.000000	0.0150809 	1040.000000	0.0151373 	1040.000000	0.0150425 	1040.000000	0.015079  	1040.000000	1.84792e-06
1060.000000	0.0196364 	1060.000000	0.0150307 	1060.000000	0.0150898 	1060.000000	0.0149949 	1060.000000	0.0150289 	1060.000000	1.8158e-06
1080.000000	0.0195633 	1080.000000	0.0149833 	1080.000000	0.0150447 	1080.000000	0.0149498 	1080.000000	0.0149815 	1080.000000	1.78481e-06
1100.000000	0.0194941 	1100.000000	0.0149384 	1100.000000	0.0150018 	1100.000000	0.0149071 	1100.000000	0.0149367 	1100.000000	1.75491e-06
1120.000000	0.0194288 	1120.000000	0.014896  	1120.000000	0.014961  	1120.000000	0.0148667 	1120.000000	0.0148943 	1120.000000	1.72603e-06
1140.000000	0.0193672 	1140.000000	0.0148558 	1140.000000	0.0149222 	1140.000000	0.0148284 	1140.000000	0.0148541 	1140.000000	1.69811e-06
1160.000000	0.019309  	1160.000000	0.0148178 	1160.000000	0.0148854 	1160.000000	0.0147922 	1160.000000	0.0148162 	1160.000000	1.67112e-06
1180.000000	0.0192541 	1180.000000	0.0147819 	1180.000000	0.0148506 	1180.000000	0.0147578 	1180.000000	0.0147803 	1180.000000	1.64501e-06
1200.000000	0.0192023 	1200.000000	0.014748  	1200.000000	0.0148177 	1200.000000	0.0147252 	1200.000000	0.0147464 	1200.000000	1.61973e-06
1220.000000	0.0191535 	1220.000000	0.0147159 	1220.000000	0.0147866 	1220.000000	0.0146944 	1220.000000	0.0147143 	1220.000000	1.59525e-06
1240.000000	0.0191076 	1240.000000	0.0146856 	1240.000000	0.0147573 	1240.000000	0.0146651 	1240.000000	0.0146841 	1240.000000	1.57152e-06
1260.000000	0.0190644 	1260.000000	0.0146571 	1260.000000	0.0147296 	1260.000000	0.0146374 	1260.000000	0.0146555 	1260.000000	1.54851e-06
1280.000000	0.0190239 	1280.000000	0.0146301 	1280.000000	0.0147034 	1280.000000	0.0146111 	1280.000000	0.0146286 	1280.000000	1.52619e-06
1300.000000	0.0189858 	1300.000000	0.0146047 	1300.000000	0.0146785 	1300.000000	0.0145862 	1300.000000	0.0146032 	1300.000000	1.50453e-06
1320.000000	0.0189502 	1320.000000	0.0145808 	1320.000000	0.0146548 	1320.000000	0.0145627 	1320.000000	0.0145793 	1320.000000	1.4835e-06
1340.000000	0.0189168 	1340.000000	0.0145583 	1340.000000	0.0146322 	1340.000000	0.0145404 	1340.000000	0.0145568 	1340.000000	1.46307e-06
1360.000000	0.0188856 	1360.000000	0.0145371 	1360.000000	0.0146107 	1360.000000	0.0145192 	1360.000000	0.0145357 	1360.000000	1.44322e-06
1380.000000	0.0188566 	1380.000000	0.0145173 	1380.000000	0.0145904 	1380.000000	0.0144993 	1380.000000	0.0145158 	1380.000000	1.42392e-06
1400.000000	0.0188296 	1400.000000	0.0144987 	1400.000000	0.0145711 	1400.000000	0.0144803 	1400.000000	0.0144972 	1400.000000	1.40514e-06
1420.000000	0.0188045 	1420.000000	0.0144812 	1420.000000	0.0145529 	1420.000000	0.0144624 	1420.000000	0.0144798 	1420.000000	1.38688e-06
1440.000000	0.0187813 	1440.000000	0.0144649 	1440.000000	0.0145357 	1440.000000	0.0144455 	1440.000000	0.0144636 	1440.000000	1.3691e-06
1460.000000	0.0187599 	1460.000000	0.0144498 	1460.000000	0.0145196 	1460.000000	0.0144296 	1460.000000	0.0144484 	1460.000000	1.35178e-06
1480.000000	0.0187402 	1480.000000	0.0144356 	1480.000000	0.0145043 	1480.000000	0.0144145 	1480.000000	0.0144343 	1480.000000	1.33492e-06
1500.000000	0.0187223 	1500.000000	0.0144225 	1500.000000	0.01449   	1500.000000	0.0144003 	1500.000000	0.0144212 	1500.000000	1.31849e-06
1520.000000	0.0187059 	1520.000000	0.0144103 	1520.000000	0.0144766 	1520.000000	0.0143868 	1520.000000	0.014409  	1520.000000	1.30247e-06
1540.000000	0.0186911 	1540.000000	0.0143991 	1540.000000	0.014464  	1540.000000	0.0143742 	1540.000000	0.0143978 	1540.000000	1.28685e-06
1560.000000	0.0186778 	1560.000000	0.0143888 	1560.000000	0.0144521 	1560.000000	0.0143623 	1560.000000	0.0143875 	1560.000000	1.27161e-06
1580.000000	0.0186659 	1580.000000	0.0143793 	1580.000000	0.0144409 	1580.000000	0.0143511 	1580.000000	0.0143781 	1580.000000	1.25675e-06
1600.000000	0.0186554 	1600.000000	0.0143707 	1600.000000	0.0144304 	1600.000000	0.0143406 	1600.000000	0.0143695 	1600.000000	1.24224e-06
1620.000000	0.0186463 	1620.000000	0.0143629 	1620.000000	0.0144206 	1620.000000	0.0143307 	1620.000000	0.0143617 	1620.000000	1.22807e-06
1640.000000	0.0186384 	1640.000000	0.0143558 	1640.000000	0.0144114 	1640.000000	0.0143215 	1640.000000	0.0143546 	1640.000000	1.21424e-06
1660.000000	0.0186319 	1660.000000	0.0143495 	1660.000000	0.0144028 	1660.000000	0.0143129 	1660.000000	0.0143483 	1660.000000	1.20072e-06
1680.000000	0.0186265 	1680.000000	0.014344  	1680.000000	0.0143947 	1680.000000	0.0143048 	1680.000000	0.0143428 	1680.000000	1.18751e-06
1700.000000	0.0186224 	1700.000000	0.0143391 	1700.000000	0.0143872 	1700.000000	0.0142973 	1700.000000	0.0143379 	1700.000000	1.17461e-06
1750.000000	0.0186169 	1750.000000	0.0143297 	1750.000000	0.0143705 	1750.000000	0.0142807 	1750.000000	0.0143286 	1750.000000	1.14357e-06
1800.000000	0.018618  	1800.000000	0.0143242 	1800.000000	0.0143567 	1800.000000	0.0142671 	1800.000000	0.0143231 	1800.000000	1.1142e-06
1850.000000	0.0186252 	1850.000000	0.0143223 	1850.000000	0.0143454 	1850.000000	0.0142562 	1850.000000	0.0143212 	1850.000000	1.08634e-06
1900.000000	0.0186382 	1900.000000	0.0143235 	1900.000000	0.0143364 	1900.000000	0.0142477 	1900.000000	0.0143225 	1900.000000	1.0599e-06
1950.000000	0.0186564 	1950.000000	0.0143279 	1950.000000	0.0143296 	1950.000000	0.0142413 	1950.000000	0.0143268 	1950.000000	1.03475e-06
2000.000000	0.0186795 	2000.000000	0.0143349 	2000.000000	0.0143249 	2000.000000	0.014237  	2000.000000	0.0143339 	2000.000000	1.01082e-06
2100.000000	0.0187393 	2100.000000	0.0143567 	2100.000000	0.0143211 	2100.000000	0.0142335 	2100.000000	0.0143557 	2100.000000	9.66227e-07
2200.000000	0.0188154 	2200.000000	0.0143874 	2200.000000	0.0143235 	2200.000000	0.0142359 	2200.000000	0.0143864 	2200.000000	9.25535e-07
2300.000000	0.0189058 	2300.000000	0.0144258 	2300.000000	0.0143309 	2300.000000	0.0142433 	2300.000000	0.0144249 	2300.000000	8.88243e-07
2400.000000	0.0190089 	2400.000000	0.0144711 	2400.000000	0.0143422 	2400.000000	0.0142548 	2400.000000	0.0144702 	2400.000000	8.53939e-07
2500.000000	0.0191236 	2500.000000	0.0145223 	2500.000000	0.0143569 	2500.000000	0.0142698 	2500.000000	0.0145215 	2500.000000	8.22273e-07
2600.000000	0.0192485 	2600.000000	0.0145788 	2600.000000	0.014376  	2600.000000	0.0142893 	2600.000000	0.014578  	2600.000000	7.9295e-07
2700.000000	0.0193829 	2700.000000	0.01464   	2700.000000	0.0143973 	2700.000000	0.0143111 	2700.000000	0.0146393 	2700.000000	7.65714e-07
2800.000000	0.0195257 	2800.000000	0.0147054 	2800.000000	0.0144207 	2800.000000	0.0143348 	2800.000000	0.0147047 	2800.000000	7.40349e-07
2900.000000	0.0196764 	2900.000000	0.0147745 	2900.000000	0.0144458 	2900.000000	0.0143601 	2900.000000	0.0147738 	2900.000000	7.16667e-07
3000.000000	0.0198342 	3000.000000	0.014847  	3000.000000	0.0144723 	3000.000000	0.0143868 	3000.000000	0.0148463 	3000.000000	6.94502e-07
3200.000000	0.0201692 	3200.000000	0.0150008 	3200.000000	0.0145287 	3200.000000	0.0144432 	3200.000000	0.0150002 	3200.000000	6.54173e-07
3400.000000	0.0205271 	3400.000000	0.0151645 	3400.000000	0.014588  	3400.000000	0.0145025 	3400.000000	0.0151639 	3400.000000	6.18414e-07
3600.000000	0.0209049 	3600.000000	0.0153365 	3600.000000	0.0146492 	3600.000000	0.0145637 	3600.000000	0.0153359 	3600.000000	5.8648e-07
3800.000000	0.0213004 	3800.000000	0.0155154 	3800.000000	0.0147114 	3800.000000	0.014626  	3800.000000	0.0155148 	3800.000000	5.57784e-07
4000.000000	0.0217117 	4000.000000	0.0157    	4000.000000	0.0147741 	4000.000000	0.0146889 	4000.000000	0.0156995 	4000.000000	5.31852e-07
4200.000000	0.0221374 	4200.000000	0.0158896 	4200.000000	0.0148368 	4200.000000	0.0147518 	4200.000000	0.0158891 	4200.000000	5.08298e-07
4400.000000	0.022576  	4400.000000	0.0160834 	4400.000000	0.0148992 	4400.000000	0.0148145 	4400.000000	0.0160829 	4400.000000	4.86807e-07
4600.000000	0.0230268 	4600.000000	0.0162809 	4600.000000	0.0149612 	4600.000000	0.0148766 	4600.000000	0.0162804 	4600.000000	4.67116e-07
4800.000000	0.0234886 	4800.000000	0.0164814 	4800.000000	0.0150225 	4800.000000	0.0149381 	4800.000000	0.016481  	4800.000000	4.49006e-07
5000.000000	0.0239609 	5000.000000	0.0166847 	5000.000000	0.015083  	5000.000000	0.0149989 	5000.000000	0.0166842 	5000.000000	4.32292e-07
5250.000000	0.0245649 	5250.000000	0.016942  	5250.000000	0.0151575 	5250.000000	0.0150735 	5250.000000	0.0169416 	5250.000000	4.13125e-07
5500.000000	0.0251832 	5500.000000	0.0172026 	5500.000000	0.0152305 	5500.000000	0.0151467 	5500.000000	0.0172022 	5500.000000	3.95637e-07
6000.000000	0.0264594 	6000.000000	0.0177312 	6000.000000	0.0153718 	6000.000000	0.0152883 	6000.000000	0.0177309 	6000.000000	3.6488e-07
6500.000000	0.027784  	6500.000000	0.0182678 	6500.000000	0.0155067 	6500.000000	0.0154234 	6500.000000	0.0182674 	6500.000000	3.38692e-07
7000.000000	0.0291532 	7000.000000	0.0188102 	7000.000000	0.0156353 	7000.000000	0.0155521 	7000.000000	0.0188099 	7000.000000	3.16115e-07
7500.000000	0.0305643 	7500.000000	0.019357  	7500.000000	0.0157578 	7500.000000	0.0156748 	7500.000000	0.0193567 	7500.000000	2.96445e-07
8000.000000	0.032015  	8000.000000	0.0199072 	8000.000000	0.0158746 	8000.000000	0.0157916 	8000.000000	0.0199069 	8000.000000	2.79148e-07
8500.000000	0.0335037 	8500.000000	0.0204598 	8500.000000	0.0159859 	8500.000000	0.0159031 	8500.000000	0.0204596 	8500.000000	2.63816e-07
9000.000000	0.0350291 	9000.000000	0.0210144 	9000.000000	0.016092  	9000.000000	0.0160095 	9000.000000	0.0210141 	9000.000000	2.50129e-07
9500.000000	0.0365902 	9500.000000	0.0215703 	9500.000000	0.0161935 	9500.000000	0.0161111 	9500.000000	0.0215701 	9500.000000	2.37832e-07
10000.000000	0.0381862 	10000.000000	0.0221273 	10000.000000	0.0162907 	10000.000000	0.0162084 	10000.000000	0.0221271 	10000.000000	2.26724e-07
11000.000000	0.0414804 	11000.000000	0.0232433 	11000.000000	0.0164732 	11000.000000	0.0163909 	11000.000000	0.0232431 	11000.000000	2.07435e-07
12000.000000	0.0449079 	12000.000000	0.0243606 	12000.000000	0.0166412 	12000.000000	0.0165592 	12000.000000	0.0243604 	12000.000000	1.91255e-07
13000.000000	0.0484661 	13000.000000	0.0254781 	13000.000000	0.0167965 	13000.000000	0.0167152 	13000.000000	0.0254779 	13000.000000	1.77483e-07
14000.000000	0.0521533 	14000.000000	0.026595  	14000.000000	0.0169406 	14000.000000	0.0168602 	14000.000000	0.0265948 	14000.000000	1.65613e-07
15000.000000	0.0559683 	15000.000000	0.0277109 	15000.000000	0.017075  	15000.000000	0.0169957 	15000.000000	0.0277108 	15000.000000	1.55274e-07
16000.000000	0.0599104 	16000.000000	0.0288255 	16000.000000	0.0172011 	16000.000000	0.0171226 	16000.000000	0.0288254 	16000.000000	1.46185e-07
17000.000000	0.0639791 	17000.000000	0.0299386 	17000.000000	0.0173198 	17000.000000	0.017242  	17000.000000	0.0299385 	17000.000000	1.3813e-07
18000.000000	0.0681743 	18000.000000	0.03105   	18000.000000	0.017432  	18000.000000	0.0173546 	18000.000000	0.0310498 	18000.000000	1.30941e-07
19000.000000	0.0724959 	19000.000000	0.0321595 	19000.000000	0.0175382 	19000.000000	0.0174611 	19000.000000	0.0321594 	19000.000000	1.24483e-07
20000.000000	0.076944  	20000.000000	0.0332673 	20000.000000	0.0176391 	20000.000000	0.0175621 	20000.000000	0.0332672 	20000.000000	1.18651e-07
21000.000000	0.0815187 	21000.000000	0.0343732 	21000.000000	0.0177348 	21000.000000	0.0176581 	21000.000000	0.0343731 	21000.000000	1.13355e-07
22000.000000	0.0862203 	22000.000000	0.0354773 	22000.000000	0.0178251 	22000.000000	0.0177495 	22000.000000	0.0354772 	22000.000000	1.08525e-07
23000.000000	0.0910492 	23000.000000	0.0365795 	23000.000000	0.0179113 	23000.000000	0.0178367 	23000.000000	0.0365794 	23000.000000	1.04102e-07
24000.000000	0.0960057 	24000.000000	0.0376798 	24000.000000	0.0179938 	24000.000000	0.0179201 	24000.000000	0.0376797 	24000.000000	1.00035e-07
25000.000000	0.10109   	25000.000000	0.0387784 	25000.000000	0.0180727 	25000.000000	0.0179999 	25000.000000	0.0387783 	25000.000000	9.62825e-08
26000.000000	0.106303  	26000.000000	0.0398752 	26000.000000	0.0181485 	26000.000000	0.0180765 	26000.000000	0.0398751 	26000.000000	9.28096e-08
27000.000000	0.111645  	27000.000000	0.0409703 	27000.000000	0.0182214 	27000.000000	0.01815   	27000.000000	0.0409702 	27000.000000	8.95855e-08
28000.000000	0.117117  	28000.000000	0.0420636 	28000.000000	0.0182914 	28000.000000	0.0182208 	28000.000000	0.0420635 	28000.000000	8.65842e-08
29000.000000	0.122719  	29000.000000	0.0431553 	29000.000000	0.0183588 	29000.000000	0.0182889 	29000.000000	0.0431552 	29000.000000	8.37832e-08
30000.000000	0.128451  	30000.000000	0.0442453 	30000.000000	0.0184236 	30000.000000	0.0183546 	30000.000000	0.0442452 	30000.000000	8.11629e-08
32000.000000	0.140311  	32000.000000	0.0464206 	32000.000000	0.0185461 	32000.000000	0.0184793 	32000.000000	0.0464205 	32000.000000	7.6398e-08
34000.000000	0.1527    	34000.000000	0.0485898 	34000.000000	0.0186603 	34000.000000	0.018596  	34000.000000	0.0485897 	34000.000000	7.21761e-08
36000.000000	0.165625  	36000.000000	0.050753  	36000.000000	0.0187674 	36000.000000	0.0187055 	36000.000000	0.050753  	36000.000000	6.84086e-08
38000.000000	0.179091  	38000.000000	0.0529107 	38000.000000	0.0188682 	38000.000000	0.0188088 	38000.000000	0.0529107 	38000.000000	6.50253e-08
40000.000000	0.193103  	40000.000000	0.0550631 	40000.000000	0.0189633 	40000.000000	0.0189064 	40000.000000	0.055063  	40000.000000	6.19697e-08
42000.000000	0.207667  	42000.000000	0.0572103 	42000.000000	0.0190532 	42000.000000	0.0189988 	42000.000000	0.0572102 	42000.000000	5.9196e-08
44000.000000	0.222788  	44000.000000	0.0593526 	44000.000000	0.0191383 	44000.000000	0.0190867 	44000.000000	0.0593525 	44000.000000	5.66666e-08
46000.000000	0.238472  	46000.000000	0.0614902 	46000.000000	0.019219  	46000.000000	0.0191703 	46000.000000	0.0614901 	46000.000000	5.43503e-08
48000.000000	0.254726  	48000.000000	0.0636233 	48000.000000	0.0192958 	48000.000000	0.0192501 	48000.000000	0.0636232 	48000.000000	5.2221e-08
50000.000000	0.271555  	50000.000000	0.065752  	50000.000000	0.0193689 	50000.000000	0.0193264 	50000.000000	0.0657519 	50000.000000	5.02568e-08
