Energy (MeV/u)1	0 - [He-base] F.Hubert et al, AD&ND Tables 46(1990)1	Energy (MeV/u)2	1 - [H -base] J.F.Ziegler et al, Pergamon Press, NY (low energy)	Energy (MeV/u)3	2 - ATIMA 1.2  LS-theory (recommended for high energy)	Energy (MeV/u)4	3 - ATIMA 1.2  without LS-correction	Energy (MeV/u)5	4 - electrical component of [1] - J.F.Ziegler et al	Energy (MeV/u)6	5 - nuclear component of [1] - J.F.Ziegler et al	
0.001000	1.18293   	0.001000	0.218277  	0.001000	0.200771  	0.001000	0.200771  	0.001000	0.112192  	0.001000	0.106085  	
0.002000	1.20133   	0.002000	0.260544  	0.002000	0.239051  	0.002000	0.239051  	0.002000	0.155399  	0.002000	0.105146  	
0.005000	1.31182   	0.005000	0.329669  	0.005000	0.302345  	0.005000	0.302345  	0.005000	0.239045  	0.005000	0.0906245 	
0.008000	1.43059   	0.008000	0.376803  	0.008000	0.346474  	0.008000	0.346474  	0.008000	0.298137  	0.008000	0.0786667 	
0.010000	1.50488   	0.010000	0.403552  	0.010000	0.371866  	0.010000	0.371866  	0.010000	0.331103  	0.010000	0.0724485 	
0.015000	1.77296   	0.015000	0.461549  	0.015000	0.427644  	0.015000	0.427644  	0.015000	0.400614  	0.015000	0.0609353 	
0.020000	2.03247   	0.020000	0.511601  	0.020000	0.476426  	0.020000	0.476426  	0.020000	0.458614  	0.020000	0.0529869 	
0.025000	2.3293    	0.025000	0.570329  	0.025000	0.531928  	0.025000	0.531928  	0.025000	0.523204  	0.025000	0.0471244 	
0.030000	2.60154   	0.030000	0.654223  	0.030000	0.650556  	0.030000	0.650556  	0.030000	0.611629  	0.030000	0.0425932 	
0.035000	2.84351   	0.035000	0.737721  	0.035000	0.741073  	0.035000	0.741073  	0.035000	0.698752  	0.035000	0.0389684 	
0.040000	3.05148   	0.040000	0.819076  	0.040000	0.814399  	0.040000	0.814399  	0.040000	0.783084  	0.040000	0.0359916 	
0.045000	3.2216    	0.045000	0.897328  	0.045000	0.879586  	0.045000	0.879586  	0.045000	0.863832  	0.045000	0.033496  	
0.050000	3.32672   	0.050000	0.971999  	0.050000	0.940647  	0.050000	0.940647  	0.050000	0.940631  	0.050000	0.0313686 	
0.055000	3.50479   	0.055000	1.04168   	0.055000	0.998943  	0.055000	0.998943  	0.055000	1.01215   	0.055000	0.0295299 	
0.060000	3.66237   	0.060000	1.09757   	0.060000	1.05482   	0.060000	1.05482   	0.060000	1.06965   	0.060000	0.0279224 	
0.070000	3.91965   	0.070000	1.19719   	0.070000	1.15933   	0.070000	1.15933   	0.070000	1.17195   	0.070000	0.0252393 	
0.080000	4.19214   	0.080000	1.28539   	0.080000	1.25402   	0.080000	1.25402   	0.080000	1.2623    	0.080000	0.0230822 	
0.090000	4.41583   	0.090000	1.36336   	0.090000	1.33904   	0.090000	1.33904   	0.090000	1.34206   	0.090000	0.0213047 	
0.100000	4.59026   	0.100000	1.43223   	0.100000	1.41494   	0.100000	1.41494   	0.100000	1.41242   	0.100000	0.019811  	
0.120000	4.70846   	0.120000	1.52987   	0.120000	1.54225   	0.120000	1.54225   	0.120000	1.51252   	0.120000	0.0173511 	
0.140000	4.78812   	0.140000	1.5998    	0.140000	1.64237   	0.140000	1.64237   	0.140000	1.58433   	0.140000	0.0154726 	
0.160000	4.85997   	0.160000	1.65648   	0.160000	1.72129   	0.160000	1.72129   	0.160000	1.64244   	0.160000	0.014048  	
0.180000	4.93672   	0.180000	1.70303   	0.180000	1.78389   	0.180000	1.78389   	0.180000	1.69015   	0.180000	0.0128865 	
0.200000	5.0579    	0.200000	1.74894   	0.200000	1.83411   	0.200000	1.83411   	0.200000	1.73702   	0.200000	0.0119194 	
0.250000	5.19312   	0.250000	1.84908   	0.250000	1.92335   	0.250000	1.92335   	0.250000	1.839     	0.250000	0.0100804 	
0.300000	5.31352   	0.300000	1.91532   	0.300000	1.98149   	0.300000	1.98149   	0.300000	1.90654   	0.300000	0.00877129	
0.350000	5.44358   	0.350000	1.97101   	0.350000	2.02242   	0.350000	2.02242   	0.350000	1.96323   	0.350000	0.00778709	
0.400000	5.55309   	0.400000	2.01998   	0.400000	2.06223   	0.400000	2.06223   	0.400000	2.01296   	0.400000	0.00701748	
0.450000	5.62919   	0.450000	2.05612   	0.450000	2.11456   	0.450000	2.11456   	0.450000	2.04972   	0.450000	0.00639753	
0.500000	5.67777   	0.500000	2.08295   	0.500000	2.15451   	0.500000	2.15451   	0.500000	2.07706   	0.500000	0.0058864 	
0.600000	5.54475   	0.600000	2.12493   	0.600000	2.20761   	0.600000	2.20761   	0.600000	2.11984   	0.600000	0.00509082	
0.700000	5.35784   	0.700000	2.15345   	0.700000	2.23566   	0.700000	2.23566   	0.700000	2.14895   	0.700000	0.00449798	
0.800000	5.33588   	0.800000	2.16614   	0.800000	2.23437   	0.800000	2.23437   	0.800000	2.16211   	0.800000	0.00403762	
0.900000	5.28509   	0.900000	2.16769   	0.900000	2.2225    	0.900000	2.2225    	0.900000	2.16402   	0.900000	0.00366888	
1.000000	5.22464   	1.000000	2.16485   	1.000000	2.20526   	1.000000	2.20526   	1.000000	2.16148   	1.000000	0.0033663 	
1.250000	5.01655   	1.250000	2.13777   	1.250000	2.14804   	1.250000	2.14804   	1.250000	2.13497   	1.250000	0.00280201	
1.500000	4.75338   	1.500000	2.07601   	1.500000	2.0651    	1.500000	2.0651    	1.500000	2.0736    	1.500000	0.0024092 	
1.750000	4.49776   	1.750000	2.00908   	1.750000	1.98893   	1.750000	1.98893   	1.750000	2.00696   	1.750000	0.0021188 	
2.000000	4.25468   	2.000000	1.93958   	2.000000	1.91811   	2.000000	1.91811   	2.000000	1.93769   	2.000000	0.0018947 	
2.250000	4.03964   	2.250000	1.87347   	2.250000	1.85196   	2.250000	1.85196   	2.250000	1.87176   	2.250000	0.00171613	
2.500000	3.99658   	2.500000	1.8094    	2.500000	1.79009   	2.500000	1.79009   	2.500000	1.80783   	2.500000	0.00157025	
3.000000	3.62326   	3.000000	1.69162   	3.000000	1.67783   	3.000000	1.67783   	3.000000	1.69028   	3.000000	0.00134564	
3.500000	3.31512   	3.500000	1.59022   	3.500000	1.57904   	3.500000	1.57904   	3.500000	1.58904   	3.500000	0.00118029	
4.000000	3.05709   	4.000000	1.50018   	4.000000	1.49168   	4.000000	1.49168   	4.000000	1.49913   	4.000000	0.00105313	
4.500000	2.83806   	4.500000	1.42138   	4.500000	1.41402   	4.500000	1.41402   	4.500000	1.42043   	4.500000	0.00095209	
5.000000	2.64988   	5.000000	1.35179   	5.000000	1.3446    	5.000000	1.3446    	5.000000	1.35092   	5.000000	0.000869744	
5.500000	2.48644   	5.500000	1.28969   	5.500000	1.28219   	5.500000	1.28219   	5.500000	1.28889   	5.500000	0.000801254	
6.000000	2.34315   	6.000000	1.23382   	6.000000	1.2258    	6.000000	1.2258    	6.000000	1.23307   	6.000000	0.000743335	
6.500000	2.21646   	6.500000	1.18317   	6.500000	1.1746    	6.500000	1.1746    	6.500000	1.18248   	6.500000	0.000693672	
7.000000	2.10364   	7.000000	1.13702   	7.000000	1.1279    	7.000000	1.1279    	7.000000	1.13637   	7.000000	0.000650586	
7.500000	2.00249   	7.500000	1.09479   	7.500000	1.08513   	7.500000	1.08513   	7.500000	1.09418   	7.500000	0.000612829	
8.000000	1.91127   	8.000000	1.05599   	8.000000	1.04579   	8.000000	1.04579   	8.000000	1.05541   	8.000000	0.000579452	
8.500000	1.82858   	8.500000	1.02019   	8.500000	1.0095    	8.500000	1.0095    	8.500000	1.01964   	8.500000	0.00054972	
9.000000	1.75325   	9.000000	0.987029  	9.000000	0.975893  	9.000000	0.975893  	9.000000	0.986506  	9.000000	0.000523057	
9.500000	1.68433   	9.500000	0.956226  	9.500000	0.944684  	9.500000	0.944684  	9.500000	0.955727  	9.500000	0.000499001	
10.000000	1.62103   	10.000000	0.933671  	10.000000	0.915619  	10.000000	0.915619  	10.000000	0.933194  	10.000000	0.000477182	
11.000000	1.50869   	11.000000	0.887048  	11.000000	0.866493  	11.000000	0.868984  	11.000000	0.886609  	11.000000	0.000439091	
12.000000	1.41202   	12.000000	0.844169  	12.000000	0.822841  	12.000000	0.827058  	12.000000	0.843762  	12.000000	0.000406926	
13.000000	1.32791   	13.000000	0.804868  	13.000000	0.783828  	13.000000	0.789225  	13.000000	0.804489  	13.000000	0.000379383	
14.000000	1.25402   	14.000000	0.768873  	14.000000	0.748724  	14.000000	0.754929  	14.000000	0.768517  	14.000000	0.000355515	
15.000000	1.18859   	15.000000	0.73588   	15.000000	0.716944  	15.000000	0.72371   	15.000000	0.735546  	15.000000	0.000334622	
16.000000	1.13021   	16.000000	0.705593  	16.000000	0.688071  	16.000000	0.695178  	16.000000	0.705277  	16.000000	0.00031617	
17.000000	1.07778   	17.000000	0.677732  	17.000000	0.661733  	17.000000	0.669008  	17.000000	0.677432  	17.000000	0.000299748	
18.000000	1.03044   	18.000000	0.652046  	18.000000	0.63757   	18.000000	0.644921  	18.000000	0.651761  	18.000000	0.000285034	
19.000000	0.987461  	19.000000	0.628308  	19.000000	0.615309  	19.000000	0.622679  	19.000000	0.628037  	19.000000	0.000271769	
20.000000	0.94826   	20.000000	0.60632   	20.000000	0.594744  	20.000000	0.602079  	20.000000	0.606061  	20.000000	0.000259746	
21.000000	0.912353  	21.000000	0.585905  	21.000000	0.575562  	21.000000	0.582814  	21.000000	0.585656  	21.000000	0.000248796	
22.000000	0.879336  	22.000000	0.566906  	22.000000	0.557737  	22.000000	0.564865  	22.000000	0.566667  	22.000000	0.000238777	
23.000000	0.848867  	23.000000	0.549187  	23.000000	0.541277  	23.000000	0.548247  	23.000000	0.548957  	23.000000	0.000229576	
24.000000	0.820659  	24.000000	0.532626  	24.000000	0.525914  	24.000000	0.532704  	24.000000	0.532405  	24.000000	0.000221092	
25.000000	0.794465  	25.000000	0.517117  	25.000000	0.511542  	25.000000	0.518135  	25.000000	0.516904  	25.000000	0.000213245	
27.000000	0.747301  	27.000000	0.488884  	27.000000	0.485408  	27.000000	0.491575  	27.000000	0.488684  	27.000000	0.000199189	
29.000000	0.706001  	29.000000	0.463848  	29.000000	0.46225   	29.000000	0.467975  	29.000000	0.463661  	29.000000	0.000186956	
31.000000	0.66952   	31.000000	0.441502  	31.000000	0.440816  	31.000000	0.44585   	31.000000	0.441326  	31.000000	0.000176208	
33.000000	0.637049  	33.000000	0.421437  	33.000000	0.420881  	33.000000	0.425111  	33.000000	0.42127   	33.000000	0.000166685	
35.000000	0.60795   	35.000000	0.403323  	35.000000	0.402911  	35.000000	0.406493  	35.000000	0.403165  	35.000000	0.000158186	
38.000000	0.569543  	38.000000	0.379232  	38.000000	0.379108  	38.000000	0.381867  	38.000000	0.379085  	38.000000	0.000147019	
41.000000	0.536281  	41.000000	0.358209  	41.000000	0.358352  	41.000000	0.360485  	41.000000	0.358072  	41.000000	0.000137393	
44.000000	0.507178  	44.000000	0.339703  	44.000000	0.340115  	44.000000	0.34173   	44.000000	0.339574  	44.000000	0.000129005	
47.000000	0.481488  	47.000000	0.323285  	47.000000	0.323918  	47.000000	0.325137  	47.000000	0.323163  	47.000000	0.000121627	
50.000000	0.458634  	50.000000	0.30862   	50.000000	0.309453  	50.000000	0.310343  	50.000000	0.308505  	50.000000	0.000115085	
55.000000	0.425659  	55.000000	0.28737   	55.000000	0.288446  	55.000000	0.288942  	55.000000	0.287264  	55.000000	0.00010568	
60.000000	0.397769  	60.000000	0.269321  	60.000000	0.270645  	60.000000	0.270786  	60.000000	0.269223  	60.000000	9.77588e-05	
65.000000	0.373851  	65.000000	0.253797  	65.000000	0.255277  	65.000000	0.255177  	65.000000	0.253706  	65.000000	9.09906e-05	
70.000000	0.3531    	70.000000	0.240299  	70.000000	0.241866  	70.000000	0.241604  	70.000000	0.240214  	70.000000	8.51375e-05	
75.000000	0.334915  	75.000000	0.228451  	75.000000	0.23011   	75.000000	0.229687  	75.000000	0.228371  	75.000000	8.00232e-05	
80.000000	0.318838  	80.000000	0.217966  	80.000000	0.219664  	80.000000	0.219136  	80.000000	0.21789   	80.000000	7.55142e-05	
85.000000	0.304515  	85.000000	0.208619  	85.000000	0.210338  	85.000000	0.209724  	85.000000	0.208548  	85.000000	7.15075e-05	
90.000000	0.291669  	90.000000	0.200234  	90.000000	0.201961  	90.000000	0.201273  	90.000000	0.200166  	90.000000	6.79226e-05	
95.000000	0.280078  	95.000000	0.192668  	95.000000	0.194394  	95.000000	0.193643  	95.000000	0.192603  	95.000000	6.46951e-05	
100.000000	0.269563  	100.000000	0.185805  	100.000000	0.187523  	100.000000	0.186716  	100.000000	0.185743  	100.000000	6.17734e-05	
105.000000	0.259977  	105.000000	0.179551  	105.000000	0.181257  	105.000000	0.180399  	105.000000	0.179492  	105.000000	5.91155e-05	
110.000000	0.251199  	110.000000	0.173828  	110.000000	0.175489  	110.000000	0.174615  	110.000000	0.173771  	110.000000	5.66866e-05	
115.000000	0.24313   	115.000000	0.16857   	115.000000	0.170203  	115.000000	0.169296  	115.000000	0.168516  	115.000000	5.44579e-05	
120.000000	0.235684  	120.000000	0.163723  	120.000000	0.165324  	120.000000	0.16439   	120.000000	0.16367   	120.000000	5.24053e-05	
125.000000	0.228791  	125.000000	0.159239  	125.000000	0.160788  	125.000000	0.159849  	125.000000	0.159189  	125.000000	5.05084e-05	
130.000000	0.222389  	130.000000	0.15508   	130.000000	0.156582  	130.000000	0.155634  	130.000000	0.155031  	130.000000	4.87499e-05	
135.000000	0.216427  	135.000000	0.15121   	135.000000	0.152684  	135.000000	0.15171   	135.000000	0.151163  	135.000000	4.7115e-05	
140.000000	0.21086   	140.000000	0.147601  	140.000000	0.149037  	140.000000	0.148048  	140.000000	0.147556  	140.000000	4.55909e-05	
145.000000	0.205648  	145.000000	0.144227  	145.000000	0.145614  	145.000000	0.144623  	145.000000	0.144183  	145.000000	4.41665e-05	
150.000000	0.200758  	150.000000	0.141065  	150.000000	0.142408  	150.000000	0.141413  	150.000000	0.141023  	150.000000	4.28323e-05	
155.000000	0.19387   	155.000000	0.138097  	155.000000	0.139395  	155.000000	0.138397  	155.000000	0.138055  	155.000000	4.15797e-05	
160.000000	0.189834  	160.000000	0.135304  	160.000000	0.13656   	160.000000	0.135559  	160.000000	0.135263  	160.000000	4.04015e-05	
165.000000	0.186028  	165.000000	0.132671  	165.000000	0.133886  	165.000000	0.132883  	165.000000	0.132632  	165.000000	3.9291e-05	
170.000000	0.182432  	170.000000	0.130186  	170.000000	0.131361  	170.000000	0.130355  	170.000000	0.130148  	170.000000	3.82426e-05	
175.000000	0.179029  	175.000000	0.127836  	175.000000	0.128972  	175.000000	0.127965  	175.000000	0.127799  	175.000000	3.72511e-05	
180.000000	0.175804  	180.000000	0.12561   	180.000000	0.126708  	180.000000	0.1257    	180.000000	0.125573  	180.000000	3.63119e-05	
185.000000	0.172744  	185.000000	0.123498  	185.000000	0.124561  	185.000000	0.123552  	185.000000	0.123463  	185.000000	3.54209e-05	
190.000000	0.169834  	190.000000	0.121493  	190.000000	0.12252   	190.000000	0.121511  	190.000000	0.121458  	190.000000	3.45744e-05	
195.000000	0.167066  	195.000000	0.119586  	195.000000	0.120581  	195.000000	0.11957   	195.000000	0.119552  	195.000000	3.37692e-05	
200.000000	0.164428  	200.000000	0.11777   	200.000000	0.118734  	200.000000	0.117722  	200.000000	0.117737  	200.000000	3.30022e-05	
210.000000	0.159507  	210.000000	0.114387  	210.000000	0.115273  	210.000000	0.114278  	210.000000	0.114355  	210.000000	3.15725e-05	
220.000000	0.15501   	220.000000	0.111299  	220.000000	0.112127  	220.000000	0.111135  	220.000000	0.111269  	220.000000	3.02665e-05	
230.000000	0.150883  	230.000000	0.10847   	230.000000	0.109247  	230.000000	0.108255  	230.000000	0.108441  	230.000000	2.90685e-05	
240.000000	0.147082  	240.000000	0.105868  	240.000000	0.1066    	240.000000	0.105607  	240.000000	0.10584   	240.000000	2.79656e-05	
250.000000	0.14357   	250.000000	0.103467  	250.000000	0.104147  	250.000000	0.103165  	250.000000	0.10344   	250.000000	2.69466e-05	
260.000000	0.140315  	260.000000	0.101246  	260.000000	0.101877  	260.000000	0.100906  	260.000000	0.10122   	260.000000	2.60023e-05	
270.000000	0.13729   	270.000000	0.0991838 	270.000000	0.0997824 	270.000000	0.0988101 	270.000000	0.0991586 	270.000000	2.51246e-05	
280.000000	0.13447   	280.000000	0.0972654 	280.000000	0.0978316 	280.000000	0.0968611 	280.000000	0.0972411 	280.000000	2.43065e-05	
290.000000	0.131837  	290.000000	0.0954761 	290.000000	0.0960022 	290.000000	0.0950443 	290.000000	0.0954525 	290.000000	2.35422e-05	
300.000000	0.129372  	300.000000	0.0938035 	300.000000	0.0942998 	300.000000	0.0933472 	300.000000	0.0937807 	300.000000	2.28265e-05	
310.000000	0.127059  	310.000000	0.0922367 	310.000000	0.0927089 	310.000000	0.0917585 	310.000000	0.0922146 	310.000000	2.21547e-05	
320.000000	0.124885  	320.000000	0.0907662 	320.000000	0.0912078 	320.000000	0.0902686 	320.000000	0.0907447 	320.000000	2.15229e-05	
330.000000	0.122839  	330.000000	0.0893835 	330.000000	0.0898022 	330.000000	0.0888688 	330.000000	0.0893626 	330.000000	2.09276e-05	
340.000000	0.120908  	340.000000	0.0880812 	340.000000	0.0884854 	340.000000	0.0875515 	340.000000	0.0880609 	340.000000	2.03657e-05	
350.000000	0.119084  	350.000000	0.0868527 	350.000000	0.0872435 	350.000000	0.0863099 	350.000000	0.0868328 	350.000000	1.98344e-05	
360.000000	0.117359  	360.000000	0.0856919 	360.000000	0.0860652 	360.000000	0.085138  	360.000000	0.0856726 	360.000000	1.93312e-05	
370.000000	0.115724  	370.000000	0.0845936 	370.000000	0.0849483 	370.000000	0.0840302 	370.000000	0.0845748 	370.000000	1.88539e-05	
380.000000	0.114174  	380.000000	0.0835531 	380.000000	0.0838968 	380.000000	0.0829818 	380.000000	0.0835347 	380.000000	1.84006e-05	
390.000000	0.112701  	390.000000	0.082566  	390.000000	0.0829023 	390.000000	0.0819883 	390.000000	0.0825481 	390.000000	1.79695e-05	
400.000000	0.1113    	400.000000	0.0816285 	400.000000	0.0819535 	400.000000	0.0810457 	400.000000	0.081611  	400.000000	1.75589e-05	
410.000000	0.109966  	410.000000	0.0807371 	410.000000	0.0810504 	410.000000	0.0801504 	410.000000	0.08072   	410.000000	1.71674e-05	
420.000000	0.108695  	420.000000	0.0798886 	420.000000	0.0801946 	420.000000	0.0792992 	420.000000	0.0798718 	420.000000	1.67936e-05	
430.000000	0.107483  	430.000000	0.0790801 	430.000000	0.0793819 	430.000000	0.078489  	430.000000	0.0790637 	430.000000	1.64365e-05	
440.000000	0.106325  	440.000000	0.078309  	440.000000	0.078607  	440.000000	0.0777172 	440.000000	0.0782929 	440.000000	1.60948e-05	
450.000000	0.105218  	450.000000	0.0775728 	450.000000	0.0778664 	450.000000	0.0769813 	450.000000	0.077557  	450.000000	1.57677e-05	
460.000000	0.104159  	460.000000	0.0768694 	460.000000	0.0771578 	460.000000	0.076279  	460.000000	0.0768539 	460.000000	1.5454e-05	
470.000000	0.103146  	470.000000	0.0761967 	470.000000	0.0764809 	470.000000	0.0756083 	470.000000	0.0761815 	470.000000	1.51532e-05	
480.000000	0.102175  	480.000000	0.0755529 	480.000000	0.0758381 	480.000000	0.0749688 	480.000000	0.075538  	480.000000	1.48643e-05	
490.000000	0.101244  	490.000000	0.0749363 	490.000000	0.0752273 	490.000000	0.0743586 	490.000000	0.0749217 	490.000000	1.45866e-05	
500.000000	0.10035   	500.000000	0.0743452 	500.000000	0.0746419 	500.000000	0.0737743 	500.000000	0.0743309 	500.000000	1.43195e-05	
520.000000	0.0986682 	520.000000	0.0732342 	520.000000	0.0735355 	520.000000	0.0726775 	520.000000	0.0732204 	520.000000	1.38148e-05	
540.000000	0.0971136 	540.000000	0.0722094 	540.000000	0.0725208 	540.000000	0.071668  	540.000000	0.072196  	540.000000	1.33458e-05	
560.000000	0.0956735 	560.000000	0.0712618 	560.000000	0.0715875 	560.000000	0.0707365 	560.000000	0.0712489 	560.000000	1.29088e-05	
580.000000	0.0943366 	580.000000	0.0703838 	580.000000	0.0707184 	580.000000	0.0698753 	580.000000	0.0703713 	580.000000	1.25006e-05	
600.000000	0.0930932 	600.000000	0.0695686 	600.000000	0.0699111 	600.000000	0.0690773 	600.000000	0.0695564 	600.000000	1.21184e-05	
620.000000	0.0919346 	620.000000	0.0688102 	620.000000	0.0691643 	620.000000	0.0683365 	620.000000	0.0687984 	620.000000	1.17598e-05	
640.000000	0.0908534 	640.000000	0.0681035 	640.000000	0.0684742 	640.000000	0.0676478 	640.000000	0.0680921 	640.000000	1.14226e-05	
660.000000	0.0898428 	660.000000	0.067444  	660.000000	0.0678304 	660.000000	0.0670063 	660.000000	0.0674329 	660.000000	1.11049e-05	
680.000000	0.0888969 	680.000000	0.0668276 	680.000000	0.0672257 	680.000000	0.066408  	680.000000	0.0668168 	680.000000	1.08051e-05	
700.000000	0.0880105 	700.000000	0.0662506 	700.000000	0.0666619 	700.000000	0.0658491 	700.000000	0.0662401 	700.000000	1.05216e-05	
720.000000	0.0871789 	720.000000	0.06571   	720.000000	0.0661381 	720.000000	0.0653265 	720.000000	0.0656998 	720.000000	1.02533e-05	
740.000000	0.0863979 	740.000000	0.0652028 	740.000000	0.0656475 	740.000000	0.0648371 	740.000000	0.0651929 	740.000000	9.99874e-06	
760.000000	0.0856637 	760.000000	0.0647265 	760.000000	0.0651849 	760.000000	0.0643784 	760.000000	0.0647168 	760.000000	9.75703e-06	
780.000000	0.0849729 	780.000000	0.0642788 	780.000000	0.064749  	780.000000	0.063948  	780.000000	0.0642693 	780.000000	9.52718e-06	
800.000000	0.0843224 	800.000000	0.0638575 	800.000000	0.0643393 	800.000000	0.0635437 	800.000000	0.0638482 	800.000000	9.30832e-06	
820.000000	0.0837095 	820.000000	0.0634609 	820.000000	0.0639548 	820.000000	0.0631636 	820.000000	0.0634518 	820.000000	9.09967e-06	
840.000000	0.0831316 	840.000000	0.0630871 	840.000000	0.0635945 	840.000000	0.0628059 	840.000000	0.0630782 	840.000000	8.90052e-06	
860.000000	0.0825863 	860.000000	0.0627346 	860.000000	0.0632568 	860.000000	0.0624692 	860.000000	0.0627259 	860.000000	8.71023e-06	
880.000000	0.0820717 	880.000000	0.062402  	880.000000	0.0629389 	880.000000	0.0621518 	880.000000	0.0623935 	880.000000	8.52822e-06	
900.000000	0.0815857 	900.000000	0.0620881 	900.000000	0.0626382 	900.000000	0.0618526 	900.000000	0.0620797 	900.000000	8.35394e-06	
920.000000	0.0811266 	920.000000	0.0617916 	920.000000	0.062353  	920.000000	0.0615703 	920.000000	0.0617834 	920.000000	8.18692e-06	
940.000000	0.0806929 	940.000000	0.0615114 	940.000000	0.0620829 	940.000000	0.0613037 	940.000000	0.0615034 	940.000000	8.02669e-06	
960.000000	0.0802829 	960.000000	0.0612466 	960.000000	0.0618273 	960.000000	0.0610519 	960.000000	0.0612387 	960.000000	7.87286e-06	
980.000000	0.0798954 	980.000000	0.0609962 	980.000000	0.0615858 	980.000000	0.060814  	980.000000	0.0609885 	980.000000	7.72503e-06	
1000.000000	0.079529  	1000.000000	0.0607594 	1000.000000	0.0613577 	1000.000000	0.060589  	1000.000000	0.0607518 	1000.000000	7.58286e-06	
1020.000000	0.0791826 	1020.000000	0.0605354 	1020.000000	0.0611427 	1020.000000	0.0603763 	1020.000000	0.0605279 	1020.000000	7.44603e-06	
1040.000000	0.0788551 	1040.000000	0.0603234 	1040.000000	0.0609401 	1040.000000	0.0601749 	1040.000000	0.0603161 	1040.000000	7.31423e-06	
1060.000000	0.0785456 	1060.000000	0.0601229 	1060.000000	0.060749  	1060.000000	0.0599844 	1060.000000	0.0601157 	1060.000000	7.1872e-06	
1080.000000	0.078253  	1080.000000	0.0599332 	1080.000000	0.0605682 	1080.000000	0.059804  	1080.000000	0.0599261 	1080.000000	7.06467e-06	
1100.000000	0.0779765 	1100.000000	0.0597537 	1100.000000	0.0603968 	1100.000000	0.0596331 	1100.000000	0.0597467 	1100.000000	6.9464e-06	
1120.000000	0.0777153 	1120.000000	0.0595839 	1120.000000	0.0602339 	1120.000000	0.0594713 	1120.000000	0.059577  	1120.000000	6.83218e-06	
1140.000000	0.0774687 	1140.000000	0.0594232 	1140.000000	0.0600788 	1140.000000	0.059318  	1140.000000	0.0594165 	1140.000000	6.72179e-06	
1160.000000	0.0772359 	1160.000000	0.0592713 	1160.000000	0.0599315 	1160.000000	0.0591728 	1160.000000	0.0592647 	1160.000000	6.61505e-06	
1180.000000	0.0770162 	1180.000000	0.0591277 	1180.000000	0.0597915 	1180.000000	0.0590352 	1180.000000	0.0591211 	1180.000000	6.51177e-06	
1200.000000	0.0768092 	1200.000000	0.0589919 	1200.000000	0.0596588 	1200.000000	0.0589048 	1200.000000	0.0589855 	1200.000000	6.41179e-06	
1220.000000	0.0766141 	1220.000000	0.0588636 	1220.000000	0.059533  	1220.000000	0.0587812 	1220.000000	0.0588573 	1220.000000	6.31495e-06	
1240.000000	0.0764304 	1240.000000	0.0587425 	1240.000000	0.0594138 	1240.000000	0.0586641 	1240.000000	0.0587363 	1240.000000	6.2211e-06	
1260.000000	0.0762577 	1260.000000	0.0586282 	1260.000000	0.059301  	1260.000000	0.0585531 	1260.000000	0.0586221 	1260.000000	6.13011e-06	
1280.000000	0.0760955 	1280.000000	0.0585204 	1280.000000	0.0591942 	1280.000000	0.058448  	1280.000000	0.0585143 	1280.000000	6.04183e-06	
1300.000000	0.0759433 	1300.000000	0.0584188 	1300.000000	0.0590931 	1300.000000	0.0583483 	1300.000000	0.0584128 	1300.000000	5.95616e-06	
1320.000000	0.0758006 	1320.000000	0.0583231 	1320.000000	0.0589976 	1320.000000	0.058254  	1320.000000	0.0583172 	1320.000000	5.87298e-06	
1340.000000	0.0756671 	1340.000000	0.058233  	1340.000000	0.0589072 	1340.000000	0.0581647 	1340.000000	0.0582272 	1340.000000	5.79217e-06	
1360.000000	0.0755425 	1360.000000	0.0581484 	1360.000000	0.0588218 	1360.000000	0.0580801 	1360.000000	0.0581427 	1360.000000	5.71364e-06	
1380.000000	0.0754263 	1380.000000	0.058069  	1380.000000	0.058741  	1380.000000	0.058     	1380.000000	0.0580634 	1380.000000	5.63729e-06	
1400.000000	0.0753182 	1400.000000	0.0579945 	1400.000000	0.0586646 	1400.000000	0.0579243 	1400.000000	0.057989  	1400.000000	5.56303e-06	
1420.000000	0.0752179 	1420.000000	0.0579249 	1420.000000	0.0585923 	1420.000000	0.0578526 	1420.000000	0.0579194 	1420.000000	5.49078e-06	
1440.000000	0.0751252 	1440.000000	0.0578597 	1440.000000	0.0585239 	1440.000000	0.0577849 	1440.000000	0.0578543 	1440.000000	5.42045e-06	
1460.000000	0.0750396 	1460.000000	0.057799  	1460.000000	0.0584592 	1460.000000	0.057721  	1460.000000	0.0577936 	1460.000000	5.35196e-06	
1480.000000	0.074961  	1480.000000	0.0577424 	1480.000000	0.058398  	1480.000000	0.0576606 	1480.000000	0.0577372 	1480.000000	5.28525e-06	
1500.000000	0.074889  	1500.000000	0.0576899 	1500.000000	0.0583402 	1500.000000	0.0576036 	1500.000000	0.0576847 	1500.000000	5.22024e-06	
1520.000000	0.0748235 	1520.000000	0.0576413 	1520.000000	0.0582857 	1520.000000	0.0575498 	1520.000000	0.0576362 	1520.000000	5.15687e-06	
1540.000000	0.0747643 	1540.000000	0.0575964 	1540.000000	0.0582342 	1540.000000	0.0574992 	1540.000000	0.0575914 	1540.000000	5.09508e-06	
1560.000000	0.074711  	1560.000000	0.0575552 	1560.000000	0.0581856 	1560.000000	0.0574515 	1560.000000	0.0575501 	1560.000000	5.03481e-06	
1580.000000	0.0746635 	1580.000000	0.0575173 	1580.000000	0.0581399 	1580.000000	0.0574067 	1580.000000	0.0575124 	1580.000000	4.976e-06 	
1600.000000	0.0746216 	1600.000000	0.0574828 	1600.000000	0.0580969 	1600.000000	0.0573646 	1600.000000	0.0574779 	1600.000000	4.9186e-06	
1620.000000	0.0745851 	1620.000000	0.0574515 	1620.000000	0.0580565 	1620.000000	0.0573251 	1620.000000	0.0574467 	1620.000000	4.86256e-06	
1640.000000	0.0745538 	1640.000000	0.0574233 	1640.000000	0.0580186 	1640.000000	0.0572881 	1640.000000	0.0574185 	1640.000000	4.80782e-06	
1660.000000	0.0745275 	1660.000000	0.0573981 	1660.000000	0.0579831 	1660.000000	0.0572535 	1660.000000	0.0573934 	1660.000000	4.75435e-06	
1680.000000	0.0745062 	1680.000000	0.0573758 	1680.000000	0.0579498 	1680.000000	0.0572212 	1680.000000	0.0573711 	1680.000000	4.70211e-06	
1700.000000	0.0744895 	1700.000000	0.0573562 	1700.000000	0.0579187 	1700.000000	0.0571911 	1700.000000	0.0573516 	1700.000000	4.65104e-06	
1750.000000	0.0744676 	1750.000000	0.0573188 	1750.000000	0.0578501 	1750.000000	0.0571247 	1750.000000	0.0573143 	1750.000000	4.52826e-06	
1800.000000	0.074472  	1800.000000	0.0572968 	1800.000000	0.0577934 	1800.000000	0.0570702 	1800.000000	0.0572924 	1800.000000	4.41203e-06	
1850.000000	0.074501  	1850.000000	0.057289  	1850.000000	0.0577474 	1850.000000	0.0570264 	1850.000000	0.0572847 	1850.000000	4.30183e-06	
1900.000000	0.0745527 	1900.000000	0.0572941 	1900.000000	0.0577113 	1900.000000	0.0569923 	1900.000000	0.05729   	1900.000000	4.19719e-06	
1950.000000	0.0746255 	1950.000000	0.0573114 	1950.000000	0.0576841 	1950.000000	0.0569669 	1950.000000	0.0573073 	1950.000000	4.0977e-06	
2000.000000	0.0747181 	2000.000000	0.0573397 	2000.000000	0.0576651 	2000.000000	0.0569494 	2000.000000	0.0573357 	2000.000000	4.00298e-06	
2100.000000	0.0749573 	2100.000000	0.0574267 	2100.000000	0.0576487 	2100.000000	0.0569353 	2100.000000	0.0574228 	2100.000000	3.82655e-06	
2200.000000	0.0752615 	2200.000000	0.0575494 	2200.000000	0.0576569 	2200.000000	0.0569449 	2200.000000	0.0575457 	2200.000000	3.66552e-06	
2300.000000	0.075623  	2300.000000	0.0577032 	2300.000000	0.0576851 	2300.000000	0.0569743 	2300.000000	0.0576997 	2300.000000	3.51795e-06	
2400.000000	0.0760357 	2400.000000	0.0578842 	2400.000000	0.0577297 	2400.000000	0.0570201 	2400.000000	0.0578808 	2400.000000	3.38219e-06	
2500.000000	0.0764943 	2500.000000	0.0580891 	2500.000000	0.0577888 	2500.000000	0.0570803 	2500.000000	0.0580859 	2500.000000	3.25687e-06	
2600.000000	0.0769941 	2600.000000	0.0583152 	2600.000000	0.0578655 	2600.000000	0.0571582 	2600.000000	0.0583121 	2600.000000	3.14081e-06	
2700.000000	0.0775314 	2700.000000	0.05856   	2700.000000	0.0579513 	2700.000000	0.0572453 	2700.000000	0.058557  	2700.000000	3.03302e-06	
2800.000000	0.0781028 	2800.000000	0.0588216 	2800.000000	0.0580449 	2800.000000	0.0573401 	2800.000000	0.0588187 	2800.000000	2.93263e-06	
2900.000000	0.0787054 	2900.000000	0.0590981 	2900.000000	0.0581449 	2900.000000	0.0574413 	2900.000000	0.0590953 	2900.000000	2.83889e-06	
3000.000000	0.0793367 	3000.000000	0.0593881 	3000.000000	0.0582503 	3000.000000	0.0575478 	3000.000000	0.0593854 	3000.000000	2.75116e-06	
3200.000000	0.0806767 	3200.000000	0.0600032 	3200.000000	0.0584735 	3200.000000	0.0577733 	3200.000000	0.0600006 	3200.000000	2.59152e-06	
3400.000000	0.0821082 	3400.000000	0.0606582 	3400.000000	0.0587088 	3400.000000	0.0580105 	3400.000000	0.0606557 	3400.000000	2.44996e-06	
3600.000000	0.0836196 	3600.000000	0.061346  	3600.000000	0.0589519 	3600.000000	0.0582554 	3600.000000	0.0613437 	3600.000000	2.32354e-06	
3800.000000	0.0852016 	3800.000000	0.0620615 	3800.000000	0.0591996 	3800.000000	0.0585046 	3800.000000	0.0620593 	3800.000000	2.20994e-06	
4000.000000	0.0868469 	4000.000000	0.0628001 	4000.000000	0.0594495 	4000.000000	0.0587559 	4000.000000	0.062798  	4000.000000	2.10727e-06	
4200.000000	0.0885494 	4200.000000	0.0635585 	4200.000000	0.0596998 	4200.000000	0.0590075 	4200.000000	0.0635565 	4200.000000	2.01401e-06	
4400.000000	0.0903042 	4400.000000	0.0643337 	4400.000000	0.0599492 	4400.000000	0.0592581 	4400.000000	0.0643318 	4400.000000	1.92892e-06	
4600.000000	0.092107  	4600.000000	0.0651234 	4600.000000	0.0601968 	4600.000000	0.0595068 	4600.000000	0.0651215 	4600.000000	1.85095e-06	
4800.000000	0.0939544 	4800.000000	0.0659256 	4800.000000	0.0604418 	4800.000000	0.0597529 	4800.000000	0.0659238 	4800.000000	1.77924e-06	
5000.000000	0.0958435 	5000.000000	0.0667387 	5000.000000	0.0606837 	5000.000000	0.0599958 	5000.000000	0.0667369 	5000.000000	1.71306e-06	
5250.000000	0.0982596 	5250.000000	0.0677682 	5250.000000	0.0609812 	5250.000000	0.0602944 	5250.000000	0.0677665 	5250.000000	1.63715e-06	
5500.000000	0.100733  	5500.000000	0.0688102 	5500.000000	0.0612727 	5500.000000	0.060587  	5500.000000	0.0688087 	5500.000000	1.5679e-06	
6000.000000	0.105837  	6000.000000	0.0709249 	6000.000000	0.061837  	6000.000000	0.0611533 	6000.000000	0.0709234 	6000.000000	1.44609e-06	
6500.000000	0.111136  	6500.000000	0.0730711 	6500.000000	0.0623757 	6500.000000	0.0616937 	6500.000000	0.0730697 	6500.000000	1.34237e-06	
7000.000000	0.116613  	7000.000000	0.0752408 	7000.000000	0.0628894 	7000.000000	0.0622086 	7000.000000	0.0752395 	7000.000000	1.25295e-06	
7500.000000	0.122257  	7500.000000	0.0774281 	7500.000000	0.0633788 	7500.000000	0.0626992 	7500.000000	0.0774269 	7500.000000	1.17504e-06	
8000.000000	0.12806   	8000.000000	0.0796287 	8000.000000	0.0638457 	8000.000000	0.0631666 	8000.000000	0.0796276 	8000.000000	1.10652e-06	
8500.000000	0.134015  	8500.000000	0.0818394 	8500.000000	0.0642901 	8500.000000	0.0636124 	8500.000000	0.0818383 	8500.000000	1.04579e-06	
9000.000000	0.140116  	9000.000000	0.0840576 	9000.000000	0.0647131 	9000.000000	0.0640379 	9000.000000	0.0840566 	9000.000000	9.91563e-07	
9500.000000	0.146361  	9500.000000	0.0862814 	9500.000000	0.0651177 	9500.000000	0.0644445 	9500.000000	0.0862804 	9500.000000	9.4285e-07	
10000.000000	0.152745  	10000.000000	0.0885094 	10000.000000	0.0655055 	10000.000000	0.0648336 	10000.000000	0.0885085 	10000.000000	8.98838e-07	
11000.000000	0.165922  	11000.000000	0.0929732 	11000.000000	0.0662336 	11000.000000	0.0655638 	11000.000000	0.0929724 	11000.000000	8.22415e-07	
12000.000000	0.179632  	12000.000000	0.0974423 	12000.000000	0.066904  	12000.000000	0.066237  	12000.000000	0.0974416 	12000.000000	7.58306e-07	
13000.000000	0.193864  	13000.000000	0.101912  	13000.000000	0.0675241 	13000.000000	0.0668607 	13000.000000	0.101912  	13000.000000	7.03733e-07	
14000.000000	0.208613  	14000.000000	0.10638   	14000.000000	0.0681004 	14000.000000	0.0674409 	14000.000000	0.106379  	14000.000000	6.56698e-07	
15000.000000	0.223873  	15000.000000	0.110844  	15000.000000	0.0686382 	15000.000000	0.0679827 	15000.000000	0.110843  	15000.000000	6.15725e-07	
16000.000000	0.239641  	16000.000000	0.115302  	16000.000000	0.0691417 	16000.000000	0.0684906 	16000.000000	0.115302  	16000.000000	5.79705e-07	
17000.000000	0.255917  	17000.000000	0.119754  	17000.000000	0.0696148 	17000.000000	0.0689681 	17000.000000	0.119754  	17000.000000	5.47781e-07	
18000.000000	0.272697  	18000.000000	0.1242    	18000.000000	0.0700607 	18000.000000	0.0694186 	18000.000000	0.124199  	18000.000000	5.19287e-07	
19000.000000	0.289984  	19000.000000	0.128638  	19000.000000	0.0704822 	19000.000000	0.0698446 	19000.000000	0.128638  	19000.000000	4.93693e-07	
20000.000000	0.307776  	20000.000000	0.133069  	20000.000000	0.0708817 	20000.000000	0.0702485 	20000.000000	0.133069  	20000.000000	4.70574e-07	
21000.000000	0.326075  	21000.000000	0.137493  	21000.000000	0.0712615 	21000.000000	0.0706323 	21000.000000	0.137492  	21000.000000	4.49584e-07	
22000.000000	0.344881  	22000.000000	0.141909  	22000.000000	0.0716232 	22000.000000	0.0709979 	22000.000000	0.141909  	22000.000000	4.30439e-07	
23000.000000	0.364197  	23000.000000	0.146318  	23000.000000	0.0719653 	23000.000000	0.0713467 	23000.000000	0.146317  	23000.000000	4.12904e-07	
24000.000000	0.384023  	24000.000000	0.150719  	24000.000000	0.0722916 	24000.000000	0.0716802 	24000.000000	0.150719  	24000.000000	3.96782e-07	
25000.000000	0.404361  	25000.000000	0.155114  	25000.000000	0.0726057 	25000.000000	0.0719996 	25000.000000	0.155113  	25000.000000	3.81908e-07	
26000.000000	0.425213  	26000.000000	0.159501  	26000.000000	0.0729069 	26000.000000	0.0723058 	26000.000000	0.159501  	26000.000000	3.6814e-07	
27000.000000	0.446582  	27000.000000	0.163881  	27000.000000	0.0731947 	27000.000000	0.0726    	27000.000000	0.163881  	27000.000000	3.55358e-07	
28000.000000	0.468468  	28000.000000	0.168254  	28000.000000	0.0734706 	28000.000000	0.072883  	28000.000000	0.168254  	28000.000000	3.4346e-07	
29000.000000	0.490876  	29000.000000	0.172621  	29000.000000	0.073736  	29000.000000	0.0731555 	29000.000000	0.172621  	29000.000000	3.32355e-07	
30000.000000	0.513806  	30000.000000	0.176981  	30000.000000	0.0739918 	30000.000000	0.0734183 	30000.000000	0.176981  	30000.000000	3.21966e-07	
32000.000000	0.561243  	32000.000000	0.185682  	32000.000000	0.0744769 	32000.000000	0.0739171 	32000.000000	0.185682  	32000.000000	3.03074e-07	
34000.000000	0.610802  	34000.000000	0.194359  	34000.000000	0.0749299 	34000.000000	0.0743838 	34000.000000	0.194359  	34000.000000	2.86335e-07	
36000.000000	0.662502  	36000.000000	0.203012  	36000.000000	0.0753525 	36000.000000	0.0748221 	36000.000000	0.203012  	36000.000000	2.71397e-07	
38000.000000	0.716364  	38000.000000	0.211643  	38000.000000	0.0757474 	38000.000000	0.0752351 	38000.000000	0.211643  	38000.000000	2.57981e-07	
40000.000000	0.772412  	40000.000000	0.220252  	40000.000000	0.0761182 	40000.000000	0.0756255 	40000.000000	0.220252  	40000.000000	2.45865e-07	
42000.000000	0.830667  	42000.000000	0.228841  	42000.000000	0.0764683 	42000.000000	0.0759954 	42000.000000	0.228841  	42000.000000	2.34866e-07	
44000.000000	0.891151  	44000.000000	0.23741   	44000.000000	0.0768003 	44000.000000	0.0763467 	44000.000000	0.23741   	44000.000000	2.24836e-07	
46000.000000	0.953889  	46000.000000	0.245961  	46000.000000	0.0771163 	46000.000000	0.0766813 	46000.000000	0.245961  	46000.000000	2.1565e-07	
48000.000000	1.0189    	48000.000000	0.254493  	48000.000000	0.0774174 	48000.000000	0.0770005 	48000.000000	0.254493  	48000.000000	2.07206e-07	
50000.000000	1.08622   	50000.000000	0.263008  	50000.000000	0.0777033 	50000.000000	0.0773057 	50000.000000	0.263008  	50000.000000	1.99416e-07	
