*Energy (MeV/u)1	0 - [He-base] F.Hubert et al, AD&ND Tables 46(1990)1	Energy (MeV/u)2	1 - [H -base] J.F.Ziegler et al, Pergamon Press, NY (low energy)	Energy (MeV/u)3	2 - ATIMA 1.2  LS-theory (recommended for high energy)	Energy (MeV/u)4	3 - ATIMA 1.2  without LS-correction	Energy (MeV/u)5	4 - electrical component of [1] - J.F.Ziegler et al	Energy (MeV/u)6	5 - nuclear component of [1] - J.F.Ziegler et al	
0.001000	0.0646266 	0.001000	0.0323537 	0.001000	0.0385903 	0.001000	0.0385903 	0.001000	0.0180655 	0.001000	0.0142883 	
0.002000	0.0825789 	0.002000	0.0425534 	0.002000	0.0533454 	0.002000	0.0533454 	0.002000	0.0312625 	0.002000	0.0112909 	
0.005000	0.12776   	0.005000	0.0684916 	0.005000	0.0896322 	0.005000	0.0896322 	0.005000	0.061241  	0.005000	0.00725063	
0.008000	0.161623  	0.008000	0.0893905 	0.008000	0.118346  	0.008000	0.118346  	0.008000	0.0838813 	0.008000	0.00550914	
0.010000	0.180303  	0.010000	0.101416  	0.010000	0.134771  	0.010000	0.134771  	0.010000	0.0966249 	0.010000	0.00479123	
0.015000	0.230042  	0.015000	0.137626  	0.015000	0.169832  	0.015000	0.169832  	0.015000	0.133957  	0.015000	0.00366931	
0.020000	0.271655  	0.020000	0.170044  	0.020000	0.199478  	0.020000	0.199478  	0.020000	0.167035  	0.020000	0.00300926	
0.025000	0.307136  	0.025000	0.198984  	0.025000	0.225826  	0.025000	0.225826  	0.025000	0.196439  	0.025000	0.00254501	
0.030000	0.337553  	0.030000	0.224733  	0.030000	0.246391  	0.030000	0.246391  	0.030000	0.222502  	0.030000	0.00223066	
0.035000	0.363551  	0.035000	0.247448  	0.035000	0.264154  	0.035000	0.264154  	0.035000	0.245456  	0.035000	0.00199158	
0.040000	0.385574  	0.040000	0.267307  	0.040000	0.279558  	0.040000	0.279558  	0.040000	0.265504  	0.040000	0.00180295	
0.045000	0.403981  	0.045000	0.284496  	0.045000	0.292925  	0.045000	0.292925  	0.045000	0.282846  	0.045000	0.00164992	
0.050000	0.419091  	0.050000	0.299214  	0.050000	0.304505  	0.050000	0.304505  	0.050000	0.297691  	0.050000	0.001523  	
0.055000	0.431215  	0.055000	0.311674  	0.055000	0.3145    	0.055000	0.3145    	0.055000	0.310258  	0.055000	0.00141586	
0.060000	0.440662  	0.060000	0.322093  	0.060000	0.323084  	0.060000	0.323084  	0.060000	0.320769  	0.060000	0.00132408	
0.070000	0.452745  	0.070000	0.33768   	0.070000	0.336593  	0.070000	0.336593  	0.070000	0.336505  	0.070000	0.00117472	
0.080000	0.457686  	0.080000	0.34763   	0.080000	0.346044  	0.080000	0.346044  	0.080000	0.346572  	0.080000	0.00105804	
0.090000	0.457565  	0.090000	0.353378  	0.090000	0.352263  	0.090000	0.352263  	0.090000	0.352414  	0.090000	0.000964126	
0.100000	0.454085  	0.100000	0.356086  	0.100000	0.355931  	0.100000	0.355931  	0.100000	0.355199  	0.100000	0.000886751	
0.120000	0.441874  	0.120000	0.355725  	0.120000	0.357747  	0.120000	0.357747  	0.120000	0.354959  	0.120000	0.000766413	
0.140000	0.427454  	0.140000	0.351202  	0.140000	0.354805  	0.140000	0.354805  	0.140000	0.350525  	0.140000	0.000676822	
0.160000	0.41355   	0.160000	0.344876  	0.160000	0.349209  	0.160000	0.349209  	0.160000	0.344269  	0.160000	0.000607299	
0.180000	0.401019  	0.180000	0.337871  	0.180000	0.34224   	0.180000	0.34224   	0.180000	0.33732   	0.180000	0.000551646	
0.200000	0.389927  	0.200000	0.330699  	0.200000	0.334656  	0.200000	0.334656  	0.200000	0.330193  	0.200000	0.000506  	
0.250000	0.367028  	0.250000	0.313197  	0.250000	0.315393  	0.250000	0.315393  	0.250000	0.312776  	0.250000	0.000420929	
0.300000	0.348327  	0.300000	0.296834  	0.300000	0.297388  	0.300000	0.297388  	0.300000	0.296472  	0.300000	0.000361755	
0.350000	0.331841  	0.350000	0.28167   	0.350000	0.281116  	0.350000	0.281116  	0.350000	0.281352  	0.350000	0.000318034	
0.400000	0.316742  	0.400000	0.267665  	0.400000	0.266485  	0.400000	0.266485  	0.400000	0.26738   	0.400000	0.000284312	
0.450000	0.302719  	0.450000	0.254773  	0.450000	0.253308  	0.450000	0.253308  	0.450000	0.254516  	0.450000	0.000257452	
0.500000	0.289655  	0.500000	0.242939  	0.500000	0.241405  	0.500000	0.241405  	0.500000	0.242704  	0.500000	0.000235514	
0.600000	0.26618   	0.600000	0.222159  	0.600000	0.220816  	0.600000	0.220816  	0.600000	0.221957  	0.600000	0.000201753	
0.700000	0.245912  	0.700000	0.204698  	0.700000	0.203701  	0.700000	0.203701  	0.700000	0.204521  	0.700000	0.00017691	
0.800000	0.228414  	0.800000	0.18994   	0.800000	0.189296  	0.800000	0.189296  	0.800000	0.189782  	0.800000	0.000157812	
0.900000	0.213246  	0.900000	0.177355  	0.900000	0.177022  	0.900000	0.177022  	0.900000	0.177212  	0.900000	0.000142642	
1.000000	0.200015  	1.000000	0.166514  	1.000000	0.166439  	1.000000	0.166439  	1.000000	0.166384  	1.000000	0.000130282	
1.250000	0.173392  	1.250000	0.145014  	1.250000	0.145383  	1.250000	0.145383  	1.250000	0.144907  	1.250000	0.000107451	
1.500000	0.153288  	1.500000	0.128989  	1.500000	0.1296    	1.500000	0.1296    	1.500000	0.128897  	1.500000	9.1739e-05	
1.750000	0.137544  	1.750000	0.116516  	1.750000	0.117251  	1.750000	0.117251  	1.750000	0.116436  	1.750000	8.02251e-05	
2.000000	0.124854  	2.000000	0.106489  	2.000000	0.10728   	2.000000	0.10728   	2.000000	0.106417  	2.000000	7.14034e-05	
2.250000	0.114395  	2.250000	0.0982253 	2.250000	0.0990326 	2.250000	0.0990326 	2.250000	0.0981609 	2.250000	6.44156e-05	
2.500000	0.10385   	2.500000	0.0912833 	2.500000	0.0920838 	2.500000	0.0920838 	2.500000	0.0912246 	2.500000	5.87356e-05	
3.000000	0.0906449 	3.000000	0.0802414 	3.000000	0.0809939 	3.000000	0.0809939 	3.000000	0.0801914 	3.000000	5.00445e-05	
3.500000	0.0806354 	3.500000	0.0718269 	3.500000	0.0725143 	3.500000	0.0725143 	3.500000	0.0717832 	3.500000	4.36911e-05	
4.000000	0.0727631 	4.000000	0.0651852 	4.000000	0.0658055 	4.000000	0.0658055 	4.000000	0.0651464 	4.000000	3.88329e-05	
4.500000	0.0663958 	4.500000	0.0597991 	4.500000	0.0603557 	4.500000	0.0603557 	4.500000	0.0597641 	4.500000	3.49911e-05	
5.000000	0.0611309 	5.000000	0.0553356 	5.000000	0.0558341 	5.000000	0.0558341 	5.000000	0.0553038 	5.000000	3.18728e-05	
5.500000	0.056699  	5.500000	0.0515709 	5.500000	0.0520168 	5.500000	0.0520168 	5.500000	0.0515416 	5.500000	2.92884e-05	
6.000000	0.0529131 	6.000000	0.0483481 	6.000000	0.048747  	6.000000	0.048747  	6.000000	0.048321  	6.000000	2.71097e-05	
6.500000	0.0496386 	6.500000	0.0455547 	6.500000	0.0459114 	6.500000	0.0459114 	6.500000	0.0455294 	6.500000	2.52469e-05	
7.000000	0.0467764 	7.000000	0.0431073 	7.000000	0.0434263 	7.000000	0.0434263 	7.000000	0.0430837 	7.000000	2.36348e-05	
7.500000	0.0442517 	7.500000	0.0409432 	7.500000	0.0412283 	7.500000	0.0412283 	7.500000	0.040921  	7.500000	2.22254e-05	
8.000000	0.042007  	8.000000	0.0390142 	8.000000	0.0392687 	8.000000	0.0392687 	8.000000	0.0389932 	8.000000	2.09821e-05	
8.500000	0.0399972 	8.500000	0.0372823 	8.500000	0.0375093 	8.500000	0.0375093 	8.500000	0.0372624 	8.500000	1.98767e-05	
9.000000	0.0381865 	9.000000	0.0357177 	9.000000	0.0359198 	9.000000	0.0359198 	9.000000	0.0356988 	9.000000	1.88872e-05	
9.500000	0.0365462 	9.500000	0.0342963 	9.500000	0.0344758 	9.500000	0.0344758 	9.500000	0.0342783 	9.500000	1.7996e-05	
10.000000	0.0350528 	10.000000	0.033147  	10.000000	0.0331573 	10.000000	0.0331573 	10.000000	0.0331298 	10.000000	1.71889e-05	
11.000000	0.032433  	11.000000	0.0308322 	11.000000	0.0307811 	11.000000	0.0307832 	11.000000	0.0308164 	11.000000	1.57828e-05	
12.000000	0.0302082 	12.000000	0.0288408 	12.000000	0.0287484 	12.000000	0.0287518 	12.000000	0.0288262 	12.000000	1.45986e-05	
13.000000	0.0282938 	13.000000	0.027109  	13.000000	0.0269873 	13.000000	0.0269912 	13.000000	0.0270954 	13.000000	1.35869e-05	
14.000000	0.026628  	14.000000	0.0255887 	14.000000	0.0254448 	14.000000	0.0254485 	14.000000	0.025576  	14.000000	1.2712e-05	
15.000000	0.0251644 	15.000000	0.024243  	15.000000	0.0240803 	15.000000	0.0240839 	15.000000	0.0242311 	15.000000	1.19477e-05	
16.000000	0.0238678 	16.000000	0.0230431 	16.000000	0.0228637 	16.000000	0.0228672 	16.000000	0.0230318 	16.000000	1.12738e-05	
17.000000	0.0227106 	17.000000	0.0219662 	17.000000	0.0217716 	17.000000	0.0217746 	17.000000	0.0219555 	17.000000	1.06751e-05	
18.000000	0.0216711 	18.000000	0.0209941 	18.000000	0.020785  	18.000000	0.0207873 	18.000000	0.020984  	18.000000	1.01394e-05	
19.000000	0.0207319 	19.000000	0.020112  	19.000000	0.0198887 	19.000000	0.0198903 	19.000000	0.0201024 	19.000000	9.6572e-06	
20.000000	0.0198788 	20.000000	0.0193079 	20.000000	0.0190697 	20.000000	0.0190714 	20.000000	0.0192987 	20.000000	9.22068e-06	
21.000000	0.0191004 	21.000000	0.0185716 	21.000000	0.0183185 	21.000000	0.0183203 	21.000000	0.0185628 	21.000000	8.82358e-06	
22.000000	0.0183871 	22.000000	0.0178948 	22.000000	0.0176274 	22.000000	0.0176288 	22.000000	0.0178864 	22.000000	8.46072e-06	
23.000000	0.0177308 	23.000000	0.0172705 	23.000000	0.0169895 	23.000000	0.0169899 	23.000000	0.0172624 	23.000000	8.12778e-06	
24.000000	0.0171249 	24.000000	0.0166928 	24.000000	0.0163982 	24.000000	0.0163976 	24.000000	0.0166849 	24.000000	7.82117e-06	
25.000000	0.0165637 	25.000000	0.0161564 	25.000000	0.0158483 	25.000000	0.0158469 	25.000000	0.0161489 	25.000000	7.53783e-06	
27.000000	0.0155565 	27.000000	0.0151912 	27.000000	0.0148573 	27.000000	0.0148536 	27.000000	0.0151842 	27.000000	7.03098e-06	
29.000000	0.014678  	29.000000	0.0143465 	29.000000	0.0139866 	29.000000	0.0139821 	29.000000	0.01434   	29.000000	6.59061e-06	
31.000000	0.0139045 	31.000000	0.0136009 	31.000000	0.013244  	31.000000	0.0132392 	31.000000	0.0135947 	31.000000	6.20428e-06	
33.000000	0.013218  	33.000000	0.0129376 	33.000000	0.0126105 	33.000000	0.0126043 	33.000000	0.0129317 	33.000000	5.8625e-06	
35.000000	0.0126044 	35.000000	0.0123435 	35.000000	0.012041  	35.000000	0.012035  	35.000000	0.0123379 	35.000000	5.55788e-06	
38.000000	0.0117965 	38.000000	0.01156   	38.000000	0.0112902 	38.000000	0.0112833 	38.000000	0.0115548 	38.000000	5.1582e-06	
41.000000	0.0110986 	41.000000	0.0108819 	41.000000	0.0106389 	41.000000	0.0106318 	41.000000	0.0108771 	41.000000	4.81426e-06	
44.000000	0.0104893 	44.000000	0.0102892 	44.000000	0.0100677 	44.000000	0.0100615 	44.000000	0.0102847 	44.000000	4.51502e-06	
47.000000	0.00995254	47.000000	0.00976647	47.000000	0.00956472	47.000000	0.00955763	47.000000	0.00976222	47.000000	4.25218e-06	
50.000000	0.00947574	50.000000	0.00930184	50.000000	0.00911632	50.000000	0.00910917	50.000000	0.00929783	50.000000	4.01941e-06	
55.000000	0.00878896	55.000000	0.00863225	55.000000	0.00846946	55.000000	0.00846167	55.000000	0.00862856	55.000000	3.68532e-06	
60.000000	0.0082091 	60.000000	0.00806676	60.000000	0.00792081	60.000000	0.00791364	60.000000	0.00806336	60.000000	3.40442e-06	
65.000000	0.00771254	65.000000	0.00758261	65.000000	0.00745083	65.000000	0.00744348	65.000000	0.00757945	65.000000	3.16479e-06	
70.000000	0.00728221	70.000000	0.00716324	70.000000	0.00704292	70.000000	0.00703545	70.000000	0.00716028	70.000000	2.95786e-06	
75.000000	0.00690544	75.000000	0.00679632	75.000000	0.00668472	75.000000	0.00667785	75.000000	0.00679354	75.000000	2.7773e-06	
80.000000	0.00657261	80.000000	0.0064725 	80.000000	0.00636921	80.000000	0.00636174	80.000000	0.00646988	80.000000	2.61829e-06	
85.000000	0.0062763 	85.000000	0.00618453	85.000000	0.0060873 	85.000000	0.00608021	85.000000	0.00618205	85.000000	2.47716e-06	
90.000000	0.00601068	90.000000	0.0059267 	90.000000	0.0058346 	90.000000	0.00582782	90.000000	0.00592435	90.000000	2.35102e-06	
95.000000	0.00577112	95.000000	0.00569447	95.000000	0.00560747	95.000000	0.00560021	95.000000	0.00569224	95.000000	2.23756e-06	
100.000000	0.00555388	100.000000	0.00548418	100.000000	0.00540081	100.000000	0.00539387	100.000000	0.00548205	100.000000	2.13496e-06	
105.000000	0.00535591	105.000000	0.00529283	105.000000	0.00521258	105.000000	0.00520592	105.000000	0.00529079	105.000000	2.04169e-06	
110.000000	0.00517469	110.000000	0.00511794	110.000000	0.0050403 	110.000000	0.00503398	110.000000	0.00511599	110.000000	1.95652e-06	
115.000000	0.00500814	115.000000	0.00495747	115.000000	0.00488262	115.000000	0.00487607	115.000000	0.00495559	115.000000	1.87844e-06	
120.000000	0.00485449	120.000000	0.00480968	120.000000	0.00473722	120.000000	0.00473053	120.000000	0.00480787	120.000000	1.80658e-06	
125.000000	0.00471228	125.000000	0.00467312	125.000000	0.0046023 	125.000000	0.00459595	125.000000	0.00467138	125.000000	1.74022e-06	
130.000000	0.00458023	130.000000	0.00454654	130.000000	0.00447729	130.000000	0.00447113	130.000000	0.00454486	130.000000	1.67874e-06	
135.000000	0.00445727	135.000000	0.00442888	135.000000	0.00436147	135.000000	0.00435504	135.000000	0.00442726	135.000000	1.62162e-06	
140.000000	0.00434246	140.000000	0.00431923	140.000000	0.00425325	140.000000	0.00424679	140.000000	0.00431766	140.000000	1.5684e-06	
145.000000	0.00423501	145.000000	0.00421679	145.000000	0.00415182	145.000000	0.00414561	145.000000	0.00421527	145.000000	1.51869e-06	
150.000000	0.0041342 	150.000000	0.00412086	150.000000	0.00405688	150.000000	0.00405082	150.000000	0.00411939	150.000000	1.47215e-06	
155.000000	0.00399227	155.000000	0.00403084	155.000000	0.00396769	155.000000	0.00396184	155.000000	0.00402942	155.000000	1.42848e-06	
160.000000	0.00390907	160.000000	0.00394621	160.000000	0.00388395	160.000000	0.00387815	160.000000	0.00394482	160.000000	1.38743e-06	
165.000000	0.00383062	165.000000	0.00386648	165.000000	0.00380531	165.000000	0.00379929	165.000000	0.00386513	165.000000	1.34875e-06	
170.000000	0.00375651	170.000000	0.00379124	170.000000	0.00373089	170.000000	0.00372485	170.000000	0.00378992	170.000000	1.31226e-06	
175.000000	0.00368639	175.000000	0.00372012	175.000000	0.00366033	175.000000	0.00365447	175.000000	0.00371884	175.000000	1.27776e-06	
180.000000	0.00361993	180.000000	0.00365279	180.000000	0.00359357	180.000000	0.00358784	180.000000	0.00365155	180.000000	1.24509e-06	
185.000000	0.00355686	185.000000	0.00358896	185.000000	0.00353025	185.000000	0.00352465	185.000000	0.00358775	185.000000	1.21412e-06	
190.000000	0.00349692	190.000000	0.00352836	190.000000	0.00347011	190.000000	0.00346465	190.000000	0.00352718	190.000000	1.1847e-06	
195.000000	0.00343988	195.000000	0.00347075	195.000000	0.00341309	195.000000	0.00340761	195.000000	0.00346959	195.000000	1.15673e-06	
200.000000	0.00338553	200.000000	0.00341591	200.000000	0.00335896	200.000000	0.00335331	200.000000	0.00341478	200.000000	1.1301e-06	
210.000000	0.00328416	210.000000	0.0033138 	210.000000	0.00325774	210.000000	0.0032522 	210.000000	0.00331271	210.000000	1.08049e-06	
220.000000	0.00319152	220.000000	0.00322065	220.000000	0.00316532	220.000000	0.00315997	220.000000	0.00321962	220.000000	1.03519e-06	
230.000000	0.00310651	230.000000	0.00313535	230.000000	0.00308065	230.000000	0.00307551	230.000000	0.00313436	230.000000	9.93678e-07	
240.000000	0.00302823	240.000000	0.00305695	240.000000	0.00300318	240.000000	0.0029979 	240.000000	0.003056  	240.000000	9.55479e-07	
250.000000	0.00295589	250.000000	0.00298465	250.000000	0.00293164	250.000000	0.00292634	250.000000	0.00298373	250.000000	9.2021e-07	
260.000000	0.00288885	260.000000	0.00291776	260.000000	0.00286529	260.000000	0.00286017	260.000000	0.00291687	260.000000	8.87543e-07	
270.000000	0.00282655	270.000000	0.00285571	270.000000	0.00280378	270.000000	0.0027988 	270.000000	0.00285485	270.000000	8.57197e-07	
280.000000	0.00276849	280.000000	0.00279799	280.000000	0.0027466 	280.000000	0.00274175	280.000000	0.00279717	280.000000	8.2893e-07	
290.000000	0.00271426	290.000000	0.00274418	290.000000	0.00269357	290.000000	0.00268858	290.000000	0.00274338	290.000000	8.02532e-07	
300.000000	0.00266349	300.000000	0.00269389	300.000000	0.00264393	300.000000	0.00263891	300.000000	0.00269311	300.000000	7.77823e-07	
310.000000	0.00261587	310.000000	0.0026468 	310.000000	0.0025973 	310.000000	0.00259243	310.000000	0.00264604	310.000000	7.54644e-07	
320.000000	0.00257111	320.000000	0.00260261	320.000000	0.00255362	320.000000	0.00254883	320.000000	0.00260187	320.000000	7.32854e-07	
330.000000	0.00252896	330.000000	0.00256106	330.000000	0.00251254	330.000000	0.00250788	330.000000	0.00256035	330.000000	7.12331e-07	
340.000000	0.00248922	340.000000	0.00252194	340.000000	0.00247395	340.000000	0.00246934	340.000000	0.00252125	340.000000	6.92967e-07	
350.000000	0.00245166	350.000000	0.00248505	350.000000	0.00243774	350.000000	0.00243301	350.000000	0.00248437	350.000000	6.74664e-07	
360.000000	0.00241614	360.000000	0.00245019	360.000000	0.00240348	360.000000	0.00239871	360.000000	0.00244954	360.000000	6.57337e-07	
370.000000	0.00238248	370.000000	0.00241722	370.000000	0.00237096	370.000000	0.00236629	370.000000	0.00241658	370.000000	6.4091e-07	
380.000000	0.00235055	380.000000	0.00238598	380.000000	0.00234019	380.000000	0.0023356 	380.000000	0.00238536	380.000000	6.25312e-07	
390.000000	0.00232022	390.000000	0.00235636	390.000000	0.00231103	390.000000	0.00230651	390.000000	0.00235575	390.000000	6.10482e-07	
400.000000	0.00229138	400.000000	0.00232822	400.000000	0.00228334	400.000000	0.00227891	400.000000	0.00232763	400.000000	5.96363e-07	
410.000000	0.00226392	410.000000	0.00230147	410.000000	0.00225707	410.000000	0.00225268	410.000000	0.00230089	410.000000	5.82906e-07	
420.000000	0.00223775	420.000000	0.00227602	420.000000	0.0022322 	420.000000	0.00222774	420.000000	0.00227545	420.000000	5.70064e-07	
430.000000	0.00221279	430.000000	0.00225176	430.000000	0.00220853	430.000000	0.002204  	430.000000	0.0022512 	430.000000	5.57796e-07	
440.000000	0.00218895	440.000000	0.00222863	440.000000	0.00218588	440.000000	0.00218137	440.000000	0.00222808	440.000000	5.46063e-07	
450.000000	0.00216616	450.000000	0.00220654	450.000000	0.00216422	450.000000	0.00215978	450.000000	0.00220601	450.000000	5.3483e-07	
460.000000	0.00214436	460.000000	0.00218544	460.000000	0.00214355	460.000000	0.00213917	460.000000	0.00218492	460.000000	5.24067e-07	
470.000000	0.0021235 	470.000000	0.00216527	470.000000	0.00212381	470.000000	0.00211948	470.000000	0.00216475	470.000000	5.13743e-07	
480.000000	0.0021035 	480.000000	0.00214596	480.000000	0.00210492	480.000000	0.00210065	480.000000	0.00214545	480.000000	5.03833e-07	
490.000000	0.00208433	490.000000	0.00212746	490.000000	0.00208683	490.000000	0.00208262	490.000000	0.00212697	490.000000	4.94311e-07	
500.000000	0.00206594	500.000000	0.00210974	500.000000	0.00206954	500.000000	0.00206536	500.000000	0.00210925	500.000000	4.85155e-07	
520.000000	0.00203131	520.000000	0.00207642	520.000000	0.00203722	520.000000	0.00203294	520.000000	0.00207595	520.000000	4.67858e-07	
540.000000	0.0019993 	540.000000	0.00204569	540.000000	0.00200737	540.000000	0.00200308	540.000000	0.00204524	540.000000	4.51793e-07	
560.000000	0.00196965	560.000000	0.00201727	560.000000	0.0019797 	560.000000	0.00197551	560.000000	0.00201684	560.000000	4.36831e-07	
580.000000	0.00194213	580.000000	0.00199094	580.000000	0.00195411	580.000000	0.00194999	580.000000	0.00199052	580.000000	4.22861e-07	
600.000000	0.00191653	600.000000	0.00196649	600.000000	0.00193036	600.000000	0.00192632	600.000000	0.00196608	600.000000	4.09786e-07	
620.000000	0.00189268	620.000000	0.00194375	620.000000	0.00190831	620.000000	0.00190432	620.000000	0.00194335	620.000000	3.97523e-07	
640.000000	0.00187042	640.000000	0.00192255	640.000000	0.0018879 	640.000000	0.00188384	640.000000	0.00192216	640.000000	3.85997e-07	
660.000000	0.00184961	660.000000	0.00190277	660.000000	0.00186885	660.000000	0.00186473	660.000000	0.00190239	660.000000	3.75143e-07	
680.000000	0.00183014	680.000000	0.00188427	680.000000	0.00185096	680.000000	0.00184689	680.000000	0.00188391	680.000000	3.64902e-07	
700.000000	0.00181189	700.000000	0.00186696	700.000000	0.00183419	700.000000	0.00183019	700.000000	0.0018666 	700.000000	3.55225e-07	
720.000000	0.00179477	720.000000	0.00185074	720.000000	0.00181851	720.000000	0.00181455	720.000000	0.00185039	720.000000	3.46064e-07	
740.000000	0.00177869	740.000000	0.00183551	740.000000	0.00180379	740.000000	0.00179987	740.000000	0.00183517	740.000000	3.3738e-07	
760.000000	0.00176357	760.000000	0.00182121	760.000000	0.00178995	760.000000	0.00178609	760.000000	0.00182088	760.000000	3.29136e-07	
780.000000	0.00174935	780.000000	0.00180776	780.000000	0.00177695	780.000000	0.00177312	780.000000	0.00180744	780.000000	3.21298e-07	
800.000000	0.00173596	800.000000	0.00179511	800.000000	0.00176477	800.000000	0.00176092	800.000000	0.0017948 	800.000000	3.13838e-07	
820.000000	0.00172334	820.000000	0.00178319	820.000000	0.00175338	820.000000	0.00174948	820.000000	0.00178289	820.000000	3.06727e-07	
840.000000	0.00171144	840.000000	0.00177196	840.000000	0.00174288	840.000000	0.00173895	840.000000	0.00177166	840.000000	2.99943e-07	
860.000000	0.00170022	860.000000	0.00176136	860.000000	0.00173293	860.000000	0.00172901	860.000000	0.00176107	860.000000	2.93462e-07	
880.000000	0.00168962	880.000000	0.00175136	880.000000	0.0017235 	880.000000	0.00171962	880.000000	0.00175107	880.000000	2.87264e-07	
900.000000	0.00167962	900.000000	0.00174192	900.000000	0.00171458	900.000000	0.00171074	900.000000	0.00174163	900.000000	2.81332e-07	
920.000000	0.00167017	920.000000	0.00173299	920.000000	0.00170615	920.000000	0.00170235	920.000000	0.00173272	920.000000	2.75647e-07	
940.000000	0.00166124	940.000000	0.00172456	940.000000	0.00169817	940.000000	0.00169439	940.000000	0.00172429	940.000000	2.70196e-07	
960.000000	0.0016528 	960.000000	0.00171658	960.000000	0.00169061	960.000000	0.00168686	960.000000	0.00171631	960.000000	2.64963e-07	
980.000000	0.00164482	980.000000	0.00170903	980.000000	0.00168345	980.000000	0.00167972	980.000000	0.00170877	980.000000	2.59936e-07	
1000.000000	0.00163728	1000.000000	0.00170189	1000.000000	0.00167666	1000.000000	0.00167295	1000.000000	0.00170164	1000.000000	2.55102e-07	
1020.000000	0.00163014	1020.000000	0.00169514	1020.000000	0.0016702 	1020.000000	0.00166652	1020.000000	0.00169489	1020.000000	2.50451e-07	
1040.000000	0.0016234 	1040.000000	0.00168874	1040.000000	0.00166407	1040.000000	0.00166041	1040.000000	0.00168849	1040.000000	2.45972e-07	
1060.000000	0.00161703	1060.000000	0.00168268	1060.000000	0.00165824	1060.000000	0.00165462	1060.000000	0.00168244	1060.000000	2.41656e-07	
1080.000000	0.00161101	1080.000000	0.00167695	1080.000000	0.0016527 	1080.000000	0.00164911	1080.000000	0.00167671	1080.000000	2.37493e-07	
1100.000000	0.00160531	1100.000000	0.00167152	1100.000000	0.00164746	1100.000000	0.00164387	1100.000000	0.00167129	1100.000000	2.33477e-07	
1120.000000	0.00159994	1120.000000	0.00166638	1120.000000	0.00164248	1120.000000	0.00163889	1120.000000	0.00166615	1120.000000	2.29598e-07	
1140.000000	0.00159486	1140.000000	0.00166152	1140.000000	0.00163776	1140.000000	0.00163415	1140.000000	0.00166129	1140.000000	2.25851e-07	
1160.000000	0.00159007	1160.000000	0.00165691	1160.000000	0.00163328	1160.000000	0.00162964	1160.000000	0.00165669	1160.000000	2.22228e-07	
1180.000000	0.00158554	1180.000000	0.00165256	1180.000000	0.00162901	1180.000000	0.00162534	1180.000000	0.00165234	1180.000000	2.18723e-07	
1200.000000	0.00158128	1200.000000	0.00164844	1200.000000	0.00162494	1200.000000	0.00162125	1200.000000	0.00164822	1200.000000	2.15331e-07	
1220.000000	0.00157727	1220.000000	0.00164454	1220.000000	0.00162105	1220.000000	0.00161736	1220.000000	0.00164433	1220.000000	2.12045e-07	
1240.000000	0.00157348	1240.000000	0.00164085	1240.000000	0.00161733	1240.000000	0.00161365	1240.000000	0.00164064	1240.000000	2.08862e-07	
1260.000000	0.00156993	1260.000000	0.00163737	1260.000000	0.00161378	1260.000000	0.00161012	1260.000000	0.00163717	1260.000000	2.05777e-07	
1280.000000	0.00156659	1280.000000	0.00163408	1280.000000	0.00161039	1280.000000	0.00160675	1280.000000	0.00163388	1280.000000	2.02784e-07	
1300.000000	0.00156345	1300.000000	0.00163098	1300.000000	0.00160716	1300.000000	0.00160354	1300.000000	0.00163078	1300.000000	1.99879e-07	
1320.000000	0.00156052	1320.000000	0.00162806	1320.000000	0.00160408	1320.000000	0.00160048	1320.000000	0.00162786	1320.000000	1.9706e-07	
1340.000000	0.00155777	1340.000000	0.0016253 	1340.000000	0.00160115	1340.000000	0.00159756	1340.000000	0.0016251 	1340.000000	1.94321e-07	
1360.000000	0.0015552 	1360.000000	0.0016227 	1360.000000	0.00159836	1360.000000	0.00159478	1360.000000	0.00162251	1360.000000	1.91661e-07	
1380.000000	0.00155281	1380.000000	0.00162026	1380.000000	0.0015957 	1380.000000	0.00159213	1380.000000	0.00162007	1380.000000	1.89074e-07	
1400.000000	0.00155059	1400.000000	0.00161797	1400.000000	0.00159316	1400.000000	0.00158961	1400.000000	0.00161779	1400.000000	1.86559e-07	
1420.000000	0.00154852	1420.000000	0.00161582	1420.000000	0.00159074	1420.000000	0.0015872 	1420.000000	0.00161564	1420.000000	1.84112e-07	
1440.000000	0.00154661	1440.000000	0.00161381	1440.000000	0.00158843	1440.000000	0.0015849 	1440.000000	0.00161363	1440.000000	1.8173e-07	
1460.000000	0.00154485	1460.000000	0.00161193	1460.000000	0.00158623	1460.000000	0.00158271	1460.000000	0.00161175	1460.000000	1.79411e-07	
1480.000000	0.00154323	1480.000000	0.00161017	1480.000000	0.00158413	1480.000000	0.00158063	1480.000000	0.00160999	1480.000000	1.77153e-07	
1500.000000	0.00154175	1500.000000	0.00160853	1500.000000	0.00158212	1500.000000	0.00157864	1500.000000	0.00160836	1500.000000	1.74953e-07	
1520.000000	0.0015404 	1520.000000	0.00160701	1520.000000	0.00158022	1520.000000	0.00157674	1520.000000	0.00160684	1520.000000	1.72808e-07	
1540.000000	0.00153918	1540.000000	0.0016056 	1540.000000	0.0015784 	1540.000000	0.00157494	1540.000000	0.00160543	1540.000000	1.70717e-07	
1560.000000	0.00153809	1560.000000	0.0016043 	1560.000000	0.00157667	1560.000000	0.00157322	1560.000000	0.00160413	1560.000000	1.68678e-07	
1580.000000	0.00153711	1580.000000	0.0016031 	1580.000000	0.00157503	1580.000000	0.00157158	1580.000000	0.00160293	1580.000000	1.66688e-07	
1600.000000	0.00153625	1600.000000	0.001602  	1600.000000	0.00157348	1600.000000	0.00157003	1600.000000	0.00160184	1600.000000	1.64747e-07	
1620.000000	0.00153549	1620.000000	0.001601  	1620.000000	0.001572  	1620.000000	0.00156854	1620.000000	0.00160083	1620.000000	1.62852e-07	
1640.000000	0.00153485	1640.000000	0.00160008	1640.000000	0.0015706 	1640.000000	0.00156713	1640.000000	0.00159992	1640.000000	1.61001e-07	
1660.000000	0.00153431	1660.000000	0.00159926	1660.000000	0.00156926	1660.000000	0.00156579	1660.000000	0.0015991 	1660.000000	1.59193e-07	
1680.000000	0.00153387	1680.000000	0.00159852	1680.000000	0.001568  	1680.000000	0.00156452	1680.000000	0.00159837	1680.000000	1.57427e-07	
1700.000000	0.00153353	1700.000000	0.00159787	1700.000000	0.0015668 	1700.000000	0.0015633 	1700.000000	0.00159771	1700.000000	1.557e-07 	
1750.000000	0.00153307	1750.000000	0.00159658	1750.000000	0.00156406	1750.000000	0.00156054	1750.000000	0.00159643	1750.000000	1.51551e-07	
1800.000000	0.00153317	1800.000000	0.00159575	1800.000000	0.00156166	1800.000000	0.00155812	1800.000000	0.0015956 	1800.000000	1.47624e-07	
1850.000000	0.00153376	1850.000000	0.00159533	1850.000000	0.00155955	1850.000000	0.00155601	1850.000000	0.00159519	1850.000000	1.43902e-07	
1900.000000	0.00153483	1900.000000	0.00159531	1900.000000	0.00155771	1900.000000	0.00155419	1900.000000	0.00159517	1900.000000	1.40369e-07	
1950.000000	0.00153633	1950.000000	0.00159565	1950.000000	0.00155613	1950.000000	0.00155262	1950.000000	0.00159551	1950.000000	1.3701e-07	
2000.000000	0.00153823	2000.000000	0.00159632	2000.000000	0.00155478	2000.000000	0.00155129	2000.000000	0.00159618	2000.000000	1.33814e-07	
2100.000000	0.00154316	2100.000000	0.00159856	2100.000000	0.0015527 	2100.000000	0.00154925	2100.000000	0.00159843	2100.000000	1.27861e-07	
2200.000000	0.00154942	2200.000000	0.00160186	2200.000000	0.00155136	2200.000000	0.00154793	2200.000000	0.00160174	2200.000000	1.22432e-07	
2300.000000	0.00155686	2300.000000	0.0016061 	2300.000000	0.00155062	2300.000000	0.00154721	2300.000000	0.00160598	2300.000000	1.17458e-07	
2400.000000	0.00156536	2400.000000	0.00161114	2400.000000	0.00155038	2400.000000	0.00154698	2400.000000	0.00161103	2400.000000	1.12884e-07	
2500.000000	0.0015748 	2500.000000	0.0016169 	2500.000000	0.00155056	2500.000000	0.00154719	2500.000000	0.00161679	2500.000000	1.08664e-07	
2600.000000	0.00158509	2600.000000	0.00162329	2600.000000	0.0015511 	2600.000000	0.00154775	2600.000000	0.00162318	2600.000000	1.04757e-07	
2700.000000	0.00159615	2700.000000	0.00163024	2700.000000	0.00155195	2700.000000	0.00154862	2700.000000	0.00163014	2700.000000	1.0113e-07	
2800.000000	0.00160791	2800.000000	0.00163768	2800.000000	0.00155307	2800.000000	0.00154974	2800.000000	0.00163759	2800.000000	9.77525e-08	
2900.000000	0.00162032	2900.000000	0.00164558	2900.000000	0.00155441	2900.000000	0.00155108	2900.000000	0.00164548	2900.000000	9.46004e-08	
3000.000000	0.00163332	3000.000000	0.00165387	3000.000000	0.00155594	3000.000000	0.00155262	3000.000000	0.00165378	3000.000000	9.16513e-08	
3200.000000	0.0016609 	3200.000000	0.00167151	3200.000000	0.00155947	3200.000000	0.00155613	3200.000000	0.00167142	3200.000000	8.62875e-08	
3400.000000	0.00169037	3400.000000	0.00169033	3400.000000	0.00156346	3400.000000	0.0015601 	3400.000000	0.00169025	3400.000000	8.1534e-08	
3600.000000	0.00172149	3600.000000	0.00171014	3600.000000	0.00156777	3600.000000	0.0015644 	3600.000000	0.00171007	3600.000000	7.72912e-08	
3800.000000	0.00175406	3800.000000	0.00173077	3800.000000	0.00157231	3800.000000	0.00156893	3800.000000	0.0017307 	3800.000000	7.34803e-08	
4000.000000	0.00178793	4000.000000	0.0017521 	4000.000000	0.00157698	4000.000000	0.00157361	4000.000000	0.00175203	4000.000000	7.0038e-08	
4200.000000	0.00182298	4200.000000	0.00177401	4200.000000	0.00158176	4200.000000	0.0015784 	4200.000000	0.00177394	4200.000000	6.69128e-08	
4400.000000	0.0018591 	4400.000000	0.00179643	4400.000000	0.00158658	4400.000000	0.00158323	4400.000000	0.00179636	4400.000000	6.40623e-08	
4600.000000	0.00189622	4600.000000	0.00181928	4600.000000	0.00159143	4600.000000	0.00158809	4600.000000	0.00181921	4600.000000	6.14516e-08	
4800.000000	0.00193425	4800.000000	0.0018425 	4800.000000	0.00159628	4800.000000	0.00159294	4800.000000	0.00184244	4800.000000	5.90514e-08	
5000.000000	0.00197314	5000.000000	0.00186605	5000.000000	0.0016011 	5000.000000	0.00159778	5000.000000	0.00186599	5000.000000	5.68368e-08	
5250.000000	0.00202288	5250.000000	0.00189587	5250.000000	0.00160708	5250.000000	0.00160377	5250.000000	0.00189582	5250.000000	5.42983e-08	
5500.000000	0.0020738 	5500.000000	0.00192608	5500.000000	0.00161299	5500.000000	0.00160968	5500.000000	0.00192603	5500.000000	5.1983e-08	
6000.000000	0.00217889	6000.000000	0.0019874 	6000.000000	0.00162451	6000.000000	0.00162121	6000.000000	0.00198735	6000.000000	4.79131e-08	
6500.000000	0.00228797	6500.000000	0.00204967	6500.000000	0.0016356 	6500.000000	0.00163231	6500.000000	0.00204962	6500.000000	4.445e-08 	
7000.000000	0.00240073	7000.000000	0.00211264	7000.000000	0.00164624	7000.000000	0.00164295	7000.000000	0.0021126 	7000.000000	4.14663e-08	
7500.000000	0.00251692	7500.000000	0.00217615	7500.000000	0.00165642	7500.000000	0.00165314	7500.000000	0.00217611	7500.000000	3.88681e-08	
8000.000000	0.00263639	8000.000000	0.00224006	8000.000000	0.00166616	8000.000000	0.00166287	8000.000000	0.00224002	8000.000000	3.65846e-08	
8500.000000	0.00275898	8500.000000	0.00230427	8500.000000	0.00167545	8500.000000	0.00167218	8500.000000	0.00230423	8500.000000	3.45615e-08	
9000.000000	0.00288459	9000.000000	0.00236871	9000.000000	0.00168429	9000.000000	0.00168109	9000.000000	0.00236867	9000.000000	3.27561e-08	
9500.000000	0.00301315	9500.000000	0.00243332	9500.000000	0.00169276	9500.000000	0.00168961	9500.000000	0.00243329	9500.000000	3.1135e-08	
10000.000000	0.00314458	10000.000000	0.00249806	10000.000000	0.00170091	10000.000000	0.00169777	10000.000000	0.00249803	10000.000000	2.96709e-08	
11000.000000	0.00341585	11000.000000	0.00262779	11000.000000	0.00171626	11000.000000	0.00171312	11000.000000	0.00262776	11000.000000	2.71301e-08	
12000.000000	0.0036981 	12000.000000	0.00275769	12000.000000	0.00173043	12000.000000	0.00172728	12000.000000	0.00275767	12000.000000	2.50003e-08	
13000.000000	0.00399111	13000.000000	0.00288763	13000.000000	0.00174355	13000.000000	0.00174041	13000.000000	0.00288761	13000.000000	2.31885e-08	
14000.000000	0.00429475	14000.000000	0.00301752	14000.000000	0.00175574	14000.000000	0.00175263	14000.000000	0.0030175 	14000.000000	2.16278e-08	
15000.000000	0.00460891	15000.000000	0.0031473 	15000.000000	0.00176711	15000.000000	0.00176405	15000.000000	0.00314728	15000.000000	2.0269e-08	
16000.000000	0.00493353	16000.000000	0.00327693	16000.000000	0.00177777	16000.000000	0.00177475	16000.000000	0.00327691	16000.000000	1.90751e-08	
17000.000000	0.00526859	17000.000000	0.00340639	17000.000000	0.0017878 	17000.000000	0.00178482	17000.000000	0.00340637	17000.000000	1.80175e-08	
18000.000000	0.00561406	18000.000000	0.00353566	18000.000000	0.00179727	18000.000000	0.00179431	18000.000000	0.00353564	18000.000000	1.70739e-08	
19000.000000	0.00596994	19000.000000	0.00366472	19000.000000	0.00180623	19000.000000	0.00180329	19000.000000	0.00366471	19000.000000	1.62267e-08	
20000.000000	0.00633623	20000.000000	0.00379358	20000.000000	0.00181474	20000.000000	0.0018118 	20000.000000	0.00379357	20000.000000	1.54617e-08	
21000.000000	0.00671295	21000.000000	0.00392223	21000.000000	0.00182282	21000.000000	0.00181989	21000.000000	0.00392221	21000.000000	1.47674e-08	
22000.000000	0.00710012	22000.000000	0.00405066	22000.000000	0.00183052	22000.000000	0.0018276 	22000.000000	0.00405064	22000.000000	1.41344e-08	
23000.000000	0.00749777	23000.000000	0.00417888	23000.000000	0.00183779	23000.000000	0.00183495	23000.000000	0.00417886	23000.000000	1.35548e-08	
24000.000000	0.00790593	24000.000000	0.00430689	24000.000000	0.00184473	24000.000000	0.00184197	24000.000000	0.00430687	24000.000000	1.3022e-08	
25000.000000	0.00832464	25000.000000	0.00443469	25000.000000	0.00185147	25000.000000	0.0018487 	25000.000000	0.00443467	25000.000000	1.25306e-08	
26000.000000	0.00875393	26000.000000	0.00456228	26000.000000	0.00185792	26000.000000	0.00185516	26000.000000	0.00456227	26000.000000	1.2076e-08	
27000.000000	0.00919384	27000.000000	0.00468968	27000.000000	0.00186406	27000.000000	0.00186136	27000.000000	0.00468966	27000.000000	1.1654e-08	
28000.000000	0.00964443	28000.000000	0.00481687	28000.000000	0.00186994	28000.000000	0.00186732	28000.000000	0.00481686	28000.000000	1.12612e-08	
29000.000000	0.0101057 	29000.000000	0.00494387	29000.000000	0.00187562	29000.000000	0.00187306	29000.000000	0.00494386	29000.000000	1.08948e-08	
30000.000000	0.0105778 	30000.000000	0.00507069	30000.000000	0.00188111	30000.000000	0.0018786 	30000.000000	0.00507068	30000.000000	1.0552e-08	
32000.000000	0.0115544 	32000.000000	0.00532376	32000.000000	0.00189153	32000.000000	0.00188911	32000.000000	0.00532375	32000.000000	9.92896e-09	
34000.000000	0.0125747 	34000.000000	0.00557612	34000.000000	0.00190124	34000.000000	0.00189895	34000.000000	0.00557611	34000.000000	9.37712e-09	
36000.000000	0.013639  	36000.000000	0.00582781	36000.000000	0.00191036	36000.000000	0.00190819	36000.000000	0.0058278 	36000.000000	8.88486e-09	
38000.000000	0.0147479 	38000.000000	0.00607884	38000.000000	0.00191896	38000.000000	0.0019169 	38000.000000	0.00607883	38000.000000	8.44295e-09	
40000.000000	0.0159018 	40000.000000	0.00632926	40000.000000	0.00192708	40000.000000	0.00192513	40000.000000	0.00632925	40000.000000	8.04397e-09	
42000.000000	0.017101  	42000.000000	0.00657907	42000.000000	0.00193477	42000.000000	0.00193294	42000.000000	0.00657907	42000.000000	7.68192e-09	
44000.000000	0.0183463 	44000.000000	0.00682832	44000.000000	0.00194206	44000.000000	0.00194036	44000.000000	0.00682832	44000.000000	7.35184e-09	
46000.000000	0.0196379 	46000.000000	0.00707703	46000.000000	0.00194899	46000.000000	0.00194742	46000.000000	0.00707702	46000.000000	7.04966e-09	
48000.000000	0.0209763 	48000.000000	0.0073252 	48000.000000	0.00195559	48000.000000	0.00195417	48000.000000	0.0073252 	48000.000000	6.77194e-09	
50000.000000	0.0223622 	50000.000000	0.00757288	50000.000000	0.00196188	50000.000000	0.00196062	50000.000000	0.00757287	50000.000000	6.51582e-09	
