*Energy (MeV/u)1	0 - [He-base] F.Hubert et al, AD&ND Tables 46(1990)1	Energy (MeV/u)2	1 - [H -base] J.F.Ziegler et al, Pergamon Press, NY (low energy)	Energy (MeV/u)3	2 - ATIMA 1.2  LS-theory (recommended for high energy)	Energy (MeV/u)4	3 - ATIMA 1.2  without LS-correction	Energy (MeV/u)5	4 - electrical component of [1] - J.F.Ziegler et al	Energy (MeV/u)6	5 - nuclear component of [1] - J.F.Ziegler et al	
0.001000	0.0294465 	0.001000	0.029881  	0.001000	0.0381086 	0.001000	0.0381086 	0.001000	0.0242856 	0.001000	0.00559537	
0.002000	0.0346838 	0.002000	0.0350383 	0.002000	0.043242  	0.002000	0.043242  	0.002000	0.0312794 	0.002000	0.00375885	
0.005000	0.0452429 	0.005000	0.0457957 	0.005000	0.0532919 	0.005000	0.0532919 	0.005000	0.0437497 	0.005000	0.00204599	
0.008000	0.0525865 	0.008000	0.0534373 	0.008000	0.0601415 	0.008000	0.0601415 	0.008000	0.0519894 	0.008000	0.00144794	
0.010000	0.0565937 	0.010000	0.057661  	0.010000	0.0638569 	0.010000	0.0638569 	0.010000	0.0564341 	0.010000	0.00122684	
0.015000	0.0682213 	0.015000	0.0659906 	0.015000	0.0714316 	0.015000	0.0714316 	0.015000	0.0650897 	0.015000	0.000900871	
0.020000	0.0777557 	0.020000	0.0727381 	0.020000	0.077506  	0.020000	0.077506  	0.020000	0.0720183 	0.020000	0.000719806	
0.025000	0.0856435 	0.025000	0.0783817 	0.025000	0.0826545 	0.025000	0.0826545 	0.025000	0.0777784 	0.025000	0.000603243	
0.030000	0.0921252 	0.030000	0.0831757 	0.030000	0.0863146 	0.030000	0.0863146 	0.030000	0.0826544 	0.030000	0.000521358	
0.035000	0.0973591 	0.035000	0.0872759 	0.035000	0.0893726 	0.035000	0.0893726 	0.035000	0.0868155 	0.035000	0.000460398	
0.040000	0.101471  	0.040000	0.0907871 	0.040000	0.0919366 	0.040000	0.0919366 	0.040000	0.090374  	0.040000	0.000413095	
0.045000	0.104573  	0.045000	0.0937859 	0.045000	0.0940843 	0.045000	0.0940843 	0.045000	0.0934107 	0.045000	0.00037523	
0.050000	0.106774  	0.050000	0.0963313 	0.050000	0.0958741 	0.050000	0.0958741 	0.050000	0.0959871 	0.050000	0.000344175	
0.055000	0.108181  	0.055000	0.0984713 	0.055000	0.0973521 	0.055000	0.0973521 	0.055000	0.0981531 	0.055000	0.000318206	
0.060000	0.1089    	0.060000	0.100247  	0.060000	0.098556  	0.060000	0.098556  	0.060000	0.0999505 	0.060000	0.00029614	
0.070000	0.108674  	0.070000	0.102841  	0.070000	0.100262  	0.070000	0.100262  	0.070000	0.10258   	0.070000	0.000260594	
0.080000	0.106837  	0.080000	0.104357  	0.080000	0.101196  	0.080000	0.101196  	0.080000	0.104124  	0.080000	0.000233143	
0.090000	0.103997  	0.090000	0.104998  	0.090000	0.101512  	0.090000	0.101512  	0.090000	0.104787  	0.090000	0.000211256	
0.100000	0.100616  	0.100000	0.104937  	0.100000	0.101336  	0.100000	0.101336  	0.100000	0.104744  	0.100000	0.000193364	
0.120000	0.0934207 	0.120000	0.103281  	0.120000	0.0998869 	0.120000	0.0998869 	0.120000	0.103115  	0.120000	0.000165801	
0.140000	0.0866731 	0.140000	0.100316  	0.140000	0.0974606 	0.140000	0.0974606 	0.140000	0.10017   	0.140000	0.000145495	
0.160000	0.0808154 	0.160000	0.0966741 	0.160000	0.0944717 	0.160000	0.0944717 	0.160000	0.0965442 	0.160000	0.00012987	
0.180000	0.0758663 	0.180000	0.092763  	0.180000	0.0912008 	0.180000	0.0912008 	0.180000	0.0926456 	0.180000	0.000117448	
0.200000	0.0717021 	0.200000	0.0888313 	0.200000	0.087834  	0.200000	0.087834  	0.200000	0.088724  	0.200000	0.000107321	
0.250000	0.0637939 	0.250000	0.0796913 	0.250000	0.0796779 	0.250000	0.0796779 	0.250000	0.0796027 	0.250000	8.85963e-05	
0.300000	0.0581551 	0.300000	0.0719931 	0.300000	0.072451  	0.300000	0.072451  	0.300000	0.0719174 	0.300000	7.56957e-05	
0.350000	0.0538254 	0.350000	0.0656829 	0.350000	0.0663022 	0.350000	0.0663022 	0.350000	0.0656166 	0.350000	6.6234e-05	
0.400000	0.0503144 	0.400000	0.0605057 	0.400000	0.0611297 	0.400000	0.0611297 	0.400000	0.0604468 	0.400000	5.89795e-05	
0.450000	0.0473595 	0.450000	0.0562109 	0.450000	0.0567723 	0.450000	0.0567723 	0.450000	0.0561577 	0.450000	5.32296e-05	
0.500000	0.0448091 	0.500000	0.052597  	0.500000	0.0530749 	0.500000	0.0530749 	0.500000	0.0525484 	0.500000	4.85535e-05	
0.600000	0.0405754 	0.600000	0.0468422 	0.600000	0.0471665 	0.600000	0.0471665 	0.600000	0.0468008 	0.600000	4.1394e-05	
0.700000	0.037163  	0.700000	0.0424356 	0.700000	0.0426564 	0.700000	0.0426564 	0.700000	0.0423995 	0.700000	3.61565e-05	
0.800000	0.0343327 	0.800000	0.0389242 	0.800000	0.0390871 	0.800000	0.0390871 	0.800000	0.0388921 	0.800000	3.21493e-05	
0.900000	0.0319379 	0.900000	0.0360403 	0.900000	0.0361767 	0.900000	0.0361767 	0.900000	0.0360113 	0.900000	2.89789e-05	
1.000000	0.0298806 	1.000000	0.0336163 	1.000000	0.033746  	1.000000	0.033746  	1.000000	0.0335899 	1.000000	2.64044e-05	
1.250000	0.0258029 	1.250000	0.0289259 	1.250000	0.0290776 	1.250000	0.0290776 	1.250000	0.0289042 	1.250000	2.16715e-05	
1.500000	0.022765  	1.500000	0.0255025 	1.500000	0.0256905 	1.500000	0.0256905 	1.500000	0.0254841 	1.500000	1.84327e-05	
1.750000	0.0204069 	1.750000	0.0228722 	1.750000	0.0230924 	1.750000	0.0230924 	1.750000	0.0228561 	1.750000	1.60698e-05	
2.000000	0.018519  	2.000000	0.0207776 	2.000000	0.0210224 	2.000000	0.0210224 	2.000000	0.0207634 	2.000000	1.4266e-05	
2.250000	0.016971  	2.250000	0.0190647 	2.250000	0.0193268 	2.250000	0.0193268 	2.250000	0.0190518 	2.250000	1.28416e-05	
2.500000	0.0156087 	2.500000	0.0176344 	2.500000	0.0179082 	2.500000	0.0179082 	2.500000	0.0176227 	2.500000	1.16868e-05	
3.000000	0.0136292 	3.000000	0.0153749 	3.000000	0.0156599 	3.000000	0.0156599 	3.000000	0.015365  	3.000000	9.92557e-06	
3.500000	0.0121269 	3.500000	0.0136644 	3.500000	0.0139505 	3.500000	0.0139505 	3.500000	0.0136558 	3.500000	8.64283e-06	
4.000000	0.0109444 	4.000000	0.0123203 	4.000000	0.0126022 	4.000000	0.0126022 	4.000000	0.0123126 	4.000000	7.66494e-06	
4.500000	0.00998762	4.500000	0.0112336 	4.500000	0.0115085 	4.500000	0.0115085 	4.500000	0.0112268 	4.500000	6.89363e-06	
5.000000	0.00919619	5.000000	0.0103354 	5.000000	0.0106019 	5.000000	0.0106019 	5.000000	0.0103292 	5.000000	6.26895e-06	
5.500000	0.00852985	5.500000	0.00957948	5.500000	0.00983695	5.500000	0.00983695	5.500000	0.00957373	5.500000	5.75224e-06	
6.000000	0.00796053	6.000000	0.00893374	6.000000	0.00918213	6.000000	0.00918213	6.000000	0.00892843	6.000000	5.3174e-06	
6.500000	0.00746806	6.500000	0.00837522	6.500000	0.00861468	6.500000	0.00861468	6.500000	0.00837028	6.500000	4.94617e-06	
7.000000	0.00703756	7.000000	0.00788698	7.000000	0.00811781	7.000000	0.00811781	7.000000	0.00788236	7.000000	4.62537e-06	
7.500000	0.00665781	7.500000	0.00745625	7.500000	0.00767882	7.500000	0.00767882	7.500000	0.0074519 	7.500000	4.34525e-06	
8.000000	0.00632014	8.000000	0.0070732 	8.000000	0.00728792	8.000000	0.00728792	8.000000	0.0070691 	8.000000	4.09843e-06	
8.500000	0.0060178 	8.500000	0.00673016	8.500000	0.00693743	8.500000	0.00693743	8.500000	0.00672628	8.500000	3.87924e-06	
9.000000	0.00574541	9.000000	0.00642103	9.000000	0.00662126	9.000000	0.00662126	9.000000	0.00641734	9.000000	3.68322e-06	
9.500000	0.00549864	9.500000	0.0061409 	9.500000	0.00633448	9.500000	0.00633448	9.500000	0.0061374 	9.500000	3.50684e-06	
10.000000	0.00527398	10.000000	0.00606589	10.000000	0.00607309	10.000000	0.00607309	10.000000	0.00606255	10.000000	3.34724e-06	
11.000000	0.00487984	11.000000	0.00561701	11.000000	0.00560898	11.000000	0.00560902	11.000000	0.00561394	11.000000	3.06954e-06	
12.000000	0.00454511	12.000000	0.0052344 	12.000000	0.00521497	12.000000	0.00521506	12.000000	0.00523156	12.000000	2.83601e-06	
13.000000	0.00425708	13.000000	0.00490421	13.000000	0.00487633	13.000000	0.00487638	13.000000	0.00490158	13.000000	2.63675e-06	
14.000000	0.00400644	14.000000	0.00461624	14.000000	0.00458211	14.000000	0.0045821 	14.000000	0.00461377	14.000000	2.46466e-06	
15.000000	0.00378625	15.000000	0.00436276	15.000000	0.00432401	15.000000	0.00432402	15.000000	0.00436044	15.000000	2.31447e-06	
16.000000	0.00359116	16.000000	0.00413784	16.000000	0.00409592	16.000000	0.00409587	16.000000	0.00413566	16.000000	2.1822e-06	
17.000000	0.00341705	17.000000	0.00393686	17.000000	0.00389296	17.000000	0.00389276	17.000000	0.00393479	17.000000	2.06478e-06	
18.000000	0.00326065	18.000000	0.00375612	18.000000	0.00371109	18.000000	0.00371083	18.000000	0.00375416	18.000000	1.95982e-06	
19.000000	0.00311934	19.000000	0.00359268	19.000000	0.00354722	19.000000	0.00354696	19.000000	0.00359081	19.000000	1.8654e-06	
20.000000	0.00299099	20.000000	0.00344412	20.000000	0.0033989 	20.000000	0.00339864	20.000000	0.00344234	20.000000	1.78e-06  	
21.000000	0.00287386	21.000000	0.00330849	21.000000	0.00326408	21.000000	0.00326379	21.000000	0.00330678	21.000000	1.70237e-06	
22.000000	0.00276653	22.000000	0.00318413	22.000000	0.00314099	22.000000	0.00314072	22.000000	0.00318249	22.000000	1.63148e-06	
23.000000	0.00266779	23.000000	0.00306967	23.000000	0.00302825	23.000000	0.00302797	23.000000	0.0030681 	23.000000	1.56648e-06	
24.000000	0.00257663	24.000000	0.00296397	24.000000	0.00292475	24.000000	0.00292436	24.000000	0.00296246	24.000000	1.50666e-06	
25.000000	0.00249218	25.000000	0.00286603	25.000000	0.00282942	25.000000	0.00282885	25.000000	0.00286458	25.000000	1.4514e-06	
27.000000	0.00234065	27.000000	0.00269023	27.000000	0.00265949	27.000000	0.00265878	27.000000	0.00268888	27.000000	1.35264e-06	
29.000000	0.00220846	29.000000	0.00253686	29.000000	0.00251281	29.000000	0.00251211	29.000000	0.00253559	29.000000	1.26692e-06	
31.000000	0.00209209	31.000000	0.00240182	31.000000	0.00238282	31.000000	0.00238211	31.000000	0.00240063	31.000000	1.19179e-06	
33.000000	0.0019888 	33.000000	0.00228198	33.000000	0.00226535	33.000000	0.00226469	33.000000	0.00228085	33.000000	1.12537e-06	
35.000000	0.00189646	35.000000	0.00217486	35.000000	0.00216022	35.000000	0.00215963	35.000000	0.0021738 	35.000000	1.06623e-06	
38.000000	0.00177491	38.000000	0.0020339 	38.000000	0.00202199	38.000000	0.00202119	38.000000	0.00203291	38.000000	9.88693e-07	
41.000000	0.00166991	41.000000	0.0019122 	41.000000	0.00190233	41.000000	0.0019015 	41.000000	0.00191128	41.000000	9.22038e-07	
44.000000	0.00157824	44.000000	0.00180602	44.000000	0.00179769	44.000000	0.00179694	44.000000	0.00180516	44.000000	8.64098e-07	
47.000000	0.00149747	47.000000	0.00171254	47.000000	0.00170547	47.000000	0.00170475	47.000000	0.00171173	47.000000	8.13251e-07	
50.000000	0.00142573	50.000000	0.00162959	50.000000	0.00162352	50.000000	0.00162284	50.000000	0.00162882	50.000000	7.68254e-07	
55.000000	0.0013224 	55.000000	0.00151024	55.000000	0.00150545	55.000000	0.00150483	55.000000	0.00150953	55.000000	7.03732e-07	
60.000000	0.00123515	60.000000	0.00140963	60.000000	0.00140579	60.000000	0.00140517	60.000000	0.00140898	60.000000	6.4954e-07	
65.000000	0.00116044	65.000000	0.00132363	65.000000	0.00132058	65.000000	0.00131985	65.000000	0.00132303	65.000000	6.03355e-07	
70.000000	0.00109569	70.000000	0.00124924	70.000000	0.0012466 	70.000000	0.00124594	70.000000	0.00124867	70.000000	5.63508e-07	
75.000000	0.001039  	75.000000	0.00118422	75.000000	0.00118189	75.000000	0.00118127	75.000000	0.0011837 	75.000000	5.28764e-07	
80.000000	0.000988921	80.000000	0.0011269 	80.000000	0.00112477	80.000000	0.00112418	80.000000	0.00112641	80.000000	4.98193e-07	
85.000000	0.000944337	85.000000	0.00107597	85.000000	0.00107396	85.000000	0.00107341	85.000000	0.0010755 	85.000000	4.71077e-07	
90.000000	0.000904373	90.000000	0.00103041	90.000000	0.00102848	90.000000	0.00102794	90.000000	0.00102997	90.000000	4.46855e-07	
95.000000	0.000868329	95.000000	0.000989404	95.000000	0.000987623	95.000000	0.00098699	95.000000	0.000988979	95.000000	4.25084e-07	
100.000000	0.000835643	100.000000	0.000952292	100.000000	0.000950505	100.000000	0.000949899	100.000000	0.000951886	100.000000	4.05404e-07	
105.000000	0.000805856	105.000000	0.000918541	105.000000	0.000916724	105.000000	0.000916145	105.000000	0.000918153	105.000000	3.87525e-07	
110.000000	0.00077859	110.000000	0.00088771	110.000000	0.000885852	110.000000	0.000885293	110.000000	0.000887339	110.000000	3.71209e-07	
115.000000	0.00075353	115.000000	0.000859433	115.000000	0.00085752	115.000000	0.000856982	115.000000	0.000859077	115.000000	3.56256e-07	
120.000000	0.000730412	120.000000	0.000833403	120.000000	0.000831426	120.000000	0.000830908	120.000000	0.00083306	120.000000	3.425e-07 	
125.000000	0.000709014	125.000000	0.000809359	125.000000	0.000807317	125.000000	0.000806815	125.000000	0.00080903	125.000000	3.29803e-07	
130.000000	0.000689146	130.000000	0.000787082	130.000000	0.000784969	130.000000	0.000784483	130.000000	0.000786764	130.000000	3.18044e-07	
135.000000	0.000670645	135.000000	0.000766381	135.000000	0.000764186	135.000000	0.000763725	135.000000	0.000766074	135.000000	3.07123e-07	
140.000000	0.000653371	140.000000	0.000747095	140.000000	0.000744874	140.000000	0.00074438	140.000000	0.000746798	140.000000	2.96952e-07	
145.000000	0.000637204	145.000000	0.000729082	145.000000	0.000726846	145.000000	0.000726308	145.000000	0.000728794	145.000000	2.87455e-07	
150.000000	0.000622036	150.000000	0.000712219	150.000000	0.000709909	150.000000	0.000709386	150.000000	0.00071194	150.000000	2.78567e-07	
155.000000	0.00060068	155.000000	0.000696399	155.000000	0.000694012	155.000000	0.000693509	155.000000	0.000696128	155.000000	2.7023e-07	
160.000000	0.000588163	160.000000	0.000681527	160.000000	0.000679076	160.000000	0.000678582	160.000000	0.000681265	160.000000	2.62394e-07	
165.000000	0.000576359	165.000000	0.000667521	165.000000	0.000665004	165.000000	0.000664523	165.000000	0.000667266	165.000000	2.55016e-07	
170.000000	0.000565208	170.000000	0.000654307	170.000000	0.000651727	170.000000	0.000651257	170.000000	0.000654059	170.000000	2.48054e-07	
175.000000	0.000554657	175.000000	0.000641819	175.000000	0.00063918	175.000000	0.00063872	175.000000	0.000641578	175.000000	2.41475e-07	
180.000000	0.000544659	180.000000	0.000629999	180.000000	0.000627303	180.000000	0.000626853	180.000000	0.000629764	180.000000	2.35248e-07	
185.000000	0.000535169	185.000000	0.000618794	185.000000	0.000616046	185.000000	0.000615605	185.000000	0.000618565	185.000000	2.29345e-07	
190.000000	0.00052615	190.000000	0.000608158	190.000000	0.000605361	190.000000	0.000604927	190.000000	0.000607934	190.000000	2.2374e-07	
195.000000	0.000517567	195.000000	0.000598048	195.000000	0.000595199	195.000000	0.000594779	195.000000	0.00059783	195.000000	2.18412e-07	
200.000000	0.00050939	200.000000	0.000588427	200.000000	0.00058553	200.000000	0.000585121	200.000000	0.000588213	200.000000	2.1334e-07	
210.000000	0.000494138	210.000000	0.000570513	210.000000	0.0005676 	210.000000	0.000567143	210.000000	0.000570309	210.000000	2.03894e-07	
220.000000	0.0004802 	220.000000	0.000554178	220.000000	0.000551208	220.000000	0.000550753	220.000000	0.000553982	220.000000	1.95276e-07	
230.000000	0.000467409	230.000000	0.000539221	230.000000	0.000536188	230.000000	0.000535751	230.000000	0.000539034	230.000000	1.87379e-07	
240.000000	0.00045563	240.000000	0.000525476	240.000000	0.000522396	240.000000	0.00052197	240.000000	0.000525296	240.000000	1.80116e-07	
250.000000	0.000444747	250.000000	0.000512803	250.000000	0.000509682	250.000000	0.000509269	250.000000	0.000512629	250.000000	1.73412e-07	
260.000000	0.00043466	260.000000	0.00050108	260.000000	0.000497927	260.000000	0.000497526	260.000000	0.000500913	260.000000	1.67205e-07	
270.000000	0.000425285	270.000000	0.000490207	270.000000	0.000487031	270.000000	0.000486639	270.000000	0.000490046	270.000000	1.61442e-07	
280.000000	0.000416549	280.000000	0.000480095	280.000000	0.000476902	280.000000	0.000476519	280.000000	0.000479939	280.000000	1.56075e-07	
290.000000	0.00040839	290.000000	0.000470668	290.000000	0.000467458	290.000000	0.00046709	290.000000	0.000470516	290.000000	1.51064e-07	
300.000000	0.000400751	300.000000	0.000461858	300.000000	0.00045867	300.000000	0.000458284	300.000000	0.000461712	300.000000	1.46376e-07	
310.000000	0.000393586	310.000000	0.000453609	310.000000	0.000450455	310.000000	0.000450043	310.000000	0.000453467	310.000000	1.41979e-07	
320.000000	0.000386852	320.000000	0.00044587	320.000000	0.000442719	320.000000	0.000442316	320.000000	0.000445732	320.000000	1.37846e-07	
330.000000	0.000380511	330.000000	0.000438594	330.000000	0.000435448	330.000000	0.000435057	330.000000	0.00043846	330.000000	1.33955e-07	
340.000000	0.00037453	340.000000	0.000431744	340.000000	0.000428612	340.000000	0.000428226	340.000000	0.000431614	340.000000	1.30285e-07	
350.000000	0.00036888	350.000000	0.000425283	350.000000	0.000422166	350.000000	0.000421788	350.000000	0.000425156	350.000000	1.26817e-07	
360.000000	0.000363534	360.000000	0.00041918	360.000000	0.000416083	360.000000	0.000415711	360.000000	0.000419056	360.000000	1.23534e-07	
370.000000	0.00035847	370.000000	0.000413406	370.000000	0.000410301	370.000000	0.000409934	370.000000	0.000413286	370.000000	1.20423e-07	
380.000000	0.000353666	380.000000	0.000407937	380.000000	0.000404827	380.000000	0.000404466	380.000000	0.00040782	380.000000	1.17469e-07	
390.000000	0.000349103	390.000000	0.00040275	390.000000	0.000399638	390.000000	0.000399283	390.000000	0.000402636	390.000000	1.14662e-07	
400.000000	0.000344763	400.000000	0.000397824	400.000000	0.000394714	400.000000	0.000394364	400.000000	0.000397712	400.000000	1.11989e-07	
410.000000	0.000340632	410.000000	0.000393141	410.000000	0.000390036	410.000000	0.000389691	410.000000	0.000393032	410.000000	1.09443e-07	
420.000000	0.000336694	420.000000	0.000388684	420.000000	0.000385587	420.000000	0.000385246	420.000000	0.000388577	420.000000	1.07013e-07	
430.000000	0.000332938	430.000000	0.000384437	430.000000	0.000381349	430.000000	0.000381013	430.000000	0.000384333	430.000000	1.04692e-07	
440.000000	0.000329351	440.000000	0.000380387	440.000000	0.000377307	440.000000	0.000376979	440.000000	0.000380285	440.000000	1.02473e-07	
450.000000	0.000325922	450.000000	0.000376521	450.000000	0.000373455	450.000000	0.00037313	450.000000	0.000376421	450.000000	1.0035e-07	
460.000000	0.000322643	460.000000	0.000372827	460.000000	0.000369789	460.000000	0.000369455	460.000000	0.000372729	460.000000	9.83147e-08	
470.000000	0.000319503	470.000000	0.000369294	470.000000	0.000366293	470.000000	0.000365943	470.000000	0.000369198	470.000000	9.63634e-08	
480.000000	0.000316495	480.000000	0.000365914	480.000000	0.000362943	480.000000	0.000362584	480.000000	0.000365819	480.000000	9.44904e-08	
490.000000	0.000313611	490.000000	0.000362676	490.000000	0.000359725	490.000000	0.000359369	490.000000	0.000362583	490.000000	9.26912e-08	
500.000000	0.000310843	500.000000	0.000359572	500.000000	0.000356637	500.000000	0.000356288	500.000000	0.000359481	500.000000	9.09614e-08	
520.000000	0.000305632	520.000000	0.000353738	520.000000	0.000350844	520.000000	0.000350503	520.000000	0.00035365	520.000000	8.76944e-08	
540.000000	0.000300817	540.000000	0.000348356	540.000000	0.000345508	540.000000	0.000345172	540.000000	0.000348272	540.000000	8.4661e-08	
560.000000	0.000296356	560.000000	0.00034338	560.000000	0.000340577	560.000000	0.000340247	560.000000	0.000343298	560.000000	8.18368e-08	
580.000000	0.000292215	580.000000	0.000338768	580.000000	0.000336012	580.000000	0.000335688	580.000000	0.000338689	580.000000	7.92005e-08	
600.000000	0.000288363	600.000000	0.000334486	600.000000	0.000331775	600.000000	0.000331457	600.000000	0.000334409	600.000000	7.67339e-08	
620.000000	0.000284774	620.000000	0.000330501	620.000000	0.000327837	620.000000	0.000327523	620.000000	0.000330426	620.000000	7.4421e-08	
640.000000	0.000281425	640.000000	0.000326787	640.000000	0.000324169	640.000000	0.000323859	640.000000	0.000326715	640.000000	7.22476e-08	
660.000000	0.000278294	660.000000	0.00032332	660.000000	0.000320745	660.000000	0.000320439	660.000000	0.00032325	660.000000	7.02014e-08	
680.000000	0.000275364	680.000000	0.000320078	680.000000	0.000317542	680.000000	0.000317244	680.000000	0.00032001	680.000000	6.82714e-08	
700.000000	0.000272618	700.000000	0.000317043	700.000000	0.000314553	700.000000	0.000314253	700.000000	0.000316977	700.000000	6.64479e-08	
720.000000	0.000270042	720.000000	0.000314199	720.000000	0.000311763	720.000000	0.000311449	720.000000	0.000314134	720.000000	6.47222e-08	
740.000000	0.000267623	740.000000	0.000311529	740.000000	0.000309142	740.000000	0.000308818	740.000000	0.000311465	740.000000	6.30866e-08	
760.000000	0.000265349	760.000000	0.00030902	760.000000	0.000306669	760.000000	0.000306345	760.000000	0.000308958	760.000000	6.15342e-08	
780.000000	0.000263209	780.000000	0.000306661	780.000000	0.000304336	780.000000	0.000304018	780.000000	0.000306601	780.000000	6.00586e-08	
800.000000	0.000261194	800.000000	0.00030444	800.000000	0.00030214	800.000000	0.000301827	800.000000	0.000304381	800.000000	5.86543e-08	
820.000000	0.000259295	820.000000	0.000302348	820.000000	0.000300071	820.000000	0.00029976	820.000000	0.00030229	820.000000	5.73161e-08	
840.000000	0.000257505	840.000000	0.000300375	840.000000	0.000298119	840.000000	0.00029781	840.000000	0.000300319	840.000000	5.60395e-08	
860.000000	0.000255816	860.000000	0.000298514	860.000000	0.000296274	860.000000	0.000295968	860.000000	0.000298459	860.000000	5.48203e-08	
880.000000	0.000254222	880.000000	0.000296756	880.000000	0.000294529	880.000000	0.000294226	880.000000	0.000296703	880.000000	5.36545e-08	
900.000000	0.000252717	900.000000	0.000295096	900.000000	0.000292878	900.000000	0.000292577	900.000000	0.000295044	900.000000	5.25389e-08	
920.000000	0.000251295	920.000000	0.000293527	920.000000	0.000291315	920.000000	0.000291016	920.000000	0.000293475	920.000000	5.147e-08 	
940.000000	0.000249951	940.000000	0.000292043	940.000000	0.000289834	940.000000	0.000289537	940.000000	0.000291993	940.000000	5.04452e-08	
960.000000	0.000248681	960.000000	0.000290639	960.000000	0.000288429	960.000000	0.000288134	960.000000	0.00029059	960.000000	4.94615e-08	
980.000000	0.000247481	980.000000	0.000289311	980.000000	0.000287095	980.000000	0.000286803	980.000000	0.000289262	980.000000	4.85167e-08	
1000.000000	0.000246346	1000.000000	0.000288053	1000.000000	0.000285829	1000.000000	0.000285538	1000.000000	0.000288006	1000.000000	4.76084e-08	
1020.000000	0.000245273	1020.000000	0.000286863	1020.000000	0.000284626	1020.000000	0.000284337	1020.000000	0.000286816	1020.000000	4.67345e-08	
1040.000000	0.000244259	1040.000000	0.000285735	1040.000000	0.000283483	1040.000000	0.000283195	1040.000000	0.000285689	1040.000000	4.58931e-08	
1060.000000	0.0002433 	1060.000000	0.000284667	1060.000000	0.000282395	1060.000000	0.000282109	1060.000000	0.000284622	1060.000000	4.50823e-08	
1080.000000	0.000242394	1080.000000	0.000283655	1080.000000	0.00028136	1080.000000	0.000281076	1080.000000	0.000283611	1080.000000	4.43006e-08	
1100.000000	0.000241537	1100.000000	0.000282696	1100.000000	0.000280375	1100.000000	0.000280092	1100.000000	0.000282653	1100.000000	4.35463e-08	
1120.000000	0.000240728	1120.000000	0.000281788	1120.000000	0.000279436	1120.000000	0.000279155	1120.000000	0.000281746	1120.000000	4.28181e-08	
1140.000000	0.000239964	1140.000000	0.000280928	1140.000000	0.000278542	1140.000000	0.000278262	1140.000000	0.000280886	1140.000000	4.21146e-08	
1160.000000	0.000239243	1160.000000	0.000280113	1160.000000	0.00027769	1160.000000	0.000277411	1160.000000	0.000280072	1160.000000	4.14345e-08	
1180.000000	0.000238563	1180.000000	0.000279342	1180.000000	0.000276878	1180.000000	0.0002766 	1180.000000	0.000279301	1180.000000	4.07767e-08	
1200.000000	0.000237921	1200.000000	0.000278611	1200.000000	0.000276102	1200.000000	0.000275826	1200.000000	0.000278571	1200.000000	4.014e-08 	
1220.000000	0.000237317	1220.000000	0.00027792	1220.000000	0.000275361	1220.000000	0.000275088	1220.000000	0.000277881	1220.000000	3.95236e-08	
1240.000000	0.000236748	1240.000000	0.000277266	1240.000000	0.000274655	1240.000000	0.000274383	1240.000000	0.000277227	1240.000000	3.89264e-08	
1260.000000	0.000236213	1260.000000	0.000276647	1260.000000	0.00027398	1260.000000	0.00027371	1260.000000	0.000276609	1260.000000	3.83475e-08	
1280.000000	0.00023571	1280.000000	0.000276063	1280.000000	0.000273337	1280.000000	0.000273068	1280.000000	0.000276025	1280.000000	3.77861e-08	
1300.000000	0.000235239	1300.000000	0.00027551	1300.000000	0.000272723	1300.000000	0.000272455	1300.000000	0.000275473	1300.000000	3.72413e-08	
1320.000000	0.000234797	1320.000000	0.000274988	1320.000000	0.000272139	1320.000000	0.000271869	1320.000000	0.000274952	1320.000000	3.67126e-08	
1340.000000	0.000234384	1340.000000	0.000274496	1340.000000	0.000271582	1340.000000	0.000271309	1340.000000	0.00027446	1340.000000	3.61991e-08	
1360.000000	0.000233997	1360.000000	0.000274032	1360.000000	0.000271051	1360.000000	0.000270774	1360.000000	0.000273997	1360.000000	3.57002e-08	
1380.000000	0.000233638	1380.000000	0.000273596	1380.000000	0.000270544	1380.000000	0.000270263	1380.000000	0.00027356	1380.000000	3.52153e-08	
1400.000000	0.000233303	1400.000000	0.000273185	1400.000000	0.000270059	1400.000000	0.000269775	1400.000000	0.00027315	1400.000000	3.47437e-08	
1420.000000	0.000232992	1420.000000	0.000272799	1420.000000	0.000269596	1420.000000	0.000269308	1420.000000	0.000272764	1420.000000	3.4285e-08	
1440.000000	0.000232705	1440.000000	0.000272436	1440.000000	0.000269152	1440.000000	0.000268862	1440.000000	0.000272402	1440.000000	3.38387e-08	
1460.000000	0.00023244	1460.000000	0.000272097	1460.000000	0.000268726	1460.000000	0.000268436	1460.000000	0.000272063	1460.000000	3.34041e-08	
1480.000000	0.000232196	1480.000000	0.000271779	1480.000000	0.000268319	1480.000000	0.000268028	1480.000000	0.000271746	1480.000000	3.29809e-08	
1500.000000	0.000231973	1500.000000	0.000271482	1500.000000	0.000267929	1500.000000	0.000267638	1500.000000	0.00027145	1500.000000	3.25687e-08	
1520.000000	0.000231771	1520.000000	0.000271206	1520.000000	0.000267555	1520.000000	0.000267266	1520.000000	0.000271174	1520.000000	3.21669e-08	
1540.000000	0.000231587	1540.000000	0.000270949	1540.000000	0.000267198	1540.000000	0.00026691	1540.000000	0.000270917	1540.000000	3.17752e-08	
1560.000000	0.000231422	1560.000000	0.000270711	1560.000000	0.000266856	1560.000000	0.000266569	1560.000000	0.00027068	1560.000000	3.13932e-08	
1580.000000	0.000231275	1580.000000	0.000270491	1580.000000	0.00026653	1580.000000	0.000266244	1580.000000	0.00027046	1580.000000	3.10206e-08	
1600.000000	0.000231145	1600.000000	0.000270288	1600.000000	0.000266218	1600.000000	0.000265934	1600.000000	0.000270257	1600.000000	3.06569e-08	
1620.000000	0.000231032	1620.000000	0.000270102	1620.000000	0.00026592	1620.000000	0.000265637	1620.000000	0.000270072	1620.000000	3.0302e-08	
1640.000000	0.000230935	1640.000000	0.000269932	1640.000000	0.000265635	1640.000000	0.000265353	1640.000000	0.000269902	1640.000000	2.99554e-08	
1660.000000	0.000230854	1660.000000	0.000269777	1660.000000	0.000265364	1660.000000	0.000265082	1660.000000	0.000269748	1660.000000	2.96169e-08	
1680.000000	0.000230787	1680.000000	0.000269638	1680.000000	0.000265104	1680.000000	0.000264824	1680.000000	0.000269609	1680.000000	2.92862e-08	
1700.000000	0.000230736	1700.000000	0.000269513	1700.000000	0.000264857	1700.000000	0.000264577	1700.000000	0.000269484	1700.000000	2.89631e-08	
1750.000000	0.000230668	1750.000000	0.00026926	1750.000000	0.000264287	1750.000000	0.000264008	1750.000000	0.000269232	1750.000000	2.81864e-08	
1800.000000	0.000230682	1800.000000	0.000269088	1800.000000	0.000263781	1800.000000	0.000263503	1800.000000	0.00026906	1800.000000	2.74515e-08	
1850.000000	0.000230771	1850.000000	0.000268989	1850.000000	0.000263333	1850.000000	0.000263056	1850.000000	0.000268962	1850.000000	2.6755e-08	
1900.000000	0.000230931	1900.000000	0.000268958	1900.000000	0.000262937	1900.000000	0.000262662	1900.000000	0.000268932	1900.000000	2.6094e-08	
1950.000000	0.000231157	1950.000000	0.00026899	1950.000000	0.00026259	1950.000000	0.000262315	1950.000000	0.000268964	1950.000000	2.54658e-08	
2000.000000	0.000231444	2000.000000	0.000269079	2000.000000	0.000262286	2000.000000	0.000262012	2000.000000	0.000269055	2000.000000	2.4868e-08	
2100.000000	0.000232185	2100.000000	0.000269416	2100.000000	0.000261794	2100.000000	0.000261523	2100.000000	0.000269393	2100.000000	2.37552e-08	
2200.000000	0.000233127	2200.000000	0.000269939	2200.000000	0.000261437	2200.000000	0.000261167	2200.000000	0.000269917	2200.000000	2.27403e-08	
2300.000000	0.000234247	2300.000000	0.000270624	2300.000000	0.000261192	2300.000000	0.000260924	2300.000000	0.000270603	2300.000000	2.18109e-08	
2400.000000	0.000235525	2400.000000	0.000271451	2400.000000	0.000261043	2400.000000	0.000260776	2400.000000	0.00027143	2400.000000	2.09565e-08	
2500.000000	0.000236946	2500.000000	0.000272402	2500.000000	0.000260974	2500.000000	0.000260709	2500.000000	0.000272382	2500.000000	2.01684e-08	
2600.000000	0.000238494	2600.000000	0.000273463	2600.000000	0.000260975	2600.000000	0.000260711	2600.000000	0.000273444	2600.000000	1.9439e-08	
2700.000000	0.000240158	2700.000000	0.000274622	2700.000000	0.000261034	2700.000000	0.000260771	2700.000000	0.000274603	2700.000000	1.87619e-08	
2800.000000	0.000241928	2800.000000	0.000275868	2800.000000	0.000261144	2800.000000	0.000260882	2800.000000	0.00027585	2800.000000	1.81317e-08	
2900.000000	0.000243795	2900.000000	0.000277192	2900.000000	0.000261296	2900.000000	0.000261035	2900.000000	0.000277175	2900.000000	1.75437e-08	
3000.000000	0.00024575	3000.000000	0.000278586	3000.000000	0.000261486	3000.000000	0.000261226	3000.000000	0.000278569	3000.000000	1.69936e-08	
3200.000000	0.000249901	3200.000000	0.000281558	3200.000000	0.000261957	3200.000000	0.000261698	3200.000000	0.000281542	3200.000000	1.59934e-08	
3400.000000	0.000254335	3400.000000	0.000284736	3400.000000	0.000262522	3400.000000	0.000262265	3400.000000	0.000284721	3400.000000	1.51073e-08	
3600.000000	0.000259017	3600.000000	0.000288087	3600.000000	0.000263157	3600.000000	0.000262901	3600.000000	0.000288073	3600.000000	1.43168e-08	
3800.000000	0.000263917	3800.000000	0.000291582	3800.000000	0.000263843	3800.000000	0.000263588	3800.000000	0.000291568	3800.000000	1.36069e-08	
4000.000000	0.000269014	4000.000000	0.000295197	4000.000000	0.000264566	4000.000000	0.000264312	4000.000000	0.000295184	4000.000000	1.29659e-08	
4200.000000	0.000274287	4200.000000	0.000298916	4200.000000	0.000265315	4200.000000	0.000265061	4200.000000	0.000298903	4200.000000	1.23842e-08	
4400.000000	0.000279723	4400.000000	0.000302722	4400.000000	0.000266082	4400.000000	0.000265828	4400.000000	0.00030271	4400.000000	1.18537e-08	
4600.000000	0.000285307	4600.000000	0.000306604	4600.000000	0.000266859	4600.000000	0.000266606	4600.000000	0.000306593	4600.000000	1.1368e-08	
4800.000000	0.00029103	4800.000000	0.000310552	4800.000000	0.000267643	4800.000000	0.000267391	4800.000000	0.000310541	4800.000000	1.09215e-08	
5000.000000	0.000296881	5000.000000	0.000314556	5000.000000	0.000268428	5000.000000	0.000268177	5000.000000	0.000314546	5000.000000	1.05097e-08	
5250.000000	0.000304365	5250.000000	0.000319631	5250.000000	0.000269409	5250.000000	0.000269158	5250.000000	0.000319621	5250.000000	1.00378e-08	
5500.000000	0.000312026	5500.000000	0.000324772	5500.000000	0.000270383	5500.000000	0.000270132	5500.000000	0.000324762	5500.000000	9.6075e-09	
6000.000000	0.000327838	6000.000000	0.000335213	6000.000000	0.000272301	6000.000000	0.000272051	6000.000000	0.000335204	6000.000000	8.85139e-09	
6500.000000	0.00034425	6500.000000	0.000345821	6500.000000	0.000274165	6500.000000	0.000273915	6500.000000	0.000345813	6500.000000	8.20832e-09	
7000.000000	0.000361216	7000.000000	0.000356553	7000.000000	0.000275967	7000.000000	0.000275718	7000.000000	0.000356545	7000.000000	7.6545e-09	
7500.000000	0.000378699	7500.000000	0.000367378	7500.000000	0.000277703	7500.000000	0.000277455	7500.000000	0.000367371	7500.000000	7.17244e-09	
8000.000000	0.000396673	8000.000000	0.000378275	8000.000000	0.000279375	8000.000000	0.000279126	8000.000000	0.000378268	8000.000000	6.74893e-09	
8500.000000	0.000415118	8500.000000	0.000389225	8500.000000	0.000280982	8500.000000	0.000280734	8500.000000	0.000389218	8500.000000	6.37382e-09	
9000.000000	0.000434018	9000.000000	0.000400216	9000.000000	0.000282527	9000.000000	0.00028228	9000.000000	0.00040021	9000.000000	6.03922e-09	
9500.000000	0.000453361	9500.000000	0.000411238	9500.000000	0.000284014	9500.000000	0.000283766	9500.000000	0.000411232	9500.000000	5.73883e-09	
10000.000000	0.000473136	10000.000000	0.000422283	10000.000000	0.000285445	10000.000000	0.000285197	10000.000000	0.000422277	10000.000000	5.46764e-09	
11000.000000	0.000513952	11000.000000	0.000444418	11000.000000	0.000288149	11000.000000	0.000287902	11000.000000	0.000444413	11000.000000	4.99718e-09	
12000.000000	0.00055642	12000.000000	0.000466585	12000.000000	0.00029066	12000.000000	0.000290418	12000.000000	0.000466581	12000.000000	4.603e-09 	
13000.000000	0.000600507	13000.000000	0.000488762	13000.000000	0.000293002	13000.000000	0.000292767	13000.000000	0.000488757	13000.000000	4.26783e-09	
14000.000000	0.000646192	14000.000000	0.000510931	14000.000000	0.000295197	14000.000000	0.000294967	14000.000000	0.000510927	14000.000000	3.97923e-09	
15000.000000	0.00069346	15000.000000	0.000533084	15000.000000	0.000297262	15000.000000	0.000297033	15000.000000	0.00053308	15000.000000	3.72807e-09	
16000.000000	0.000742304	16000.000000	0.000555213	16000.000000	0.000299207	16000.000000	0.00029898	16000.000000	0.000555209	16000.000000	3.50744e-09	
17000.000000	0.000792717	17000.000000	0.000577313	17000.000000	0.000301045	17000.000000	0.000300821	17000.000000	0.000577309	17000.000000	3.31207e-09	
18000.000000	0.000844697	18000.000000	0.000599381	18000.000000	0.000302787	18000.000000	0.000302565	18000.000000	0.000599378	18000.000000	3.13781e-09	
19000.000000	0.000898242	19000.000000	0.000621415	19000.000000	0.00030444	19000.000000	0.000304221	19000.000000	0.000621412	19000.000000	2.9814e-09	
20000.000000	0.000953355	20000.000000	0.000643414	20000.000000	0.000306013	20000.000000	0.000305798	20000.000000	0.000643412	20000.000000	2.8402e-09	
21000.000000	0.00101004	21000.000000	0.000665378	21000.000000	0.000307511	21000.000000	0.000307302	21000.000000	0.000665375	21000.000000	2.71209e-09	
22000.000000	0.00106829	22000.000000	0.000687306	22000.000000	0.000308936	22000.000000	0.00030874	22000.000000	0.000687303	22000.000000	2.5953e-09	
23000.000000	0.00112812	23000.000000	0.000709198	23000.000000	0.00031031	23000.000000	0.000310116	23000.000000	0.000709195	23000.000000	2.48839e-09	
24000.000000	0.00118953	24000.000000	0.000731054	24000.000000	0.00031163	24000.000000	0.000311437	24000.000000	0.000731051	24000.000000	2.39015e-09	
25000.000000	0.00125253	25000.000000	0.000752875	25000.000000	0.00031289	25000.000000	0.000312705	25000.000000	0.000752873	25000.000000	2.29956e-09	
26000.000000	0.00131712	26000.000000	0.000774661	26000.000000	0.000314104	26000.000000	0.000313925	26000.000000	0.000774659	26000.000000	2.21575e-09	
27000.000000	0.00138331	27000.000000	0.000796413	27000.000000	0.00031528	27000.000000	0.000315101	27000.000000	0.000796411	27000.000000	2.13797e-09	
28000.000000	0.00145111	28000.000000	0.000818132	28000.000000	0.000316415	28000.000000	0.000316235	28000.000000	0.00081813	28000.000000	2.0656e-09	
29000.000000	0.00152052	29000.000000	0.000839817	29000.000000	0.000317504	29000.000000	0.000317329	29000.000000	0.000839815	29000.000000	1.99809e-09	
30000.000000	0.00159154	30000.000000	0.000861471	30000.000000	0.000318552	30000.000000	0.000318388	30000.000000	0.000861469	30000.000000	1.93496e-09	
32000.000000	0.00173849	32000.000000	0.000904684	32000.000000	0.000320545	32000.000000	0.000320404	32000.000000	0.000904682	32000.000000	1.82021e-09	
34000.000000	0.001892  	34000.000000	0.000947776	34000.000000	0.000322424	34000.000000	0.0003223 	34000.000000	0.000947775	34000.000000	1.71861e-09	
36000.000000	0.00205214	36000.000000	0.000990753	36000.000000	0.000324199	36000.000000	0.000324088	36000.000000	0.000990751	36000.000000	1.62801e-09	
38000.000000	0.00221898	38000.000000	0.00103362	38000.000000	0.000325878	38000.000000	0.000325781	38000.000000	0.00103362	38000.000000	1.54669e-09	
40000.000000	0.00239259	40000.000000	0.00107638	40000.000000	0.000327471	40000.000000	0.000327386	40000.000000	0.00107638	40000.000000	1.47329e-09	
42000.000000	0.00257304	42000.000000	0.00111904	42000.000000	0.000328987	42000.000000	0.000328914	42000.000000	0.00111904	42000.000000	1.4067e-09	
44000.000000	0.0027604 	44000.000000	0.0011616 	44000.000000	0.000330431	44000.000000	0.000330371	44000.000000	0.0011616 	44000.000000	1.34601e-09	
46000.000000	0.00295473	46000.000000	0.00120407	46000.000000	0.000331812	46000.000000	0.000331762	46000.000000	0.00120407	46000.000000	1.29045e-09	
48000.000000	0.00315612	48000.000000	0.00124645	48000.000000	0.000333133	48000.000000	0.000333095	48000.000000	0.00124645	48000.000000	1.2394e-09	
50000.000000	0.00336463	50000.000000	0.00128874	50000.000000	0.000334397	50000.000000	0.000334373	50000.000000	0.00128874	50000.000000	1.19233e-09	
