*Energy (MeV/u)1	0 - [He-base] F.Hubert et al, AD&ND Tables 46(1990)1	Energy (MeV/u)2	1 - [H -base] J.F.Ziegler et al, Pergamon Press, NY (low energy)	Energy (MeV/u)3	2 - ATIMA 1.2  LS-theory (recommended for high energy)	Energy (MeV/u)4	3 - ATIMA 1.2  without LS-correction	Energy (MeV/u)5	4 - electrical component of [1] - J.F.Ziegler et al	Energy (MeV/u)6	5 - nuclear component of [1] - J.F.Ziegler et al	
0.001000	0.149487  	0.001000	0.134919  	0.001000	0.1415    	0.001000	0.1415    	0.001000	0.0764777 	0.001000	0.0584415
0.002000	0.164217  	0.002000	0.142905  	0.002000	0.151775  	0.002000	0.151775  	0.002000	0.100206  	0.002000	0.0426991
0.005000	0.202008  	0.005000	0.168619  	0.005000	0.182185  	0.005000	0.182185  	0.005000	0.143358  	0.005000	0.0252608
0.008000	0.231578  	0.008000	0.190923  	0.008000	0.207998  	0.008000	0.207998  	0.008000	0.172338  	0.008000	0.0185843
0.010000	0.248278  	0.010000	0.204026  	0.010000	0.223121  	0.010000	0.223121  	0.010000	0.1881    	0.010000	0.0159261
0.015000	0.29074   	0.015000	0.232212  	0.015000	0.255178  	0.015000	0.255178  	0.015000	0.220362  	0.015000	0.0118506
0.020000	0.324762  	0.020000	0.256204  	0.020000	0.285874  	0.020000	0.285874  	0.020000	0.246609  	0.020000	0.00959442
0.025000	0.363038  	0.025000	0.284481  	0.025000	0.315453  	0.025000	0.315453  	0.025000	0.276368  	0.025000	0.00811391
0.030000	0.395552  	0.030000	0.311303  	0.030000	0.340907  	0.030000	0.340907  	0.030000	0.304243  	0.030000	0.00706007
0.035000	0.422316  	0.035000	0.336427  	0.035000	0.364963  	0.035000	0.364963  	0.035000	0.33016   	0.035000	0.0062678
0.040000	0.443419  	0.040000	0.359868  	0.040000	0.387689  	0.040000	0.387689  	0.040000	0.35422   	0.040000	0.00564828
0.045000	0.45897   	0.045000	0.38164   	0.045000	0.409138  	0.045000	0.409138  	0.045000	0.376491  	0.045000	0.00514924
0.050000	0.46858   	0.050000	0.401166  	0.050000	0.429355  	0.050000	0.429355  	0.050000	0.396428  	0.050000	0.00473781
0.055000	0.488423  	0.055000	0.422322  	0.055000	0.44838   	0.055000	0.44838   	0.055000	0.41793   	0.055000	0.00439221
0.060000	0.505151  	0.060000	0.442228  	0.060000	0.466252  	0.060000	0.466252  	0.060000	0.43813   	0.060000	0.00409742
0.070000	0.53019   	0.070000	0.478333  	0.070000	0.498685  	0.070000	0.498685  	0.070000	0.474713  	0.070000	0.00362023
0.080000	0.556913  	0.080000	0.509103  	0.080000	0.52696   	0.080000	0.52696   	0.080000	0.505854  	0.080000	0.00324968
0.090000	0.576825  	0.090000	0.535307  	0.090000	0.551394  	0.090000	0.551394  	0.090000	0.532354  	0.090000	0.00295287
0.100000	0.591642  	0.100000	0.557311  	0.100000	0.572311  	0.100000	0.572311  	0.100000	0.554602  	0.100000	0.00270933
0.120000	0.596948  	0.120000	0.591636  	0.120000	0.604882  	0.120000	0.604882  	0.120000	0.589304  	0.120000	0.0023324
0.140000	0.596284  	0.140000	0.614298  	0.140000	0.627153  	0.140000	0.627153  	0.140000	0.612245  	0.140000	0.00205328
0.160000	0.597127  	0.160000	0.630905  	0.160000	0.641341  	0.160000	0.641341  	0.160000	0.629068  	0.160000	0.00183761
0.180000	0.60064   	0.180000	0.644718  	0.180000	0.649324  	0.180000	0.649324  	0.180000	0.643052  	0.180000	0.00166556
0.200000	0.603754  	0.200000	0.652638  	0.200000	0.652635  	0.200000	0.652635  	0.200000	0.651113  	0.200000	0.00152488
0.250000	0.596373  	0.250000	0.657505  	0.250000	0.647794  	0.250000	0.647794  	0.250000	0.656241  	0.250000	0.00126374
0.300000	0.593916  	0.300000	0.656185  	0.300000	0.633172  	0.300000	0.633172  	0.300000	0.655102  	0.300000	0.00108297
0.350000	0.590501  	0.350000	0.65057   	0.350000	0.619025  	0.350000	0.619025  	0.350000	0.64962   	0.350000	0.000949888
0.400000	0.589714  	0.400000	0.647506  	0.400000	0.603983  	0.400000	0.603983  	0.400000	0.646658  	0.400000	0.000847548
0.450000	0.585569  	0.450000	0.641896  	0.450000	0.587961  	0.450000	0.587961  	0.450000	0.64113   	0.450000	0.000766231
0.500000	0.578143  	0.500000	0.633741  	0.500000	0.571821  	0.500000	0.571821  	0.500000	0.633041  	0.500000	0.000699957
0.600000	0.538528  	0.600000	0.598079  	0.600000	0.540369  	0.600000	0.540369  	0.600000	0.59748   	0.600000	0.000598221
0.700000	0.497039  	0.700000	0.562946  	0.700000	0.512793  	0.700000	0.512793  	0.700000	0.562423  	0.700000	0.000523577
0.800000	0.473672  	0.800000	0.528536  	0.800000	0.488489  	0.800000	0.488489  	0.800000	0.52807   	0.800000	0.000466327
0.900000	0.451551  	0.900000	0.497551  	0.900000	0.466818  	0.900000	0.466818  	0.900000	0.49713   	0.900000	0.000420941
1.000000	0.430882  	1.000000	0.46955   	1.000000	0.44727   	1.000000	0.44727   	1.000000	0.469166  	1.000000	0.000384021
1.250000	0.382898  	1.250000	0.418792  	1.250000	0.40361   	1.250000	0.40361   	1.250000	0.418476  	1.250000	0.000315984
1.500000	0.344164  	1.500000	0.378963  	1.500000	0.368637  	1.500000	0.368637  	1.500000	0.378694  	1.500000	0.00026929
1.750000	0.312531  	1.750000	0.346955  	1.750000	0.33966   	1.750000	0.33966   	1.750000	0.34672   	1.750000	0.000235146
2.000000	0.284712  	2.000000	0.318731  	2.000000	0.314991  	2.000000	0.314991  	2.000000	0.318522  	2.000000	0.000209032
2.250000	0.261772  	2.250000	0.293295  	2.250000	0.293653  	2.250000	0.293653  	2.250000	0.293107  	2.250000	0.000188377
2.500000	0.237641  	2.500000	0.272307  	2.500000	0.274996  	2.500000	0.274996  	2.500000	0.272136  	2.500000	0.000171609
3.000000	0.209763  	3.000000	0.239225  	3.000000	0.24398   	3.000000	0.24398   	3.000000	0.239079  	3.000000	0.000145993
3.500000	0.188062  	3.500000	0.213941  	3.500000	0.21926   	3.500000	0.21926   	3.500000	0.213814  	3.500000	0.0001273
4.000000	0.170671  	4.000000	0.193786  	4.000000	0.199153  	4.000000	0.199153  	4.000000	0.193673  	4.000000	0.000113027
4.500000	0.156405  	4.500000	0.177265  	4.500000	0.182512  	4.500000	0.182512  	4.500000	0.177163  	4.500000	0.000101754
5.000000	0.144481  	5.000000	0.163446  	5.000000	0.168528  	5.000000	0.168528  	5.000000	0.163353  	5.000000	9.26132e-05
5.500000	0.134359  	5.500000	0.151853  	5.500000	0.156619  	5.500000	0.156619  	5.500000	0.151767  	5.500000	8.50449e-05
6.000000	0.125653  	6.000000	0.141874  	6.000000	0.146358  	6.000000	0.146358  	6.000000	0.141795  	6.000000	7.86701e-05
6.500000	0.118081  	6.500000	0.133191  	6.500000	0.137424  	6.500000	0.137424  	6.500000	0.133118  	6.500000	7.32233e-05
7.000000	0.111432  	7.000000	0.125564  	7.000000	0.129575  	7.000000	0.129575  	7.000000	0.125495  	7.000000	6.85131e-05
7.500000	0.105544  	7.500000	0.118809  	7.500000	0.122623  	7.500000	0.122623  	7.500000	0.118745  	7.500000	6.43973e-05
8.000000	0.100291  	8.000000	0.112783  	8.000000	0.11642   	8.000000	0.11642   	8.000000	0.112722  	8.000000	6.07687e-05
8.500000	0.0955756 	8.500000	0.107373  	8.500000	0.110851  	8.500000	0.110851  	8.500000	0.107315  	8.500000	5.75444e-05
9.000000	0.0913168 	9.000000	0.102487  	9.000000	0.105822  	9.000000	0.105822  	9.000000	0.102433  	9.000000	5.46594e-05
9.500000	0.0874505 	9.500000	0.0980524 	9.500000	0.101256  	9.500000	0.101256  	9.500000	0.0980003 	9.500000	5.20621e-05
10.000000	0.083924  	10.000000	0.0968843 	10.000000	0.0970908 	10.000000	0.0970908 	10.000000	0.0968346 	10.000000	4.97109e-05
11.000000	0.0777234 	11.000000	0.0897563 	11.000000	0.089685  	11.000000	0.0897117 	11.000000	0.0897107 	11.000000	4.56173e-05
12.000000	0.072444  	12.000000	0.0836696 	12.000000	0.0833958 	12.000000	0.083439  	12.000000	0.0836275 	12.000000	4.2172e-05
13.000000	0.0678918 	13.000000	0.0784101 	13.000000	0.0779878 	13.000000	0.078041  	13.000000	0.0783708 	13.000000	3.92304e-05
14.000000	0.0639242 	14.000000	0.0738183 	14.000000	0.0732874 	14.000000	0.0733467 	14.000000	0.0737816 	14.000000	3.66882e-05
15.000000	0.0604337 	15.000000	0.0697736 	15.000000	0.0691646 	15.000000	0.0692272 	15.000000	0.0697392 	15.000000	3.44682e-05
16.000000	0.0573378 	16.000000	0.0661827 	16.000000	0.0655203 	16.000000	0.0655835 	16.000000	0.0661502 	16.000000	3.2512e-05
17.000000	0.0545721 	17.000000	0.0629725 	17.000000	0.0622765 	17.000000	0.0623383 	17.000000	0.0629417 	17.000000	3.07747e-05
18.000000	0.0520856 	18.000000	0.0600847 	18.000000	0.0593706 	18.000000	0.0594303 	18.000000	0.0600554 	18.000000	2.9221e-05
19.000000	0.0498375 	19.000000	0.0574725 	19.000000	0.0567524 	19.000000	0.0568102 	19.000000	0.0574447 	19.000000	2.78228e-05
20.000000	0.0477945 	20.000000	0.0550978 	20.000000	0.0543813 	20.000000	0.0544381 	20.000000	0.0550712 	20.000000	2.65576e-05
21.000000	0.0459292 	21.000000	0.0529292 	21.000000	0.0522257 	21.000000	0.052281  	21.000000	0.0529038 	21.000000	2.54071e-05
22.000000	0.044219  	22.000000	0.0509406 	22.000000	0.0502603 	22.000000	0.0503118 	22.000000	0.0509163 	22.000000	2.4356e-05
23.000000	0.0426452 	23.000000	0.0491103 	23.000000	0.0484613 	23.000000	0.0485076 	23.000000	0.0490869 	23.000000	2.3392e-05
24.000000	0.0411916 	24.000000	0.0474197 	24.000000	0.0468072 	24.000000	0.0468493 	24.000000	0.0473972 	24.000000	2.25044e-05
25.000000	0.0398448 	25.000000	0.0458533 	25.000000	0.0452815 	25.000000	0.0453205 	25.000000	0.0458316 	25.000000	2.16844e-05
27.000000	0.0374269 	27.000000	0.0430413 	27.000000	0.0425655 	27.000000	0.0425976 	27.000000	0.0430211 	27.000000	2.02182e-05
29.000000	0.0353169 	29.000000	0.0405878 	29.000000	0.0402248 	29.000000	0.040249  	29.000000	0.0405689 	29.000000	1.89448e-05
31.000000	0.0334586 	31.000000	0.0384275 	31.000000	0.0381497 	31.000000	0.0381645 	31.000000	0.0384097 	31.000000	1.78283e-05
33.000000	0.0318088 	33.000000	0.0365102 	33.000000	0.0362737 	33.000000	0.0362795 	33.000000	0.0364934 	33.000000	1.68408e-05
35.000000	0.0303336 	35.000000	0.0347965 	35.000000	0.0345915 	35.000000	0.0345934 	35.000000	0.0347806 	35.000000	1.5961e-05
38.000000	0.0283911 	38.000000	0.0325412 	38.000000	0.032379  	38.000000	0.0323722 	38.000000	0.0325264 	38.000000	1.48072e-05
41.000000	0.0267129 	41.000000	0.0305942 	41.000000	0.0304643 	41.000000	0.0304523 	41.000000	0.0305804 	41.000000	1.38148e-05
44.000000	0.0252474 	44.000000	0.0288955 	44.000000	0.0287902 	44.000000	0.0287753 	44.000000	0.0288825 	44.000000	1.29517e-05
47.000000	0.0239561 	47.000000	0.0273999 	47.000000	0.0273149 	47.000000	0.0272972 	47.000000	0.0273877 	47.000000	1.21939e-05
50.000000	0.0228089 	50.000000	0.0260726 	50.000000	0.0260035 	50.000000	0.0259841 	50.000000	0.0260611 	50.000000	1.15231e-05
55.000000	0.0211564 	55.000000	0.0241631 	55.000000	0.0241183 	55.000000	0.0240924 	55.000000	0.0241525 	55.000000	1.05606e-05
60.000000	0.019761  	60.000000	0.0225535 	60.000000	0.0225228 	60.000000	0.0224954 	60.000000	0.0225437 	60.000000	9.75181e-06
65.000000	0.018566  	65.000000	0.0211775 	65.000000	0.021155  	65.000000	0.0211282 	65.000000	0.0211684 	65.000000	9.06215e-06
70.000000	0.0175303 	70.000000	0.0199872 	70.000000	0.0199726 	70.000000	0.0199441 	70.000000	0.0199788 	70.000000	8.46685e-06
75.000000	0.0166234 	75.000000	0.0189471 	75.000000	0.0189377 	75.000000	0.0189081 	75.000000	0.0189391 	75.000000	7.94757e-06
80.000000	0.0158223 	80.000000	0.01803   	80.000000	0.0180242 	80.000000	0.0179937 	80.000000	0.0180225 	80.000000	7.49047e-06
85.000000	0.0151091 	85.000000	0.0172151 	85.000000	0.0172118 	85.000000	0.0171805 	85.000000	0.0172081 	85.000000	7.08488e-06
90.000000	0.0144697 	90.000000	0.0164862 	90.000000	0.0164821 	90.000000	0.0164524 	90.000000	0.0164795 	90.000000	6.72247e-06
95.000000	0.013893  	95.000000	0.0158301 	95.000000	0.0158269 	95.000000	0.0157966 	95.000000	0.0158237 	95.000000	6.39661e-06
100.000000	0.0133701 	100.000000	0.0152363 	100.000000	0.0152335 	100.000000	0.0152026 	100.000000	0.0152302 	100.000000	6.10197e-06
105.000000	0.0128936 	105.000000	0.0146963 	105.000000	0.0146936 	105.000000	0.0146621 	105.000000	0.0146905 	105.000000	5.83422e-06
110.000000	0.0124573 	110.000000	0.014203  	110.000000	0.0141984 	110.000000	0.0141681 	110.000000	0.0141974 	110.000000	5.5898e-06
115.000000	0.0120564 	115.000000	0.0137506 	115.000000	0.0137449 	115.000000	0.0137148 	115.000000	0.0137452 	115.000000	5.36575e-06
120.000000	0.0116865 	120.000000	0.0133341 	120.000000	0.0133281 	120.000000	0.0132974 	120.000000	0.013329  	120.000000	5.15959e-06
125.000000	0.0113442 	125.000000	0.0129494 	125.000000	0.0129422 	125.000000	0.0129116 	125.000000	0.0129445 	125.000000	4.96925e-06
130.000000	0.0110263 	130.000000	0.012593  	130.000000	0.0125836 	130.000000	0.0125541 	130.000000	0.0125882 	130.000000	4.79294e-06
135.000000	0.0107303 	135.000000	0.0122618 	135.000000	0.0122513 	135.000000	0.0122218 	135.000000	0.0122572 	135.000000	4.62916e-06
140.000000	0.0104539 	140.000000	0.0119532 	140.000000	0.0119422 	140.000000	0.0119121 	140.000000	0.0119488 	140.000000	4.47659e-06
145.000000	0.0101952 	145.000000	0.011665  	145.000000	0.0116527 	145.000000	0.0116228 	145.000000	0.0116607 	145.000000	4.33411e-06
150.000000	0.00995255	150.000000	0.0113952 	150.000000	0.0113809 	150.000000	0.0113519 	150.000000	0.011391  	150.000000	4.20074e-06
155.000000	0.00961086	155.000000	0.0111421 	155.000000	0.0111267 	155.000000	0.0110978 	155.000000	0.0111381 	155.000000	4.07562e-06
160.000000	0.00941058	160.000000	0.0109042 	160.000000	0.0108878 	160.000000	0.0108588 	160.000000	0.0109002 	160.000000	3.958e-06
165.000000	0.00922172	165.000000	0.0106801 	165.000000	0.010662  	165.000000	0.0106338 	165.000000	0.0106763 	165.000000	3.84722e-06
170.000000	0.00904332	170.000000	0.0104687 	170.000000	0.0104493 	170.000000	0.0104214 	170.000000	0.0104649 	170.000000	3.74269e-06
175.000000	0.0088745 	175.000000	0.0102689 	175.000000	0.0102489 	175.000000	0.0102208 	175.000000	0.0102652 	175.000000	3.64389e-06
180.000000	0.00871452	180.000000	0.0100798 	180.000000	0.0100593 	180.000000	0.0100308 	180.000000	0.0100762 	180.000000	3.55036e-06
185.000000	0.00856269	185.000000	0.0099005 	185.000000	0.00987901	185.000000	0.00985079	185.000000	0.00989704	185.000000	3.46168e-06
190.000000	0.00841839	190.000000	0.00973033	190.000000	0.00970745	190.000000	0.00967988	190.000000	0.00972695	190.000000	3.37748e-06
195.000000	0.00828107	195.000000	0.00956858	195.000000	0.00954478	195.000000	0.00951745	195.000000	0.00956528	195.000000	3.29742e-06
200.000000	0.00815023	200.000000	0.00941463	200.000000	0.00939038	200.000000	0.00936287	200.000000	0.00941141	200.000000	3.2212e-06
210.000000	0.00790621	210.000000	0.00912803	210.000000	0.00910181	210.000000	0.00907513	210.000000	0.00912495	210.000000	3.07922e-06
220.000000	0.00768319	220.000000	0.00886667	220.000000	0.0088395 	220.000000	0.00881281	220.000000	0.00886372	220.000000	2.94964e-06
230.000000	0.00747854	230.000000	0.00862737	230.000000	0.00859872	230.000000	0.00857271	230.000000	0.00862454	230.000000	2.83089e-06
240.000000	0.00729008	240.000000	0.00840746	240.000000	0.00837791	240.000000	0.00835215	240.000000	0.00840474	240.000000	2.72164e-06
250.000000	0.00711594	250.000000	0.00820469	250.000000	0.00817497	250.000000	0.00814886	250.000000	0.00820207	250.000000	2.6208e-06
260.000000	0.00695455	260.000000	0.00801714	260.000000	0.00798665	260.000000	0.00796093	260.000000	0.00801461	260.000000	2.5274e-06
270.000000	0.00680456	270.000000	0.00784317	270.000000	0.00781188	270.000000	0.0077867 	270.000000	0.00784073	270.000000	2.44066e-06
280.000000	0.00666479	280.000000	0.00768138	280.000000	0.00765005	280.000000	0.00762474	280.000000	0.00767902	280.000000	2.35987e-06
290.000000	0.00653423	290.000000	0.00753055	290.000000	0.00749856	290.000000	0.00747384	290.000000	0.00752826	290.000000	2.28444e-06
300.000000	0.00641202	300.000000	0.0073896 	300.000000	0.00735745	300.000000	0.00733292	300.000000	0.00738739	300.000000	2.21384e-06
310.000000	0.00629738	310.000000	0.00725762	310.000000	0.00722558	310.000000	0.00720104	310.000000	0.00725548	310.000000	2.14763e-06
320.000000	0.00618963	320.000000	0.00713379	320.000000	0.00710136	320.000000	0.00707737	320.000000	0.00713171	320.000000	2.08538e-06
330.000000	0.00608817	330.000000	0.00701739	330.000000	0.0069851 	330.000000	0.00696121	330.000000	0.00701537	330.000000	2.02677e-06
340.000000	0.00599247	340.000000	0.00690779	340.000000	0.00687581	340.000000	0.00685189	340.000000	0.00690582	340.000000	1.97147e-06
350.000000	0.00590208	350.000000	0.00680442	350.000000	0.00677231	350.000000	0.00674886	350.000000	0.0068025 	350.000000	1.91921e-06
360.000000	0.00581655	360.000000	0.00670677	360.000000	0.00667485	360.000000	0.00665161	360.000000	0.0067049 	360.000000	1.86974e-06
370.000000	0.00573552	370.000000	0.0066144 	370.000000	0.00658253	370.000000	0.00655918	370.000000	0.00661257	370.000000	1.82285e-06
380.000000	0.00565866	380.000000	0.0065269 	380.000000	0.00649476	380.000000	0.00647168	380.000000	0.00652512	380.000000	1.77832e-06
390.000000	0.00558564	390.000000	0.00644391	390.000000	0.00641143	390.000000	0.00638873	390.000000	0.00644217	390.000000	1.736e-06
400.000000	0.00551621	400.000000	0.0063651 	400.000000	0.00633272	400.000000	0.00631002	400.000000	0.0063634 	400.000000	1.69571e-06
410.000000	0.00545011	410.000000	0.00629017	410.000000	0.00625798	410.000000	0.00623523	410.000000	0.00628851	410.000000	1.65731e-06
420.000000	0.00538711	420.000000	0.00621885	420.000000	0.00618656	420.000000	0.0061641 	420.000000	0.00621723	420.000000	1.62066e-06
430.000000	0.005327  	430.000000	0.00615091	430.000000	0.00611851	430.000000	0.00609636	430.000000	0.00614932	430.000000	1.58566e-06
440.000000	0.00526961	440.000000	0.00608611	440.000000	0.00605394	440.000000	0.00603181	440.000000	0.00608455	440.000000	1.55219e-06
450.000000	0.00521476	450.000000	0.00602425	450.000000	0.00599242	450.000000	0.00597022	450.000000	0.00602273	450.000000	1.52015e-06
460.000000	0.00516229	460.000000	0.00596515	460.000000	0.00593345	460.000000	0.00591142	460.000000	0.00596366	460.000000	1.48945e-06
470.000000	0.00511205	470.000000	0.00590863	470.000000	0.00587694	470.000000	0.00585522	470.000000	0.00590717	470.000000	1.46001e-06
480.000000	0.00506392	480.000000	0.00585454	480.000000	0.00582304	480.000000	0.00580147	480.000000	0.00585311	480.000000	1.43174e-06
490.000000	0.00501777	490.000000	0.00580273	490.000000	0.00577164	490.000000	0.00575001	490.000000	0.00580133	490.000000	1.40459e-06
500.000000	0.00497349	500.000000	0.00575308	500.000000	0.00572238	500.000000	0.00570072	500.000000	0.0057517 	500.000000	1.37848e-06
520.000000	0.00489012	520.000000	0.00565973	520.000000	0.00562938	520.000000	0.00560815	520.000000	0.00565841	520.000000	1.32917e-06
540.000000	0.00481307	540.000000	0.00557363	540.000000	0.00554393	540.000000	0.00552284	540.000000	0.00557235	540.000000	1.28337e-06
560.000000	0.00474169	560.000000	0.00549401	560.000000	0.00546514	560.000000	0.00544404	560.000000	0.00549277	560.000000	1.24073e-06
580.000000	0.00467543	580.000000	0.00542023	580.000000	0.00539178	580.000000	0.00537107	580.000000	0.00541903	580.000000	1.20092e-06
600.000000	0.00461381	600.000000	0.0053517 	600.000000	0.00532398	600.000000	0.00530337	600.000000	0.00535054	600.000000	1.16366e-06
620.000000	0.00455638	620.000000	0.00528795	620.000000	0.00526108	620.000000	0.00524043	620.000000	0.00528682	620.000000	1.12872e-06
640.000000	0.00450279	640.000000	0.00522853	640.000000	0.00520216	640.000000	0.00518179	640.000000	0.00522743	640.000000	1.09588e-06
660.000000	0.00445271	660.000000	0.00517306	660.000000	0.00514721	660.000000	0.00512708	660.000000	0.00517199	660.000000	1.06497e-06
680.000000	0.00440583	680.000000	0.00512119	680.000000	0.00509613	680.000000	0.00507595	680.000000	0.00512016	680.000000	1.0358e-06
700.000000	0.0043619 	700.000000	0.00507264	700.000000	0.00504824	700.000000	0.00502809	700.000000	0.00507163	700.000000	1.00824e-06
720.000000	0.00432068	720.000000	0.00502712	720.000000	0.00500312	720.000000	0.00498323	720.000000	0.00502614	720.000000	9.82154e-07
740.000000	0.00428197	740.000000	0.0049844 	740.000000	0.00496082	740.000000	0.00494112	740.000000	0.00498345	740.000000	9.57427e-07
760.000000	0.00424558	760.000000	0.00494427	760.000000	0.00492127	760.000000	0.00490155	760.000000	0.00494334	760.000000	9.33955e-07
780.000000	0.00421135	780.000000	0.00490652	780.000000	0.00488408	780.000000	0.00486432	780.000000	0.00490561	780.000000	9.11643e-07
800.000000	0.00417911	800.000000	0.00487099	800.000000	0.00484888	800.000000	0.00482925	800.000000	0.0048701 	800.000000	8.90407e-07
820.000000	0.00414873	820.000000	0.00483752	820.000000	0.00481559	820.000000	0.00479619	820.000000	0.00483665	820.000000	8.70168e-07
840.000000	0.00412008	840.000000	0.00480595	840.000000	0.00478425	840.000000	0.00476498	840.000000	0.0048051 	840.000000	8.50859e-07
860.000000	0.00409306	860.000000	0.00477617	860.000000	0.00475479	860.000000	0.0047355 	860.000000	0.00477534	860.000000	8.32415e-07
880.000000	0.00406755	880.000000	0.00474806	880.000000	0.00472696	880.000000	0.00470763	880.000000	0.00474724	880.000000	8.1478e-07
900.000000	0.00404347	900.000000	0.00472149	900.000000	0.00470054	900.000000	0.00468125	900.000000	0.0047207 	900.000000	7.979e-07
920.000000	0.00402072	920.000000	0.00469639	920.000000	0.00467541	920.000000	0.00465628	920.000000	0.00469561	920.000000	7.81728e-07
940.000000	0.00399922	940.000000	0.00467265	940.000000	0.00465158	940.000000	0.00463261	940.000000	0.00467188	940.000000	7.66219e-07
960.000000	0.0039789 	960.000000	0.00465019	960.000000	0.00462903	960.000000	0.00461016	960.000000	0.00464944	960.000000	7.51333e-07
980.000000	0.00395969	980.000000	0.00462894	980.000000	0.00460772	980.000000	0.00458885	980.000000	0.0046282 	980.000000	7.37033e-07
1000.000000	0.00394154	1000.000000	0.00460882	1000.000000	0.00458753	1000.000000	0.00456862	1000.000000	0.00460809	1000.000000	7.23285e-07
1020.000000	0.00392437	1020.000000	0.00458977	1020.000000	0.00456833	1020.000000	0.0045494 	1020.000000	0.00458906	1020.000000	7.10056e-07
1040.000000	0.00390814	1040.000000	0.00457172	1040.000000	0.00455001	1040.000000	0.00453113	1040.000000	0.00457103	1040.000000	6.97318e-07
1060.000000	0.0038928 	1060.000000	0.00455463	1060.000000	0.00453251	1060.000000	0.00451376	1060.000000	0.00455395	1060.000000	6.85044e-07
1080.000000	0.0038783 	1080.000000	0.00453844	1080.000000	0.00451585	1080.000000	0.00449722	1080.000000	0.00453777	1080.000000	6.73208e-07
1100.000000	0.00386459	1100.000000	0.00452311	1100.000000	0.0045    	1100.000000	0.00448148	1100.000000	0.00452245	1100.000000	6.61787e-07
1120.000000	0.00385165	1120.000000	0.00450858	1120.000000	0.00448496	1120.000000	0.00446648	1120.000000	0.00450793	1120.000000	6.50759e-07
1140.000000	0.00383942	1140.000000	0.00449482	1140.000000	0.00447068	1140.000000	0.0044522 	1140.000000	0.00449418	1140.000000	6.40105e-07
1160.000000	0.00382789	1160.000000	0.00448178	1160.000000	0.00445709	1160.000000	0.00443858	1160.000000	0.00448115	1160.000000	6.29805e-07
1180.000000	0.003817  	1180.000000	0.00446944	1180.000000	0.00444413	1180.000000	0.0044256 	1180.000000	0.00446882	1180.000000	6.19842e-07
1200.000000	0.00380674	1200.000000	0.00445775	1200.000000	0.00443175	1200.000000	0.00441322	1200.000000	0.00445714	1200.000000	6.10199e-07
1220.000000	0.00379707	1220.000000	0.00444669	1220.000000	0.00441988	1220.000000	0.0044014 	1220.000000	0.00444609	1220.000000	6.00861e-07
1240.000000	0.00378797	1240.000000	0.00443622	1240.000000	0.00440853	1240.000000	0.00439013	1240.000000	0.00443563	1240.000000	5.91814e-07
1260.000000	0.00377941	1260.000000	0.00442633	1260.000000	0.00439767	1260.000000	0.00437937	1260.000000	0.00442574	1260.000000	5.83044e-07
1280.000000	0.00377137	1280.000000	0.00441697	1280.000000	0.00438731	1280.000000	0.00436909	1280.000000	0.0044164 	1280.000000	5.74538e-07
1300.000000	0.00376382	1300.000000	0.00440813	1300.000000	0.00437742	1300.000000	0.00435928	1300.000000	0.00440756	1300.000000	5.66285e-07
1320.000000	0.00375675	1320.000000	0.00439979	1320.000000	0.00436801	1320.000000	0.0043499 	1320.000000	0.00439923	1320.000000	5.58273e-07
1340.000000	0.00375014	1340.000000	0.00439191	1340.000000	0.00435905	1340.000000	0.00434095	1340.000000	0.00439136	1340.000000	5.50492e-07
1360.000000	0.00374396	1360.000000	0.00438449	1360.000000	0.0043505 	1360.000000	0.00433239	1360.000000	0.00438395	1360.000000	5.42931e-07
1380.000000	0.0037382 	1380.000000	0.0043775 	1380.000000	0.00434235	1380.000000	0.00432421	1380.000000	0.00437697	1380.000000	5.35582e-07
1400.000000	0.00373284	1400.000000	0.00437093	1400.000000	0.00433455	1400.000000	0.0043164 	1400.000000	0.0043704 	1400.000000	5.28436e-07
1420.000000	0.00372787	1420.000000	0.00436475	1420.000000	0.00432709	1420.000000	0.00430893	1420.000000	0.00436423	1420.000000	5.21483e-07
1440.000000	0.00372328	1440.000000	0.00435895	1440.000000	0.00431994	1440.000000	0.00430179	1440.000000	0.00435844	1440.000000	5.14718e-07
1460.000000	0.00371904	1460.000000	0.00435352	1460.000000	0.00431309	1460.000000	0.00429497	1460.000000	0.00435301	1460.000000	5.08131e-07
1480.000000	0.00371514	1480.000000	0.00434844	1480.000000	0.00430652	1480.000000	0.00428844	1480.000000	0.00434794	1480.000000	5.01716e-07
1500.000000	0.00371157	1500.000000	0.00434369	1500.000000	0.00430022	1500.000000	0.00428221	1500.000000	0.0043432 	1500.000000	4.95466e-07
1520.000000	0.00370833	1520.000000	0.00433927	1520.000000	0.0042942 	1520.000000	0.00427625	1520.000000	0.00433878	1520.000000	4.89374e-07
1540.000000	0.00370539	1540.000000	0.00433516	1540.000000	0.00428844	1540.000000	0.00427055	1540.000000	0.00433468	1540.000000	4.83436e-07
1560.000000	0.00370275	1560.000000	0.00433135	1560.000000	0.00428294	1560.000000	0.00426511	1560.000000	0.00433087	1560.000000	4.77644e-07
1580.000000	0.0037004 	1580.000000	0.00432783	1580.000000	0.0042777 	1580.000000	0.0042599 	1580.000000	0.00432736	1580.000000	4.71994e-07
1600.000000	0.00369832	1600.000000	0.00432458	1600.000000	0.00427269	1600.000000	0.00425493	1600.000000	0.00432412	1600.000000	4.6648e-07
1620.000000	0.00369651	1620.000000	0.00432161	1620.000000	0.00426793	1620.000000	0.00425018	1620.000000	0.00432115	1620.000000	4.61098e-07
1640.000000	0.00369496	1640.000000	0.00431889	1640.000000	0.00426339	1640.000000	0.00424565	1640.000000	0.00431843	1640.000000	4.55842e-07
1660.000000	0.00369366	1660.000000	0.00431642	1660.000000	0.00425906	1660.000000	0.00424131	1660.000000	0.00431597	1660.000000	4.50709e-07
1680.000000	0.0036926 	1680.000000	0.00431418	1680.000000	0.00425493	1680.000000	0.00423717	1680.000000	0.00431374	1680.000000	4.45693e-07
1700.000000	0.00369177	1700.000000	0.00431218	1700.000000	0.00425099	1700.000000	0.00423323	1700.000000	0.00431174	1700.000000	4.40792e-07
1750.000000	0.00369069	1750.000000	0.00430814	1750.000000	0.00424192	1750.000000	0.00422412	1750.000000	0.00430771	1750.000000	4.29011e-07
1800.000000	0.00369091	1800.000000	0.00430538	1800.000000	0.00423383	1800.000000	0.00421605	1800.000000	0.00430497	1800.000000	4.17863e-07
1850.000000	0.00369234	1850.000000	0.0043038 	1850.000000	0.00422663	1850.000000	0.00420889	1850.000000	0.0043034 	1850.000000	4.07296e-07
1900.000000	0.0036949 	1900.000000	0.00430331	1900.000000	0.00422023	1900.000000	0.00420258	1900.000000	0.00430291	1900.000000	3.97267e-07
1950.000000	0.00369851	1950.000000	0.00430382	1950.000000	0.0042146 	1950.000000	0.00419704	1950.000000	0.00430343	1950.000000	3.87735e-07
2000.000000	0.0037031 	2000.000000	0.00430525	2000.000000	0.00420967	2000.000000	0.00419219	2000.000000	0.00430487	2000.000000	3.78664e-07
2100.000000	0.00371496	2100.000000	0.00431064	2100.000000	0.00420173	2100.000000	0.00418436	2100.000000	0.00431028	2100.000000	3.61773e-07
2200.000000	0.00373003	2200.000000	0.00431901	2200.000000	0.00419599	2200.000000	0.00417867	2200.000000	0.00431867	2200.000000	3.46367e-07
2300.000000	0.00374795	2300.000000	0.00432997	2300.000000	0.00419208	2300.000000	0.00417478	2300.000000	0.00432964	2300.000000	3.32257e-07
2400.000000	0.0037684 	2400.000000	0.0043432 	2400.000000	0.0041897 	2400.000000	0.00417241	2400.000000	0.00434288	2400.000000	3.19284e-07
2500.000000	0.00379113	2500.000000	0.00435842	2500.000000	0.0041886 	2500.000000	0.00417134	2500.000000	0.00435811	2500.000000	3.07315e-07
2600.000000	0.0038159 	2600.000000	0.0043754 	2600.000000	0.00418859	2600.000000	0.00417137	2600.000000	0.0043751 	2600.000000	2.96236e-07
2700.000000	0.00384253	2700.000000	0.00439394	2700.000000	0.00418951	2700.000000	0.00417233	2700.000000	0.00439365	2700.000000	2.85951e-07
2800.000000	0.00387085	2800.000000	0.00441388	2800.000000	0.00419124	2800.000000	0.0041741 	2800.000000	0.0044136 	2800.000000	2.76376e-07
2900.000000	0.00390072	2900.000000	0.00443506	2900.000000	0.00419364	2900.000000	0.00417656	2900.000000	0.00443479	2900.000000	2.6744e-07
3000.000000	0.003932  	3000.000000	0.00445737	3000.000000	0.00419663	3000.000000	0.00417961	3000.000000	0.00445711	3000.000000	2.5908e-07
3200.000000	0.00399842	3200.000000	0.00450491	3200.000000	0.00420408	3200.000000	0.00418716	3200.000000	0.00450467	3200.000000	2.43878e-07
3400.000000	0.00406936	3400.000000	0.00455577	3400.000000	0.00421305	3400.000000	0.00419623	3400.000000	0.00455554	3400.000000	2.30408e-07
3600.000000	0.00414427	3600.000000	0.00460938	3600.000000	0.00422317	3600.000000	0.0042064 	3600.000000	0.00460916	3600.000000	2.18388e-07
3800.000000	0.00422268	3800.000000	0.00466529	3800.000000	0.00423413	3800.000000	0.0042174 	3800.000000	0.00466509	3800.000000	2.07592e-07
4000.000000	0.00430422	4000.000000	0.00472314	4000.000000	0.00424569	4000.000000	0.00422898	4000.000000	0.00472295	4000.000000	1.97843e-07
4200.000000	0.0043886 	4200.000000	0.00478264	4200.000000	0.00425767	4200.000000	0.00424097	4200.000000	0.00478245	4200.000000	1.88992e-07
4400.000000	0.00447556	4400.000000	0.00484354	4400.000000	0.00426994	4400.000000	0.00425325	4400.000000	0.00484336	4400.000000	1.80921e-07
4600.000000	0.00456491	4600.000000	0.00490566	4600.000000	0.00428239	4600.000000	0.0042657 	4600.000000	0.00490548	4600.000000	1.73529e-07
4800.000000	0.00465647	4800.000000	0.00496882	4800.000000	0.00429492	4800.000000	0.00427824	4800.000000	0.00496865	4800.000000	1.66734e-07
5000.000000	0.0047501 	5000.000000	0.00503289	5000.000000	0.00430749	5000.000000	0.00429082	5000.000000	0.00503273	5000.000000	1.60466e-07
5250.000000	0.00486984	5250.000000	0.00511409	5250.000000	0.00432317	5250.000000	0.00430651	5250.000000	0.00511394	5250.000000	1.53281e-07
5500.000000	0.00499242	5500.000000	0.00519634	5500.000000	0.00433874	5500.000000	0.00432211	5500.000000	0.00519619	5500.000000	1.46729e-07
6000.000000	0.00524541	6000.000000	0.0053634 	6000.000000	0.00436939	6000.000000	0.00435281	6000.000000	0.00536327	6000.000000	1.35214e-07
6500.000000	0.00550801	6500.000000	0.00553313	6500.000000	0.00439919	6500.000000	0.00438264	6500.000000	0.005533  	6500.000000	1.25418e-07
7000.000000	0.00577945	7000.000000	0.00570484	7000.000000	0.00442799	7000.000000	0.00441148	7000.000000	0.00570472	7000.000000	1.16979e-07
7500.000000	0.00605918	7500.000000	0.00587805	7500.000000	0.00445576	7500.000000	0.00443927	7500.000000	0.00587794	7500.000000	1.09632e-07
8000.000000	0.00634677	8000.000000	0.00605239	8000.000000	0.0044825 	8000.000000	0.00446602	8000.000000	0.00605229	8000.000000	1.03177e-07
8500.000000	0.00664189	8500.000000	0.00622759	8500.000000	0.00450817	8500.000000	0.00449174	8500.000000	0.00622749	8500.000000	9.74577e-08
9000.000000	0.0069443 	9000.000000	0.00640345	9000.000000	0.00453279	9000.000000	0.00451647	9000.000000	0.00640336	9000.000000	9.23553e-08
9500.000000	0.00725378	9500.000000	0.0065798 	9500.000000	0.00455646	9500.000000	0.00454026	9500.000000	0.00657971	9500.000000	8.7774e-08
10000.000000	0.00757017	10000.000000	0.00675652	10000.000000	0.00457926	10000.000000	0.00456315	10000.000000	0.00675643	10000.000000	8.36372e-08
11000.000000	0.00822323	11000.000000	0.00711068	11000.000000	0.00462246	11000.000000	0.00460643	11000.000000	0.00711061	11000.000000	7.64594e-08
12000.000000	0.00890271	12000.000000	0.00746536	12000.000000	0.00466271	12000.000000	0.00464669	12000.000000	0.00746529	12000.000000	7.04439e-08
13000.000000	0.0096081 	13000.000000	0.00782018	13000.000000	0.00470023	13000.000000	0.00468427	13000.000000	0.00782012	13000.000000	6.53275e-08
14000.000000	0.0103391 	14000.000000	0.0081749 	14000.000000	0.00473528	14000.000000	0.00471946	14000.000000	0.00817484	14000.000000	6.09213e-08
15000.000000	0.0110954 	15000.000000	0.00852934	15000.000000	0.00476815	15000.000000	0.00475253	15000.000000	0.00852929	15000.000000	5.70857e-08
16000.000000	0.0118769 	16000.000000	0.0088834 	16000.000000	0.00479912	16000.000000	0.00478368	16000.000000	0.00888335	16000.000000	5.3716e-08
17000.000000	0.0126835 	17000.000000	0.009237  	17000.000000	0.0048284 	17000.000000	0.00481313	17000.000000	0.00923695	17000.000000	5.07314e-08
18000.000000	0.0135151 	18000.000000	0.00959009	18000.000000	0.00485617	18000.000000	0.00484103	18000.000000	0.00959004	18000.000000	4.80689e-08
19000.000000	0.0143719 	19000.000000	0.00994264	19000.000000	0.00488256	19000.000000	0.00486753	19000.000000	0.00994259	19000.000000	4.56787e-08
20000.000000	0.0152537 	20000.000000	0.0102946 	20000.000000	0.00490771	20000.000000	0.00489276	20000.000000	0.0102946 	20000.000000	4.35208e-08
21000.000000	0.0161606 	21000.000000	0.010646  	21000.000000	0.00493165	21000.000000	0.00491683	21000.000000	0.010646  	21000.000000	4.15625e-08
22000.000000	0.0170927 	22000.000000	0.0109969 	22000.000000	0.00495436	22000.000000	0.00493983	22000.000000	0.0109969 	22000.000000	3.97771e-08
23000.000000	0.01805   	23000.000000	0.0113472 	23000.000000	0.00497624	23000.000000	0.00496186	23000.000000	0.0113471 	23000.000000	3.81426e-08
24000.000000	0.0190325 	24000.000000	0.0116969 	24000.000000	0.00499729	24000.000000	0.00498299	24000.000000	0.0116968 	24000.000000	3.66404e-08
25000.000000	0.0200405 	25000.000000	0.012046  	25000.000000	0.00501743	25000.000000	0.00500328	25000.000000	0.012046  	25000.000000	3.5255e-08
26000.000000	0.021074  	26000.000000	0.0123946 	26000.000000	0.00503674	26000.000000	0.0050228 	26000.000000	0.0123945 	26000.000000	3.39731e-08
27000.000000	0.022133  	27000.000000	0.0127426 	27000.000000	0.0050553 	27000.000000	0.00504161	27000.000000	0.0127426 	27000.000000	3.27835e-08
28000.000000	0.0232178 	28000.000000	0.0130901 	28000.000000	0.00507318	28000.000000	0.00505975	28000.000000	0.0130901 	28000.000000	3.16764e-08
29000.000000	0.0243283 	29000.000000	0.0134371 	29000.000000	0.00509044	29000.000000	0.00507727	29000.000000	0.013437  	29000.000000	3.06436e-08
30000.000000	0.0254647 	30000.000000	0.0137835 	30000.000000	0.00510713	30000.000000	0.0050942 	30000.000000	0.0137835 	30000.000000	2.96776e-08
32000.000000	0.0278158 	32000.000000	0.0144749 	32000.000000	0.0051389 	32000.000000	0.00512647	32000.000000	0.0144749 	32000.000000	2.79218e-08
34000.000000	0.0302719 	34000.000000	0.0151644 	34000.000000	0.00516876	34000.000000	0.0051568 	34000.000000	0.0151644 	34000.000000	2.63669e-08
36000.000000	0.0328342 	36000.000000	0.015852  	36000.000000	0.00519682	36000.000000	0.00518541	36000.000000	0.015852  	36000.000000	2.49801e-08
38000.000000	0.0355037 	38000.000000	0.0165379 	38000.000000	0.00522327	38000.000000	0.00521249	38000.000000	0.0165379 	38000.000000	2.37352e-08
40000.000000	0.0382815 	40000.000000	0.0172221 	40000.000000	0.00524829	40000.000000	0.00523818	40000.000000	0.0172221 	40000.000000	2.26115e-08
42000.000000	0.0411686 	42000.000000	0.0179046 	42000.000000	0.00527208	42000.000000	0.00526262	42000.000000	0.0179046 	42000.000000	2.15918e-08
44000.000000	0.0441663 	44000.000000	0.0185856 	44000.000000	0.0052948 	44000.000000	0.00528593	44000.000000	0.0185856 	44000.000000	2.06623e-08
46000.000000	0.0472757 	46000.000000	0.0192651 	46000.000000	0.00531653	46000.000000	0.0053082 	46000.000000	0.0192651 	46000.000000	1.98114e-08
48000.000000	0.0504979 	48000.000000	0.0199432 	48000.000000	0.00533735	48000.000000	0.00532952	48000.000000	0.0199432 	48000.000000	1.90294e-08
50000.000000	0.0538341 	50000.000000	0.0206199 	50000.000000	0.00535724	50000.000000	0.00534996	50000.000000	0.0206199 	50000.000000	1.83083e-08
