*Energy (MeV/u)1	0 - [He-base] F.Hubert et al, AD&ND Tables 46(1990)1	Energy (MeV/u)2	1 - [H -base] J.F.Ziegler et al, Pergamon Press, NY (low energy)	Energy (MeV/u)3	2 - ATIMA 1.2  LS-theory (recommended for high energy)	Energy (MeV/u)4	3 - ATIMA 1.2  without LS-correction	Energy (MeV/u)5	4 - electrical component of [1] - J.F.Ziegler et al	Energy (MeV/u)6	5 - nuclear component of [1] - J.F.Ziegler et al	
0.001000	0.167618  	0.001000	0.0262539 	0.001000	0.0271861 	0.001000	0.0271861 	0.001000	0.0250663 	0.001000	0.00118765	
0.002000	0.203755  	0.002000	0.0354735 	0.002000	0.0367469 	0.002000	0.0367469 	0.002000	0.0342416 	0.002000	0.00123198	
0.005000	0.270744  	0.005000	0.0528591 	0.005000	0.0547823 	0.005000	0.0547823 	0.005000	0.0517162 	0.005000	0.00114294	
0.008000	0.315894  	0.008000	0.0649306 	0.008000	0.0673068 	0.008000	0.0673068 	0.008000	0.063897  	0.008000	0.00103359	
0.010000	0.340318  	0.010000	0.0716169 	0.010000	0.074244  	0.010000	0.074244  	0.010000	0.0706464 	0.010000	0.000970441	
0.015000	0.41088   	0.015000	0.0842131 	0.015000	0.0887847 	0.015000	0.0887847 	0.015000	0.0833688 	0.015000	0.000844324	
0.020000	0.468611  	0.020000	0.0944648 	0.020000	0.100846  	0.020000	0.100846  	0.020000	0.0937139 	0.020000	0.000750915	
0.025000	0.516328  	0.025000	0.103078  	0.025000	0.111346  	0.025000	0.111346  	0.025000	0.1024    	0.025000	0.000678879	
0.030000	0.55552   	0.030000	0.110429  	0.030000	0.117342  	0.030000	0.117342  	0.030000	0.109808  	0.030000	0.000621412	
0.035000	0.58716   	0.035000	0.116752  	0.035000	0.122442  	0.035000	0.122442  	0.035000	0.116177  	0.035000	0.000574325	
0.040000	0.612014  	0.040000	0.122207  	0.040000	0.126806  	0.040000	0.126806  	0.040000	0.121672  	0.040000	0.000534916	
0.045000	0.630766  	0.045000	0.126917  	0.045000	0.130549  	0.045000	0.130549  	0.045000	0.126416  	0.045000	0.000501361	
0.050000	0.644075  	0.050000	0.130976  	0.050000	0.133758  	0.050000	0.133758  	0.050000	0.130504  	0.050000	0.000472383	
0.055000	0.652589  	0.055000	0.134462  	0.055000	0.136504  	0.055000	0.136504  	0.055000	0.134015  	0.055000	0.00044706	
0.060000	0.656944  	0.060000	0.13744   	0.060000	0.138842  	0.060000	0.138842  	0.060000	0.137015  	0.060000	0.000424707	
0.070000	0.655609  	0.070000	0.142086  	0.070000	0.142478  	0.070000	0.142478  	0.070000	0.141699  	0.070000	0.000386951	
0.080000	0.644542  	0.080000	0.145286  	0.080000	0.144969  	0.080000	0.144969  	0.080000	0.144929  	0.080000	0.000356186	
0.090000	0.62742   	0.090000	0.147328  	0.090000	0.146545  	0.090000	0.146545  	0.090000	0.146997  	0.090000	0.000330556	
0.100000	0.607033  	0.100000	0.148446  	0.100000	0.147385  	0.100000	0.147385  	0.100000	0.148137  	0.100000	0.00030882	
0.120000	0.563635  	0.120000	0.148631  	0.120000	0.147403  	0.120000	0.147403  	0.120000	0.148357  	0.120000	0.000273825	
0.140000	0.522932  	0.140000	0.146966  	0.140000	0.145879  	0.140000	0.145879  	0.140000	0.14672   	0.140000	0.000246759	
0.160000	0.487595  	0.160000	0.144198  	0.160000	0.143385  	0.160000	0.143385  	0.160000	0.143974  	0.160000	0.000223685	
0.180000	0.457738  	0.180000	0.140816  	0.180000	0.140312  	0.180000	0.140312  	0.180000	0.14061   	0.180000	0.000206077	
0.200000	0.432617  	0.200000	0.137136  	0.200000	0.136921  	0.200000	0.136921  	0.200000	0.136945  	0.200000	0.000191314	
0.250000	0.384908  	0.250000	0.127778  	0.250000	0.128071  	0.250000	0.128071  	0.250000	0.127615  	0.250000	0.000162982	
0.300000	0.350889  	0.300000	0.119153  	0.300000	0.119652  	0.300000	0.119652  	0.300000	0.119011  	0.300000	0.000142151	
0.350000	0.324768  	0.350000	0.11161   	0.350000	0.112117  	0.350000	0.112117  	0.350000	0.111483  	0.350000	0.000126761	
0.400000	0.303585  	0.400000	0.105104  	0.400000	0.105519  	0.400000	0.105519  	0.400000	0.104989  	0.400000	0.000114643	
0.450000	0.285758  	0.450000	0.0994879 	0.450000	0.0997768 	0.450000	0.0997768 	0.450000	0.099383  	0.450000	0.000104828	
0.500000	0.27037   	0.500000	0.0946089 	0.500000	0.0947689 	0.500000	0.0947689 	0.500000	0.0945122 	0.500000	9.66976e-05	
0.600000	0.244827  	0.600000	0.0865518 	0.600000	0.0865019 	0.600000	0.0865019 	0.600000	0.0864678 	0.600000	8.39741e-05	
0.700000	0.224238  	0.700000	0.0801461 	0.700000	0.0799651 	0.700000	0.0799651 	0.700000	0.0800717 	0.700000	7.44366e-05	
0.800000	0.207161  	0.800000	0.0748966 	0.800000	0.0746479 	0.800000	0.0746479 	0.800000	0.0748296 	0.800000	6.69957e-05	
0.900000	0.192711  	0.900000	0.0704885 	0.900000	0.0702146 	0.900000	0.0702146 	0.900000	0.0704275 	0.900000	6.10129e-05	
1.000000	0.180298  	1.000000	0.0667148 	1.000000	0.0664421 	1.000000	0.0664421 	1.000000	0.0666587 	1.000000	5.6088e-05	
1.250000	0.155694  	1.250000	0.0592253 	1.250000	0.0590073 	1.250000	0.0590073 	1.250000	0.0591784 	1.250000	4.68636e-05	
1.500000	0.137365  	1.500000	0.0535883 	1.500000	0.0534432 	1.500000	0.0534432 	1.500000	0.0535479 	1.500000	4.04101e-05	
1.750000	0.123136  	1.750000	0.0491462 	1.750000	0.0490668 	1.750000	0.0490668 	1.750000	0.0491105 	1.750000	3.56208e-05	
2.000000	0.111745  	2.000000	0.0455308 	2.000000	0.045505  	2.000000	0.045505  	2.000000	0.0454989 	2.000000	3.19136e-05	
2.250000	0.102404  	2.250000	0.0425165 	2.250000	0.0425324 	2.250000	0.0425324 	2.250000	0.0424876 	2.250000	2.89522e-05	
2.500000	0.0941888 	2.500000	0.0399558 	2.500000	0.0400037 	2.500000	0.0400037 	2.500000	0.0399293 	2.500000	2.65275e-05	
3.000000	0.0822436 	3.000000	0.0358187 	3.000000	0.0359089 	3.000000	0.0359089 	3.000000	0.0357959 	3.000000	2.27848e-05	
3.500000	0.0731779 	3.500000	0.0326016 	3.500000	0.032715  	3.500000	0.032715  	3.500000	0.0325816 	3.500000	2.00216e-05	
4.000000	0.0660427 	4.000000	0.0300141 	4.000000	0.0301393 	4.000000	0.0301393 	4.000000	0.0299962 	4.000000	1.78916e-05	
4.500000	0.0602689 	4.500000	0.0278792 	4.500000	0.0280091 	4.500000	0.0280091 	4.500000	0.027863  	4.500000	1.61959e-05	
5.000000	0.0554931 	5.000000	0.0260819 	5.000000	0.0262123 	5.000000	0.0262123 	5.000000	0.026067  	5.000000	1.48116e-05	
5.500000	0.0514722 	5.500000	0.024544  	5.500000	0.0246722 	5.500000	0.0246722 	5.500000	0.0245303 	5.500000	1.36586e-05	
6.000000	0.0480367 	6.000000	0.0232103 	6.000000	0.0233349 	6.000000	0.0233349 	6.000000	0.0231977 	6.000000	1.26823e-05	
6.500000	0.045065  	6.500000	0.0220407 	6.500000	0.0221606 	6.500000	0.0221606 	6.500000	0.0220289 	6.500000	1.18442e-05	
7.000000	0.0424672 	7.000000	0.0210051 	7.000000	0.0211197 	7.000000	0.0211197 	7.000000	0.020994  	7.000000	1.11164e-05	
7.500000	0.0401756 	7.500000	0.0200805 	7.500000	0.0201896 	7.500000	0.0201896 	7.500000	0.02007   	7.500000	1.0478e-05	
8.000000	0.038138  	8.000000	0.019249  	8.000000	0.0193526 	8.000000	0.0193526 	8.000000	0.0192391 	8.000000	9.91322e-06	
8.500000	0.0363136 	8.500000	0.0184966 	8.500000	0.0185946 	8.500000	0.0185946 	8.500000	0.0184872 	8.500000	9.40972e-06	
9.000000	0.0346699 	9.000000	0.0178117 	9.000000	0.0179044 	9.000000	0.0179044 	9.000000	0.0178028 	9.000000	8.95787e-06	
9.500000	0.0331808 	9.500000	0.0171854 	9.500000	0.0172727 	9.500000	0.0172727 	9.500000	0.0171768 	9.500000	8.54995e-06	
10.000000	0.0318251 	10.000000	0.0167288 	10.000000	0.0166921 	10.000000	0.0166921 	10.000000	0.0167206 	10.000000	8.17972e-06	
11.000000	0.0294467 	11.000000	0.0158327 	11.000000	0.0156825 	11.000000	0.0156827 	11.000000	0.0158252 	11.000000	7.53286e-06	
12.000000	0.0274268 	12.000000	0.0150209 	12.000000	0.0148038 	12.000000	0.0148043 	12.000000	0.0150139 	12.000000	6.98608e-06	
13.000000	0.0256887 	13.000000	0.0142859 	13.000000	0.014031  	13.000000	0.0140313 	13.000000	0.0142794 	13.000000	6.51743e-06	
14.000000	0.0241763 	14.000000	0.0136195 	14.000000	0.013345  	14.000000	0.013345  	14.000000	0.0136134 	14.000000	6.11101e-06	
15.000000	0.0228476 	15.000000	0.0130138 	15.000000	0.0127311 	15.000000	0.0127311 	15.000000	0.0130081 	15.000000	5.75496e-06	
16.000000	0.0216704 	16.000000	0.0124618 	16.000000	0.0121785 	16.000000	0.0121783 	16.000000	0.0124563 	16.000000	5.44031e-06	
17.000000	0.0206197 	17.000000	0.0119569 	17.000000	0.0116785 	17.000000	0.0116775 	17.000000	0.0119518 	17.000000	5.16011e-06	
18.000000	0.0196759 	18.000000	0.0114939 	18.000000	0.0112228 	18.000000	0.0112215 	18.000000	0.011489  	18.000000	4.90889e-06	
19.000000	0.0188232 	19.000000	0.0110678 	19.000000	0.0108055 	19.000000	0.0108043 	19.000000	0.0110631 	19.000000	4.6823e-06	
20.000000	0.0180487 	20.000000	0.0106746 	20.000000	0.0104218 	20.000000	0.0104206 	20.000000	0.0106701 	20.000000	4.47682e-06	
21.000000	0.0173419 	21.000000	0.0103107 	21.000000	0.0100682 	21.000000	0.0100668 	21.000000	0.0103064 	21.000000	4.28958e-06	
22.000000	0.0166943 	22.000000	0.00997292	22.000000	0.0097405 	22.000000	0.0097392 	22.000000	0.0099688 	22.000000	4.11821e-06	
23.000000	0.0160984 	23.000000	0.00965868	23.000000	0.00943615	23.000000	0.00943482	23.000000	0.00965472	23.000000	3.96074e-06	
24.000000	0.0155483 	24.000000	0.00936559	24.000000	0.009153  	24.000000	0.00915114	24.000000	0.00936178	24.000000	3.81551e-06	
25.000000	0.0150387 	25.000000	0.0090916 	25.000000	0.00888872	25.000000	0.00888602	25.000000	0.00908792	25.000000	3.68112e-06	
27.000000	0.0141243 	27.000000	0.00859392	27.000000	0.00840765	27.000000	0.00840424	27.000000	0.00859048	27.000000	3.44027e-06	
29.000000	0.0133267 	29.000000	0.00815365	29.000000	0.00798067	29.000000	0.00797733	29.000000	0.00815042	29.000000	3.23052e-06	
31.000000	0.0126244 	31.000000	0.00776139	31.000000	0.00760268	31.000000	0.0075993 	31.000000	0.00775834	31.000000	3.04612e-06	
33.000000	0.0120011 	33.000000	0.00740966	33.000000	0.00726667	33.000000	0.00726349	33.000000	0.00740677	33.000000	2.88266e-06	
35.000000	0.0114439 	35.000000	0.00709245	35.000000	0.00696394	35.000000	0.00696111	35.000000	0.00708971	35.000000	2.73671e-06	
38.000000	0.0107104 	38.000000	0.00667094	38.000000	0.00656324	38.000000	0.00655942	38.000000	0.0066684 	38.000000	2.54482e-06	
41.000000	0.0100768 	41.000000	0.00630338	41.000000	0.00621287	41.000000	0.00620893	41.000000	0.006301  	41.000000	2.3793e-06	
44.000000	0.00952365	44.000000	0.00597996	44.000000	0.00590372	44.000000	0.00590012	44.000000	0.00597772	44.000000	2.235e-06 	
47.000000	0.00903626	47.000000	0.0056931 	47.000000	0.00562916	47.000000	0.00562575	47.000000	0.00569099	47.000000	2.10801e-06	
50.000000	0.00860336	50.000000	0.00543688	50.000000	0.0053834 	50.000000	0.0053802 	50.000000	0.00543488	50.000000	1.99534e-06	
55.000000	0.00797981	55.000000	0.00506558	55.000000	0.00502629	55.000000	0.00502333	55.000000	0.00506374	55.000000	1.8333e-06	
60.000000	0.00745333	60.000000	0.00475015	60.000000	0.00472196	60.000000	0.00471904	60.000000	0.00474845	60.000000	1.69671e-06	
65.000000	0.00700249	65.000000	0.00447874	65.000000	0.0044597 	65.000000	0.00445625	65.000000	0.00447716	65.000000	1.57995e-06	
70.000000	0.00661178	70.000000	0.00424267	70.000000	0.00422998	70.000000	0.00422684	70.000000	0.00424119	70.000000	1.47891e-06	
75.000000	0.00626969	75.000000	0.00403538	75.000000	0.00402768	75.000000	0.00402471	75.000000	0.00403399	75.000000	1.39059e-06	
80.000000	0.0059675 	80.000000	0.00385186	80.000000	0.00384799	80.000000	0.00384519	80.000000	0.00385055	80.000000	1.31269e-06	
85.000000	0.00569847	85.000000	0.00368821	85.000000	0.00368728	85.000000	0.00368462	85.000000	0.00368696	85.000000	1.24343e-06	
90.000000	0.00545731	90.000000	0.00354133	90.000000	0.00354265	90.000000	0.00354011	90.000000	0.00354015	90.000000	1.18145e-06	
95.000000	0.00523981	95.000000	0.00340876	95.000000	0.00341234	95.000000	0.00340932	95.000000	0.00340764	95.000000	1.12562e-06	
100.000000	0.00504257	100.000000	0.00328848	100.000000	0.00329324	100.000000	0.00329036	100.000000	0.0032874 	100.000000	1.07506e-06	
105.000000	0.00486282	105.000000	0.00317883	105.000000	0.00318443	105.000000	0.00318167	105.000000	0.0031778 	105.000000	1.02906e-06	
110.000000	0.00469829	110.000000	0.00307847	110.000000	0.00308463	110.000000	0.00308197	110.000000	0.00307748	110.000000	9.87006e-07	
115.000000	0.00454707	115.000000	0.00298624	115.000000	0.00299274	115.000000	0.00299018	115.000000	0.00298529	115.000000	9.48408e-07	
120.000000	0.00440757	120.000000	0.00290119	120.000000	0.00290784	120.000000	0.00290537	120.000000	0.00290028	120.000000	9.12851e-07	
125.000000	0.00427845	125.000000	0.00282251	125.000000	0.00282917	125.000000	0.00282678	125.000000	0.00282163	125.000000	8.79983e-07	
130.000000	0.00415855	130.000000	0.0027495 	130.000000	0.00275605	130.000000	0.00275373	130.000000	0.00274865	130.000000	8.49507e-07	
135.000000	0.00404691	135.000000	0.00268157	135.000000	0.00268786	135.000000	0.00268567	135.000000	0.00268075	135.000000	8.21165e-07	
140.000000	0.00394268	140.000000	0.00261819	140.000000	0.00262444	140.000000	0.00262208	140.000000	0.0026174 	140.000000	7.94738e-07	
145.000000	0.00384511	145.000000	0.00255894	145.000000	0.00256512	145.000000	0.00256255	145.000000	0.00255817	145.000000	7.70035e-07	
150.000000	0.00375359	150.000000	0.0025034 	150.000000	0.00250919	150.000000	0.0025067 	150.000000	0.00250265	150.000000	7.46891e-07	
155.000000	0.00362472	155.000000	0.00245125	155.000000	0.00245658	155.000000	0.00245418	155.000000	0.00245052	155.000000	7.2516e-07	
160.000000	0.00354919	160.000000	0.00240218	160.000000	0.00240708	160.000000	0.00240473	160.000000	0.00240147	160.000000	7.04714e-07	
165.000000	0.00347796	165.000000	0.00235592	165.000000	0.00236035	165.000000	0.00235806	165.000000	0.00235524	165.000000	6.85441e-07	
170.000000	0.00341067	170.000000	0.00231224	170.000000	0.0023162 	170.000000	0.00231396	170.000000	0.00231158	170.000000	6.67242e-07	
175.000000	0.003347  	175.000000	0.00227093	175.000000	0.0022744 	175.000000	0.00227221	175.000000	0.00227028	175.000000	6.50027e-07	
180.000000	0.00328667	180.000000	0.0022318 	180.000000	0.00223478	180.000000	0.00223264	180.000000	0.00223117	180.000000	6.33718e-07	
185.000000	0.0032294 	185.000000	0.00219469	185.000000	0.00219718	185.000000	0.00219508	185.000000	0.00219407	185.000000	6.18244e-07	
190.000000	0.00317498	190.000000	0.00215943	190.000000	0.00216145	190.000000	0.00215938	190.000000	0.00215883	190.000000	6.03542e-07	
195.000000	0.00312319	195.000000	0.0021259 	195.000000	0.00212741	195.000000	0.00212541	195.000000	0.00212531	195.000000	5.89554e-07	
200.000000	0.00307384	200.000000	0.00209396	200.000000	0.00209499	200.000000	0.00209304	200.000000	0.00209339	200.000000	5.76228e-07	
210.000000	0.00298181	210.000000	0.00203447	210.000000	0.00203487	210.000000	0.00203269	210.000000	0.00203391	210.000000	5.51383e-07	
220.000000	0.0028977 	220.000000	0.00198015	220.000000	0.00197973	220.000000	0.00197756	220.000000	0.00197962	220.000000	5.28681e-07	
230.000000	0.00282052	230.000000	0.00193038	230.000000	0.0019291 	230.000000	0.00192701	230.000000	0.00192987	230.000000	5.07853e-07	
240.000000	0.00274944	240.000000	0.00188461	240.000000	0.00188253	240.000000	0.0018805 	240.000000	0.00188412	240.000000	4.88672e-07	
250.000000	0.00268376	250.000000	0.00184237	250.000000	0.00183954	250.000000	0.00183757	250.000000	0.0018419 	250.000000	4.70949e-07	
260.000000	0.00262289	260.000000	0.00180327	260.000000	0.00179975	260.000000	0.00179783	260.000000	0.00180282	260.000000	4.5452e-07	
270.000000	0.00256632	270.000000	0.00176699	270.000000	0.00176282	270.000000	0.00176095	270.000000	0.00176655	270.000000	4.39246e-07	
280.000000	0.00251361	280.000000	0.00173322	280.000000	0.00172845	280.000000	0.00172663	280.000000	0.0017328 	280.000000	4.25009e-07	
290.000000	0.00246437	290.000000	0.00170173	290.000000	0.00169637	290.000000	0.00169462	290.000000	0.00170132	290.000000	4.11705e-07	
300.000000	0.00241828	300.000000	0.00167229	300.000000	0.00166654	300.000000	0.0016647 	300.000000	0.00167189	300.000000	3.99243e-07	
310.000000	0.00237504	310.000000	0.00164471	310.000000	0.00163865	310.000000	0.00163669	310.000000	0.00164432	310.000000	3.87545e-07	
320.000000	0.0023344 	320.000000	0.00161882	320.000000	0.00161232	320.000000	0.0016104 	320.000000	0.00161844	320.000000	3.76542e-07	
330.000000	0.00229614	330.000000	0.00159448	330.000000	0.00158756	330.000000	0.00158569	330.000000	0.00159411	330.000000	3.66173e-07	
340.000000	0.00226005	340.000000	0.00157155	340.000000	0.00156427	340.000000	0.00156244	340.000000	0.00157119	340.000000	3.56383e-07	
350.000000	0.00222595	350.000000	0.00154992	350.000000	0.00154231	350.000000	0.00154051	350.000000	0.00154957	350.000000	3.47126e-07	
360.000000	0.0021937 	360.000000	0.00152948	360.000000	0.00152157	360.000000	0.0015198 	360.000000	0.00152914	360.000000	3.38357e-07	
370.000000	0.00216314	370.000000	0.00151014	370.000000	0.00150196	370.000000	0.00150022	370.000000	0.00150981	370.000000	3.30039e-07	
380.000000	0.00213415	380.000000	0.00149182	380.000000	0.0014834 	380.000000	0.00148168	380.000000	0.0014915 	380.000000	3.22137e-07	
390.000000	0.00210661	390.000000	0.00147444	390.000000	0.0014658 	390.000000	0.00146411	390.000000	0.00147412	390.000000	3.14621e-07	
400.000000	0.00208042	400.000000	0.00145793	400.000000	0.0014491 	400.000000	0.00144743	400.000000	0.00145762	400.000000	3.07462e-07	
410.000000	0.00205549	410.000000	0.00144223	410.000000	0.00143323	410.000000	0.00143159	410.000000	0.00144193	410.000000	3.00636e-07	
420.000000	0.00203173	420.000000	0.00142729	420.000000	0.00141815	420.000000	0.00141652	420.000000	0.001427  	420.000000	2.94118e-07	
430.000000	0.00200907	430.000000	0.00141305	430.000000	0.00140378	430.000000	0.00140217	430.000000	0.00141276	430.000000	2.87889e-07	
440.000000	0.00198742	440.000000	0.00139947	440.000000	0.00139007	440.000000	0.0013885 	440.000000	0.00139919	440.000000	2.8193e-07	
450.000000	0.00196673	450.000000	0.00138651	450.000000	0.00137701	450.000000	0.00137547	450.000000	0.00138623	450.000000	2.76222e-07	
460.000000	0.00194694	460.000000	0.00137412	460.000000	0.00136461	460.000000	0.00136302	460.000000	0.00137385	460.000000	2.70751e-07	
470.000000	0.001928  	470.000000	0.00136227	470.000000	0.0013528 	470.000000	0.00135113	470.000000	0.00136201	470.000000	2.65501e-07	
480.000000	0.00190984	480.000000	0.00135094	480.000000	0.00134147	480.000000	0.00133976	480.000000	0.00135068	480.000000	2.6046e-07	
490.000000	0.00189244	490.000000	0.00134008	490.000000	0.00133058	490.000000	0.00132888	490.000000	0.00133982	490.000000	2.55614e-07	
500.000000	0.00187574	500.000000	0.00132967	500.000000	0.00132013	500.000000	0.00131847	500.000000	0.00132942	500.000000	2.50953e-07	
520.000000	0.0018443 	520.000000	0.0013101 	520.000000	0.00130054	520.000000	0.00129892	520.000000	0.00130986	520.000000	2.42143e-07	
540.000000	0.00181524	540.000000	0.00129206	540.000000	0.00128253	540.000000	0.00128093	540.000000	0.00129182	540.000000	2.33955e-07	
560.000000	0.00178832	560.000000	0.00127537	560.000000	0.0012659 	560.000000	0.00126433	560.000000	0.00127514	560.000000	2.26325e-07	
580.000000	0.00176333	580.000000	0.00125991	580.000000	0.00125052	580.000000	0.00124898	580.000000	0.00125969	580.000000	2.19196e-07	
600.000000	0.00174008	600.000000	0.00124555	600.000000	0.00123628	600.000000	0.00123476	600.000000	0.00124534	600.000000	2.1252e-07	
620.000000	0.00171843	620.000000	0.0012322 	620.000000	0.00122306	620.000000	0.00122156	620.000000	0.00123199	620.000000	2.06255e-07	
640.000000	0.00169822	640.000000	0.00121976	640.000000	0.00121077	640.000000	0.00120929	640.000000	0.00121956	640.000000	2.00364e-07	
660.000000	0.00167933	660.000000	0.00120815	660.000000	0.00119931	660.000000	0.00119786	660.000000	0.00120795	660.000000	1.94813e-07	
680.000000	0.00166165	680.000000	0.00119729	680.000000	0.00118862	680.000000	0.0011872 	680.000000	0.0011971 	680.000000	1.89573e-07	
700.000000	0.00164508	700.000000	0.00118714	700.000000	0.00117867	700.000000	0.00117724	700.000000	0.00118695	700.000000	1.84619e-07	
720.000000	0.00162953	720.000000	0.00117762	720.000000	0.00116942	720.000000	0.00116793	720.000000	0.00117744	720.000000	1.79927e-07	
740.000000	0.00161493	740.000000	0.00116869	740.000000	0.00116075	740.000000	0.00115921	740.000000	0.00116852	740.000000	1.75478e-07	
760.000000	0.00160121	760.000000	0.00116031	760.000000	0.00115257	760.000000	0.00115103	760.000000	0.00116014	760.000000	1.71252e-07	
780.000000	0.0015883 	780.000000	0.00115243	780.000000	0.00114488	780.000000	0.00114336	780.000000	0.00115227	780.000000	1.67233e-07	
800.000000	0.00157614	800.000000	0.00114502	800.000000	0.00113765	800.000000	0.00113616	800.000000	0.00114486	800.000000	1.63405e-07	
820.000000	0.00156468	820.000000	0.00113804	820.000000	0.00113086	820.000000	0.00112938	820.000000	0.00113788	820.000000	1.59756e-07	
840.000000	0.00155388	840.000000	0.00113146	840.000000	0.00112448	840.000000	0.00112301	840.000000	0.00113131	840.000000	1.56273e-07	
860.000000	0.00154369	860.000000	0.00112526	860.000000	0.00111846	860.000000	0.001117  	860.000000	0.00112511	860.000000	1.52944e-07	
880.000000	0.00153407	880.000000	0.00111942	880.000000	0.00111279	880.000000	0.00111134	880.000000	0.00111927	880.000000	1.4976e-07	
900.000000	0.00152498	900.000000	0.00111389	900.000000	0.00110744	900.000000	0.00110601	900.000000	0.00111375	900.000000	1.4671e-07	
920.000000	0.0015164 	920.000000	0.00110868	920.000000	0.00110239	920.000000	0.00110097	920.000000	0.00110854	920.000000	1.43788e-07	
940.000000	0.0015083 	940.000000	0.00110376	940.000000	0.00109763	940.000000	0.00109621	940.000000	0.00110361	940.000000	1.40984e-07	
960.000000	0.00150063	960.000000	0.0010991 	960.000000	0.00109312	960.000000	0.00109172	960.000000	0.00109896	960.000000	1.38292e-07	
980.000000	0.00149339	980.000000	0.0010947 	980.000000	0.00108887	980.000000	0.00108747	980.000000	0.00109456	980.000000	1.35704e-07	
1000.000000	0.00148654	1000.000000	0.00109054	1000.000000	0.00108484	1000.000000	0.00108345	1000.000000	0.00109041	1000.000000	1.33216e-07	
1020.000000	0.00148007	1020.000000	0.0010866 	1020.000000	0.00108103	1020.000000	0.00107965	1020.000000	0.00108647	1020.000000	1.3082e-07	
1040.000000	0.00147394	1040.000000	0.00108288	1040.000000	0.00107742	1040.000000	0.00107605	1040.000000	0.00108275	1040.000000	1.28513e-07	
1060.000000	0.00146816	1060.000000	0.00107936	1060.000000	0.001074  	1060.000000	0.00107264	1060.000000	0.00107923	1060.000000	1.26289e-07	
1080.000000	0.00146269	1080.000000	0.00107603	1080.000000	0.00107077	1080.000000	0.00106941	1080.000000	0.0010759 	1080.000000	1.24143e-07	
1100.000000	0.00145752	1100.000000	0.00107288	1100.000000	0.0010677 	1100.000000	0.00106635	1100.000000	0.00107276	1100.000000	1.22073e-07	
1120.000000	0.00145264	1120.000000	0.0010699 	1120.000000	0.00106483	1120.000000	0.00106349	1120.000000	0.00106978	1120.000000	1.20072e-07	
1140.000000	0.00144803	1140.000000	0.00106708	1140.000000	0.00106211	1140.000000	0.00106077	1140.000000	0.00106696	1140.000000	1.18139e-07	
1160.000000	0.00144368	1160.000000	0.00106442	1160.000000	0.00105953	1160.000000	0.0010582 	1160.000000	0.0010643 	1160.000000	1.1627e-07	
1180.000000	0.00143957	1180.000000	0.0010619 	1180.000000	0.00105709	1180.000000	0.00105577	1180.000000	0.00106178	1180.000000	1.14461e-07	
1200.000000	0.0014357 	1200.000000	0.00105952	1200.000000	0.00105478	1200.000000	0.00105346	1200.000000	0.00105941	1200.000000	1.12709e-07	
1220.000000	0.00143205	1220.000000	0.00105727	1220.000000	0.00105258	1220.000000	0.00105127	1220.000000	0.00105716	1220.000000	1.11013e-07	
1240.000000	0.00142862	1240.000000	0.00105515	1240.000000	0.00105049	1240.000000	0.0010492 	1240.000000	0.00105504	1240.000000	1.09369e-07	
1260.000000	0.00142539	1260.000000	0.00105315	1260.000000	0.00104852	1260.000000	0.00104723	1260.000000	0.00105304	1260.000000	1.07775e-07	
1280.000000	0.00142236	1280.000000	0.00105126	1280.000000	0.00104665	1280.000000	0.00104537	1280.000000	0.00105116	1280.000000	1.06228e-07	
1300.000000	0.00141952	1300.000000	0.00104948	1300.000000	0.00104488	1300.000000	0.0010436 	1300.000000	0.00104938	1300.000000	1.04727e-07	
1320.000000	0.00141685	1320.000000	0.00104781	1320.000000	0.00104322	1320.000000	0.00104193	1320.000000	0.00104771	1320.000000	1.03269e-07	
1340.000000	0.00141435	1340.000000	0.00104624	1340.000000	0.00104165	1340.000000	0.00104034	1340.000000	0.00104614	1340.000000	1.01853e-07	
1360.000000	0.00141202	1360.000000	0.00104476	1360.000000	0.00104016	1360.000000	0.00103884	1360.000000	0.00104466	1360.000000	1.00477e-07	
1380.000000	0.00140985	1380.000000	0.00104338	1380.000000	0.00103876	1380.000000	0.00103742	1380.000000	0.00104328	1380.000000	9.9139e-08	
1400.000000	0.00140783	1400.000000	0.00104208	1400.000000	0.00103743	1400.000000	0.00103608	1400.000000	0.00104198	1400.000000	9.78375e-08	
1420.000000	0.00140596	1420.000000	0.00104086	1420.000000	0.00103617	1420.000000	0.0010348 	1420.000000	0.00104077	1420.000000	9.6571e-08	
1440.000000	0.00140422	1440.000000	0.00103973	1440.000000	0.00103498	1440.000000	0.0010336 	1440.000000	0.00103963	1440.000000	9.53382e-08	
1460.000000	0.00140262	1460.000000	0.00103867	1460.000000	0.00103385	1460.000000	0.00103246	1460.000000	0.00103858	1460.000000	9.41377e-08	
1480.000000	0.00140116	1480.000000	0.00103769	1480.000000	0.00103277	1480.000000	0.00103138	1480.000000	0.0010376 	1480.000000	9.29682e-08	
1500.000000	0.00139981	1500.000000	0.00103678	1500.000000	0.00103178	1500.000000	0.00103039	1500.000000	0.00103669	1500.000000	9.18286e-08	
1520.000000	0.00139859	1520.000000	0.00103594	1520.000000	0.00103084	1520.000000	0.00102946	1520.000000	0.00103585	1520.000000	9.07176e-08	
1540.000000	0.00139748	1540.000000	0.00103516	1540.000000	0.00102996	1540.000000	0.00102859	1540.000000	0.00103507	1540.000000	8.96342e-08	
1560.000000	0.00139648	1560.000000	0.00103445	1560.000000	0.00102913	1560.000000	0.00102776	1560.000000	0.00103436	1560.000000	8.85774e-08	
1580.000000	0.0013956 	1580.000000	0.00103379	1580.000000	0.00102835	1580.000000	0.00102699	1580.000000	0.00103371	1580.000000	8.75462e-08	
1600.000000	0.00139481	1600.000000	0.0010332 	1600.000000	0.00102762	1600.000000	0.00102626	1600.000000	0.00103311	1600.000000	8.65396e-08	
1620.000000	0.00139413	1620.000000	0.00103266	1620.000000	0.00102693	1620.000000	0.00102558	1620.000000	0.00103258	1620.000000	8.55569e-08	
1640.000000	0.00139354	1640.000000	0.00103218	1640.000000	0.00102629	1640.000000	0.00102495	1640.000000	0.0010321 	1640.000000	8.4597e-08	
1660.000000	0.00139305	1660.000000	0.00103175	1660.000000	0.00102569	1660.000000	0.00102435	1660.000000	0.00103167	1660.000000	8.36593e-08	
1680.000000	0.00139265	1680.000000	0.00103137	1680.000000	0.00102513	1680.000000	0.00102379	1680.000000	0.00103129	1680.000000	8.2743e-08	
1700.000000	0.00139234	1700.000000	0.00103104	1700.000000	0.00102461	1700.000000	0.00102328	1700.000000	0.00103096	1700.000000	8.18473e-08	
1750.000000	0.00139193	1750.000000	0.00103042	1750.000000	0.00102347	1750.000000	0.00102214	1750.000000	0.00103034	1750.000000	7.96937e-08	
1800.000000	0.00139202	1800.000000	0.00103007	1800.000000	0.00102254	1800.000000	0.00102122	1800.000000	0.00102999	1800.000000	7.76547e-08	
1850.000000	0.00139256	1850.000000	0.00102997	1850.000000	0.0010218 	1850.000000	0.00102048	1850.000000	0.00102989	1850.000000	7.57213e-08	
1900.000000	0.00139352	1900.000000	0.0010301 	1900.000000	0.00102122	1900.000000	0.00101991	1900.000000	0.00103002	1900.000000	7.38854e-08	
1950.000000	0.00139488	1950.000000	0.00103044	1950.000000	0.0010208 	1950.000000	0.00101949	1950.000000	0.00103036	1950.000000	7.21396e-08	
2000.000000	0.00139661	2000.000000	0.00103097	2000.000000	0.00102052	2000.000000	0.00101922	2000.000000	0.0010309 	2000.000000	7.04775e-08	
2100.000000	0.00140109	2100.000000	0.00103258	2100.000000	0.00102032	2100.000000	0.00101903	2100.000000	0.00103251	2100.000000	6.73808e-08	
2200.000000	0.00140677	2200.000000	0.00103482	2200.000000	0.00102055	2200.000000	0.00101926	2200.000000	0.00103476	2200.000000	6.45541e-08	
2300.000000	0.00141353	2300.000000	0.00103761	2300.000000	0.00102112	2300.000000	0.00101985	2300.000000	0.00103754	2300.000000	6.19632e-08	
2400.000000	0.00142124	2400.000000	0.00104087	2400.000000	0.00102199	2400.000000	0.00102072	2400.000000	0.00104081	2400.000000	5.95794e-08	
2500.000000	0.00142982	2500.000000	0.00104456	2500.000000	0.00102309	2500.000000	0.00102183	2500.000000	0.0010445 	2500.000000	5.73786e-08	
2600.000000	0.00143916	2600.000000	0.00104862	2600.000000	0.0010244 	2600.000000	0.00102315	2600.000000	0.00104857	2600.000000	5.53401e-08	
2700.000000	0.0014492 	2700.000000	0.00105302	2700.000000	0.00102588	2700.000000	0.00102463	2700.000000	0.00105296	2700.000000	5.34466e-08	
2800.000000	0.00145988	2800.000000	0.0010577 	2800.000000	0.00102751	2800.000000	0.00102626	2800.000000	0.00105765	2800.000000	5.16828e-08	
2900.000000	0.00147115	2900.000000	0.00106265	2900.000000	0.00102925	2900.000000	0.001028  	2900.000000	0.0010626 	2900.000000	5.00357e-08	
3000.000000	0.00148295	3000.000000	0.00106784	3000.000000	0.00103108	3000.000000	0.00102984	3000.000000	0.00106779	3000.000000	4.8494e-08	
3200.000000	0.00150799	3200.000000	0.00107884	3200.000000	0.00103499	3200.000000	0.00103375	3200.000000	0.00107879	3200.000000	4.56883e-08	
3400.000000	0.00153475	3400.000000	0.00109054	3400.000000	0.00103911	3400.000000	0.00103789	3400.000000	0.00109049	3400.000000	4.31999e-08	
3600.000000	0.001563  	3600.000000	0.00110282	3600.000000	0.00104338	3600.000000	0.00104216	3600.000000	0.00110278	3600.000000	4.09772e-08	
3800.000000	0.00159257	3800.000000	0.00111558	3800.000000	0.00104774	3800.000000	0.00104652	3800.000000	0.00111554	3800.000000	3.89793e-08	
4000.000000	0.00162332	4000.000000	0.00112876	4000.000000	0.00105213	4000.000000	0.00105092	4000.000000	0.00112872	4000.000000	3.71735e-08	
4200.000000	0.00165515	4200.000000	0.00114228	4200.000000	0.00105654	4200.000000	0.00105533	4200.000000	0.00114224	4200.000000	3.55331e-08	
4400.000000	0.00168795	4400.000000	0.0011561 	4400.000000	0.00106094	4400.000000	0.00105973	4400.000000	0.00115607	4400.000000	3.4036e-08	
4600.000000	0.00172165	4600.000000	0.00117017	4600.000000	0.00106531	4600.000000	0.0010641 	4600.000000	0.00117014	4600.000000	3.26641e-08	
4800.000000	0.00175618	4800.000000	0.00118447	4800.000000	0.00106963	4800.000000	0.00106843	4800.000000	0.00118444	4800.000000	3.14021e-08	
5000.000000	0.00179149	5000.000000	0.00119895	5000.000000	0.0010739 	5000.000000	0.0010727 	5000.000000	0.00119892	5000.000000	3.02371e-08	
5250.000000	0.00183665	5250.000000	0.00121729	5250.000000	0.00107915	5250.000000	0.00107796	5250.000000	0.00121727	5250.000000	2.8901e-08	
5500.000000	0.00188288	5500.000000	0.00123586	5500.000000	0.0010843 	5500.000000	0.00108311	5500.000000	0.00123583	5500.000000	2.76818e-08	
6000.000000	0.00197829	6000.000000	0.00127351	6000.000000	0.00109428	6000.000000	0.00109309	6000.000000	0.00127349	6000.000000	2.55369e-08	
6500.000000	0.00207733	6500.000000	0.00131173	6500.000000	0.0011038 	6500.000000	0.00110262	6500.000000	0.00131171	6500.000000	2.371e-08 	
7000.000000	0.00217971	7000.000000	0.00135036	7000.000000	0.00111289	7000.000000	0.0011117 	7000.000000	0.00135033	7000.000000	2.21346e-08	
7500.000000	0.00228521	7500.000000	0.00138929	7500.000000	0.00112154	7500.000000	0.00112036	7500.000000	0.00138927	7500.000000	2.07617e-08	
8000.000000	0.00239367	8000.000000	0.00142846	8000.000000	0.0011298 	8000.000000	0.00112861	8000.000000	0.00142845	8000.000000	1.95542e-08	
8500.000000	0.00250497	8500.000000	0.00146781	8500.000000	0.00113767	8500.000000	0.00113649	8500.000000	0.00146779	8500.000000	1.84836e-08	
9000.000000	0.00261902	9000.000000	0.00150729	9000.000000	0.00114518	9000.000000	0.001144  	9000.000000	0.00150727	9000.000000	1.75276e-08	
9500.000000	0.00273574	9500.000000	0.00154687	9500.000000	0.00115237	9500.000000	0.00115119	9500.000000	0.00154685	9500.000000	1.66686e-08	
10000.000000	0.00285507	10000.000000	0.00158652	10000.000000	0.00115926	10000.000000	0.00115807	10000.000000	0.0015865 	10000.000000	1.58925e-08	
11000.000000	0.00310137	11000.000000	0.00166595	11000.000000	0.00117216	11000.000000	0.00117098	11000.000000	0.00166594	11000.000000	1.45445e-08	
12000.000000	0.00335764	12000.000000	0.00174548	12000.000000	0.00118402	12000.000000	0.00118289	12000.000000	0.00174546	12000.000000	1.34134e-08	
13000.000000	0.00362367	13000.000000	0.00182501	13000.000000	0.00119505	13000.000000	0.00119392	13000.000000	0.001825  	13000.000000	1.24503e-08	
14000.000000	0.00389935	14000.000000	0.00190451	14000.000000	0.00120539	14000.000000	0.00120419	14000.000000	0.0019045 	14000.000000	1.16201e-08	
15000.000000	0.00418459	15000.000000	0.00198393	15000.000000	0.00121508	15000.000000	0.00121379	15000.000000	0.00198392	15000.000000	1.08968e-08	
16000.000000	0.00447933	16000.000000	0.00206325	16000.000000	0.00122415	16000.000000	0.00122278	16000.000000	0.00206324	16000.000000	1.02608e-08	
17000.000000	0.00478354	17000.000000	0.00214247	17000.000000	0.00123262	17000.000000	0.00123124	17000.000000	0.00214246	17000.000000	9.69703e-09	
18000.000000	0.0050972 	18000.000000	0.00222156	18000.000000	0.00124057	18000.000000	0.00123922	18000.000000	0.00222155	18000.000000	9.19376e-09	
19000.000000	0.00542032	19000.000000	0.00230052	19000.000000	0.00124804	19000.000000	0.00124677	19000.000000	0.00230052	19000.000000	8.74165e-09	
20000.000000	0.00575289	20000.000000	0.00237936	20000.000000	0.00125509	20000.000000	0.00125393	20000.000000	0.00237935	20000.000000	8.33321e-09	
21000.000000	0.00609493	21000.000000	0.00245806	21000.000000	0.00126181	21000.000000	0.00126074	21000.000000	0.00245805	21000.000000	7.96233e-09	
22000.000000	0.00644645	22000.000000	0.00253663	22000.000000	0.00126828	22000.000000	0.00126722	22000.000000	0.00253662	22000.000000	7.62401e-09	
23000.000000	0.00680749	23000.000000	0.00261507	23000.000000	0.00127448	23000.000000	0.00127341	23000.000000	0.00261506	23000.000000	7.31411e-09	
24000.000000	0.00717808	24000.000000	0.00269337	24000.000000	0.00128039	24000.000000	0.00127933	24000.000000	0.00269337	24000.000000	7.02916e-09	
25000.000000	0.00755823	25000.000000	0.00277155	25000.000000	0.00128605	25000.000000	0.00128499	25000.000000	0.00277154	25000.000000	6.76622e-09	
26000.000000	0.007948  	26000.000000	0.0028496 	26000.000000	0.00129149	26000.000000	0.00129043	26000.000000	0.00284959	26000.000000	6.52283e-09	
27000.000000	0.00834742	27000.000000	0.00292753	27000.000000	0.00129672	27000.000000	0.00129565	27000.000000	0.00292752	27000.000000	6.29685e-09	
28000.000000	0.00875652	28000.000000	0.00300533	28000.000000	0.00130175	28000.000000	0.00130068	28000.000000	0.00300533	28000.000000	6.08646e-09	
29000.000000	0.00917535	29000.000000	0.00308302	29000.000000	0.00130657	29000.000000	0.00130552	29000.000000	0.00308301	29000.000000	5.8901e-09	
30000.000000	0.00960395	30000.000000	0.00316059	30000.000000	0.00131121	30000.000000	0.00131018	30000.000000	0.00316058	30000.000000	5.70638e-09	
32000.000000	0.0104906 	32000.000000	0.00331538	32000.000000	0.00132   	32000.000000	0.00131905	32000.000000	0.00331538	32000.000000	5.37225e-09	
34000.000000	0.011417  	34000.000000	0.00346974	34000.000000	0.00132825	34000.000000	0.00132734	34000.000000	0.00346973	34000.000000	5.07614e-09	
36000.000000	0.0123833 	36000.000000	0.00362368	36000.000000	0.001336  	36000.000000	0.00133513	36000.000000	0.00362368	36000.000000	4.81186e-09	
38000.000000	0.0133901 	38000.000000	0.00377722	38000.000000	0.00134332	38000.000000	0.00134248	38000.000000	0.00377722	38000.000000	4.57449e-09	
40000.000000	0.0144378 	40000.000000	0.00393038	40000.000000	0.00135024	40000.000000	0.00134942	40000.000000	0.00393038	40000.000000	4.36008e-09	
42000.000000	0.0155266 	42000.000000	0.00408318	42000.000000	0.0013568 	42000.000000	0.00135601	42000.000000	0.00408318	42000.000000	4.16543e-09	
44000.000000	0.0166572 	44000.000000	0.00423563	44000.000000	0.00136303	44000.000000	0.00136226	44000.000000	0.00423562	44000.000000	3.9879e-09	
46000.000000	0.0178299 	46000.000000	0.00438774	46000.000000	0.00136896	46000.000000	0.00136822	46000.000000	0.00438773	46000.000000	3.8253e-09	
48000.000000	0.0190452 	48000.000000	0.00453953	48000.000000	0.00137461	48000.000000	0.00137391	48000.000000	0.00453952	48000.000000	3.67581e-09	
50000.000000	0.0203034 	50000.000000	0.00469101	50000.000000	0.00138   	50000.000000	0.00137934	50000.000000	0.004691  	50000.000000	3.5379e-09	
