*Energy (MeV/u)1	0 - [He-base] F.Hubert et al, AD&ND Tables 46(1990)1	Energy (MeV/u)2	1 - [H -base] J.F.Ziegler et al, Pergamon Press, NY (low energy)	Energy (MeV/u)3	2 - ATIMA 1.2  LS-theory (recommended for high energy)	Energy (MeV/u)4	3 - ATIMA 1.2  without LS-correction	Energy (MeV/u)5	4 - electrical component of [1] - J.F.Ziegler et al	Energy (MeV/u)6	5 - nuclear component of [1] - J.F.Ziegler et al	
0.001000	0.251137  	0.001000	0.0507976 	0.001000	0.0539483 	0.001000	0.0539483 	0.001000	0.0390255 	0.001000	0.011772  	
0.002000	0.296594  	0.002000	0.0685214 	0.002000	0.0710308 	0.002000	0.0710308 	0.002000	0.0571367 	0.002000	0.0113847 	
0.005000	0.420039  	0.005000	0.104031  	0.005000	0.103764  	0.005000	0.103764  	0.005000	0.0945763 	0.005000	0.00945513	
0.008000	0.522849  	0.008000	0.130529  	0.008000	0.127346  	0.008000	0.127346  	0.008000	0.122475  	0.008000	0.00805397	
0.010000	0.583483  	0.010000	0.145822  	0.010000	0.140727  	0.010000	0.140727  	0.010000	0.138468  	0.010000	0.00735461	
0.015000	0.685555  	0.015000	0.179159  	0.015000	0.169445  	0.015000	0.169445  	0.015000	0.173061  	0.015000	0.00609798	
0.020000	0.765519  	0.020000	0.207983  	0.020000	0.193871  	0.020000	0.193871  	0.020000	0.202729  	0.020000	0.00525425	
0.025000	0.852439  	0.025000	0.232915  	0.025000	0.215272  	0.025000	0.215272  	0.025000	0.228273  	0.025000	0.00464264	
0.030000	0.922901  	0.030000	0.254239  	0.030000	0.255049  	0.030000	0.255049  	0.030000	0.250063  	0.030000	0.0041756 	
0.035000	0.979257  	0.035000	0.274617  	0.035000	0.281044  	0.035000	0.281044  	0.035000	0.270812  	0.035000	0.00380536	
0.040000	1.02249   	0.040000	0.292783  	0.040000	0.299464  	0.040000	0.299464  	0.040000	0.289279  	0.040000	0.00350345	
0.045000	1.0533    	0.045000	0.30911   	0.045000	0.314546  	0.045000	0.314546  	0.045000	0.305858  	0.045000	0.0032518 	
0.050000	1.07256   	0.050000	0.324119  	0.050000	0.328042  	0.050000	0.328042  	0.050000	0.321081  	0.050000	0.0030383 	
0.055000	1.11526   	0.055000	0.337866  	0.055000	0.340532  	0.055000	0.340532  	0.055000	0.335011  	0.055000	0.00285453	
0.060000	1.15077   	0.060000	0.350426  	0.060000	0.352178  	0.060000	0.352178  	0.060000	0.347732  	0.060000	0.00269442	
0.070000	1.20249   	0.070000	0.372311  	0.070000	0.373064  	0.070000	0.373064  	0.070000	0.369883  	0.070000	0.00242835	
0.080000	1.25793   	0.080000	0.390387  	0.080000	0.390834  	0.080000	0.390834  	0.080000	0.388172  	0.080000	0.00221547	
0.090000	1.29789   	0.090000	0.405196  	0.090000	0.405692  	0.090000	0.405692  	0.090000	0.403155  	0.090000	0.00204075	
0.100000	1.32739   	0.100000	0.4172    	0.100000	0.417917  	0.100000	0.417917  	0.100000	0.415314  	0.100000	0.00188563	
0.120000	1.34613   	0.120000	0.438595  	0.120000	0.435753  	0.120000	0.435753  	0.120000	0.436948  	0.120000	0.00164729	
0.140000	1.3494    	0.140000	0.454389  	0.140000	0.446702  	0.140000	0.446702  	0.140000	0.452917  	0.140000	0.00147245	
0.160000	1.34952   	0.160000	0.466181  	0.160000	0.4527    	0.160000	0.4527    	0.160000	0.464846  	0.160000	0.00133425	
0.180000	1.34788   	0.180000	0.472775  	0.180000	0.455232  	0.180000	0.455232  	0.180000	0.471554  	0.180000	0.00122195	
0.200000	1.35145   	0.200000	0.477552  	0.200000	0.45539   	0.200000	0.45539   	0.200000	0.476423  	0.200000	0.00112869	
0.250000	1.3238    	0.250000	0.480411  	0.250000	0.449953  	0.250000	0.449953  	0.250000	0.479459  	0.250000	0.000951988	
0.300000	1.31949   	0.300000	0.492808  	0.300000	0.443539  	0.300000	0.443539  	0.300000	0.491982  	0.300000	0.000826711	
0.350000	1.30415   	0.350000	0.496166  	0.350000	0.436924  	0.350000	0.436924  	0.350000	0.495433  	0.350000	0.000732805	
0.400000	1.28214   	0.400000	0.496196  	0.400000	0.428881  	0.400000	0.428881  	0.400000	0.495536  	0.400000	0.000659544	
0.450000	1.25316   	0.450000	0.491558  	0.450000	0.419556  	0.450000	0.419556  	0.450000	0.490957  	0.450000	0.000600641	
0.500000	1.22499   	0.500000	0.486804  	0.500000	0.410531  	0.500000	0.410531  	0.500000	0.486252  	0.500000	0.000552153	
0.600000	1.12421   	0.600000	0.475707  	0.600000	0.393685  	0.600000	0.393685  	0.600000	0.47523   	0.600000	0.000476821	
0.700000	1.02331   	0.700000	0.458119  	0.700000	0.378403  	0.700000	0.378403  	0.700000	0.457698  	0.700000	0.000420802	
0.800000	0.978718  	0.800000	0.453405  	0.800000	0.364455  	0.800000	0.364455  	0.800000	0.453028  	0.800000	0.000377371	
0.900000	0.931213  	0.900000	0.444102  	0.900000	0.351614  	0.900000	0.351614  	0.900000	0.443759  	0.900000	0.000342631	
1.000000	0.884063  	1.000000	0.429894  	1.000000	0.33878   	1.000000	0.33878   	1.000000	0.42958   	1.000000	0.000314156	
1.250000	0.775919  	1.250000	0.387759  	1.250000	0.311241  	1.250000	0.311241  	1.250000	0.387498  	1.250000	0.000261132	
1.500000	0.67367   	1.500000	0.320417  	1.500000	0.288363  	1.500000	0.288363  	1.500000	0.320193  	1.500000	0.000224287	
1.750000	0.598732  	1.750000	0.280431  	1.750000	0.268563  	1.750000	0.268563  	1.750000	0.280234  	1.750000	0.000197085	
2.000000	0.540787  	2.000000	0.253918  	2.000000	0.251182  	2.000000	0.251182  	2.000000	0.253742  	2.000000	0.000176118	
2.250000	0.495038  	2.250000	0.234442  	2.250000	0.235744  	2.250000	0.235744  	2.250000	0.234282  	2.250000	0.000159425	
2.500000	0.441819  	2.500000	0.219044  	2.500000	0.222001  	2.500000	0.222001  	2.500000	0.218899  	2.500000	0.000145798	
3.000000	0.388211  	3.000000	0.195292  	3.000000	0.198761  	3.000000	0.198761  	3.000000	0.195167  	3.000000	0.000124837	
3.500000	0.3469    	3.500000	0.177164  	3.500000	0.18003   	3.500000	0.18003   	3.500000	0.177054  	3.500000	0.000109422	
4.000000	0.314035  	4.000000	0.162603  	4.000000	0.164725  	4.000000	0.164725  	4.000000	0.162506  	4.000000	9.75786e-05	
4.500000	0.287231  	4.500000	0.150578  	4.500000	0.15204   	4.500000	0.15204   	4.500000	0.15049   	4.500000	8.81745e-05	
5.000000	0.264927  	5.000000	0.140456  	5.000000	0.141379  	5.000000	0.141379  	5.000000	0.140375  	5.000000	8.05146e-05	
5.500000	0.24606   	5.500000	0.131808  	5.500000	0.132303  	5.500000	0.132303  	5.500000	0.131734  	5.500000	7.41471e-05	
6.000000	0.229882  	6.000000	0.124328  	6.000000	0.124484  	6.000000	0.124484  	6.000000	0.12426   	6.000000	6.87649e-05	
6.500000	0.215845  	6.500000	0.117789  	6.500000	0.117676  	6.500000	0.117676  	6.500000	0.117725  	6.500000	6.41518e-05	
7.000000	0.203545  	7.000000	0.112019  	7.000000	0.111692  	7.000000	0.111692  	7.000000	0.111958  	7.000000	6.01511e-05	
7.500000	0.192673  	7.500000	0.106884  	7.500000	0.106385  	7.500000	0.106385  	7.500000	0.106827  	7.500000	5.66464e-05	
8.000000	0.18299   	8.000000	0.102282  	8.000000	0.101645  	8.000000	0.101645  	8.000000	0.102228  	8.000000	5.35492e-05	
8.500000	0.174307  	8.500000	0.0981293 	8.500000	0.0973796 	8.500000	0.0973796 	8.500000	0.0980785 	8.500000	5.07911e-05	
9.000000	0.166474  	9.000000	0.0943612 	9.000000	0.0935192 	9.000000	0.0935192 	9.000000	0.0943129 	9.000000	4.83183e-05	
9.500000	0.159371  	9.500000	0.0909237 	9.500000	0.0900056 	9.500000	0.0900056 	9.500000	0.0908776 	9.500000	4.60879e-05	
10.000000	0.152898  	10.000000	0.0883546 	10.000000	0.0867918 	10.000000	0.0867918 	10.000000	0.0883105 	10.000000	4.40653e-05	
11.000000	0.14153   	11.000000	0.0832674 	11.000000	0.0813296 	11.000000	0.08135   	11.000000	0.0832269 	11.000000	4.05353e-05	
12.000000	0.131863  	12.000000	0.0787306 	12.000000	0.0766323 	12.000000	0.0766656 	12.000000	0.078693  	12.000000	3.75557e-05	
13.000000	0.123537  	13.000000	0.0746715 	13.000000	0.0725411 	13.000000	0.0725821 	13.000000	0.0746365 	13.000000	3.50051e-05	
14.000000	0.116287  	14.000000	0.071025  	14.000000	0.0689399 	14.000000	0.0689841 	14.000000	0.0709922 	14.000000	3.27955e-05	
15.000000	0.109913  	15.000000	0.067735  	15.000000	0.0657409 	15.000000	0.065785  	15.000000	0.0677041 	15.000000	3.08618e-05	
16.000000	0.104263  	16.000000	0.0647539 	16.000000	0.0628753 	16.000000	0.0629186 	16.000000	0.0647247 	16.000000	2.91546e-05	
17.000000	0.0992183 	17.000000	0.0620414 	17.000000	0.0602905 	17.000000	0.0603329 	17.000000	0.0620137 	17.000000	2.76355e-05	
18.000000	0.0946851 	18.000000	0.0595635 	18.000000	0.0579469 	18.000000	0.0579865 	18.000000	0.0595372 	18.000000	2.62746e-05	
19.000000	0.090588  	19.000000	0.0572916 	19.000000	0.0558098 	19.000000	0.055846  	19.000000	0.0572666 	19.000000	2.50481e-05	
20.000000	0.0868659 	20.000000	0.0552013 	20.000000	0.0538494 	20.000000	0.0538843 	20.000000	0.0551773 	20.000000	2.39366e-05	
21.000000	0.0834687 	21.000000	0.0532717 	21.000000	0.0520415 	21.000000	0.0520752 	21.000000	0.0532487 	21.000000	2.29244e-05	
22.000000	0.0803549 	22.000000	0.0514851 	22.000000	0.050374  	22.000000	0.0504035 	22.000000	0.0514631 	22.000000	2.19985e-05	
23.000000	0.0774897 	23.000000	0.0498261 	23.000000	0.048834  	23.000000	0.0488575 	23.000000	0.049805  	23.000000	2.11483e-05	
24.000000	0.0748442 	24.000000	0.0482817 	24.000000	0.0474008 	24.000000	0.04742   	24.000000	0.0482613 	24.000000	2.03645e-05	
25.000000	0.0723934 	25.000000	0.0468402 	25.000000	0.0460627 	25.000000	0.0460794 	25.000000	0.0468205 	25.000000	1.96396e-05	
27.000000	0.0679946 	27.000000	0.0442274 	27.000000	0.0436397 	27.000000	0.0436512 	27.000000	0.044209  	27.000000	1.83414e-05	
29.000000	0.0641571 	29.000000	0.0419216 	29.000000	0.0415041 	29.000000	0.0415091 	29.000000	0.0419044 	29.000000	1.72119e-05	
31.000000	0.060778  	31.000000	0.0398714 	31.000000	0.0395492 	31.000000	0.0395478 	31.000000	0.0398552 	31.000000	1.62196e-05	
33.000000	0.0577785 	33.000000	0.0380363 	33.000000	0.037749  	33.000000	0.0377418 	33.000000	0.0380209 	33.000000	1.53407e-05	
35.000000	0.055097  	35.000000	0.0363837 	35.000000	0.0361302 	35.000000	0.0361181 	35.000000	0.0363692 	35.000000	1.45564e-05	
38.000000	0.0515664 	38.000000	0.0341913 	38.000000	0.0339849 	38.000000	0.0339666 	38.000000	0.0341778 	38.000000	1.35261e-05	
41.000000	0.0485166 	41.000000	0.0322826 	41.000000	0.0321183 	41.000000	0.0320949 	41.000000	0.03227   	41.000000	1.26382e-05	
44.000000	0.0458538 	44.000000	0.0306054 	44.000000	0.0304777 	44.000000	0.0304503 	44.000000	0.0305935 	44.000000	1.18647e-05	
47.000000	0.0435075 	47.000000	0.0291195 	47.000000	0.0290244 	47.000000	0.0289928 	47.000000	0.0291084 	47.000000	1.11845e-05	
50.000000	0.0414235 	50.000000	0.0277937 	50.000000	0.0277228 	50.000000	0.0276915 	50.000000	0.0277832 	50.000000	1.05814e-05	
55.000000	0.0384215 	55.000000	0.0258747 	55.000000	0.0258386 	55.000000	0.0258056 	55.000000	0.0258649 	55.000000	9.71466e-06	
60.000000	0.0358868 	60.000000	0.0242463 	60.000000	0.0242382 	60.000000	0.0242028 	60.000000	0.0242373 	60.000000	8.98477e-06	
65.000000	0.0337162 	65.000000	0.0228467 	65.000000	0.0228569 	65.000000	0.0228224 	65.000000	0.0228383 	65.000000	8.36128e-06	
70.000000	0.0318351 	70.000000	0.0216302 	70.000000	0.0216583 	70.000000	0.0216204 	70.000000	0.0216224 	70.000000	7.82221e-06	
75.000000	0.030188  	75.000000	0.0205629 	75.000000	0.0205997 	75.000000	0.0205638 	75.000000	0.0205555 	75.000000	7.35127e-06	
80.000000	0.028733  	80.000000	0.0196185 	80.000000	0.0196646 	80.000000	0.0196271 	80.000000	0.0196116 	80.000000	6.93613e-06	
85.000000	0.0274377 	85.000000	0.0187769 	85.000000	0.0188265 	85.000000	0.0187909 	85.000000	0.0187703 	85.000000	6.56731e-06	
90.000000	0.0262766 	90.000000	0.0180219 	90.000000	0.0180764 	90.000000	0.0180395 	90.000000	0.0180157 	90.000000	6.23735e-06	
95.000000	0.0252293 	95.000000	0.0173407 	95.000000	0.0173956 	95.000000	0.0173604 	95.000000	0.0173348 	95.000000	5.94033e-06	
100.000000	0.0242796 	100.000000	0.0167229 	100.000000	0.01678   	100.000000	0.0167436 	100.000000	0.0167172 	100.000000	5.67149e-06	
105.000000	0.0234142 	105.000000	0.01616   	105.000000	0.0162157 	105.000000	0.0161808 	105.000000	0.0161545 	105.000000	5.42695e-06	
110.000000	0.022622  	110.000000	0.0156448 	110.000000	0.0157007 	110.000000	0.015665  	110.000000	0.0156396 	110.000000	5.2035e-06	
115.000000	0.0218939 	115.000000	0.0151716 	115.000000	0.0152256 	115.000000	0.0151907 	115.000000	0.0151666 	115.000000	4.9985e-06	
120.000000	0.0212222 	120.000000	0.0147352 	120.000000	0.0147874 	120.000000	0.0147529 	120.000000	0.0147304 	120.000000	4.80971e-06	
125.000000	0.0206005 	125.000000	0.0143317 	125.000000	0.0143826 	125.000000	0.0143475 	125.000000	0.0143271 	125.000000	4.63526e-06	
130.000000	0.0200232 	130.000000	0.0139573 	130.000000	0.0140049 	130.000000	0.013971  	130.000000	0.0139529 	130.000000	4.47356e-06	
135.000000	0.0194857 	135.000000	0.0136091 	135.000000	0.013653  	135.000000	0.0136205 	135.000000	0.0136047 	135.000000	4.32323e-06	
140.000000	0.0189838 	140.000000	0.0132842 	140.000000	0.0133261 	140.000000	0.0132933 	140.000000	0.01328   	140.000000	4.1831e-06	
145.000000	0.018514  	145.000000	0.0129805 	145.000000	0.0130203 	145.000000	0.0129872 	145.000000	0.0129765 	145.000000	4.05215e-06	
150.000000	0.0180733 	150.000000	0.012696  	150.000000	0.0127321 	150.000000	0.0127001 	150.000000	0.0126921 	150.000000	3.9295e-06	
155.000000	0.0174528 	155.000000	0.0124288 	155.000000	0.0124626 	155.000000	0.0124304 	155.000000	0.012425  	155.000000	3.81436e-06	
160.000000	0.0170891 	160.000000	0.0121774 	160.000000	0.012209  	160.000000	0.0121765 	160.000000	0.0121737 	160.000000	3.70606e-06	
165.000000	0.0167462 	165.000000	0.0119405 	165.000000	0.0119687 	165.000000	0.0119371 	165.000000	0.0119369 	165.000000	3.604e-06 	
170.000000	0.0164222 	170.000000	0.0117168 	170.000000	0.0117424 	170.000000	0.0117109 	170.000000	0.0117133 	170.000000	3.50765e-06	
175.000000	0.0161156 	175.000000	0.0115053 	175.000000	0.011529  	175.000000	0.011497  	175.000000	0.0115019 	175.000000	3.41653e-06	
180.000000	0.0158251 	180.000000	0.0113049 	180.000000	0.0113258 	180.000000	0.0112943 	180.000000	0.0113016 	180.000000	3.33022e-06	
185.000000	0.0155494 	185.000000	0.0111149 	185.000000	0.0111325 	185.000000	0.0111019 	185.000000	0.0111117 	185.000000	3.24836e-06	
190.000000	0.0152873 	190.000000	0.0109344 	190.000000	0.010949  	190.000000	0.0109191 	190.000000	0.0109313 	190.000000	3.17058e-06	
195.000000	0.015038  	195.000000	0.0107628 	195.000000	0.0107752 	195.000000	0.0107453 	195.000000	0.0107597 	195.000000	3.0966e-06	
200.000000	0.0148004 	200.000000	0.0105994 	200.000000	0.01061   	200.000000	0.0105797 	200.000000	0.0105963 	200.000000	3.02614e-06	
210.000000	0.0143573 	210.000000	0.0102949 	210.000000	0.0103006 	210.000000	0.0102712 	210.000000	0.010292  	210.000000	2.8948e-06	
220.000000	0.0139523 	220.000000	0.010017  	220.000000	0.0100192 	220.000000	0.00998953	220.000000	0.0100142 	220.000000	2.77484e-06	
230.000000	0.0135806 	230.000000	0.00976232	230.000000	0.00976058	230.000000	0.00973141	230.000000	0.00975965	230.000000	2.66481e-06	
240.000000	0.0132384 	240.000000	0.00952815	240.000000	0.00952203	240.000000	0.00949405	240.000000	0.00952559	240.000000	2.56352e-06	
250.000000	0.0129222 	250.000000	0.00931209	250.000000	0.00930321	250.000000	0.00927507	250.000000	0.00930962	250.000000	2.46995e-06	
260.000000	0.0126291 	260.000000	0.00911214	260.000000	0.00910049	260.000000	0.00907246	260.000000	0.00910976	260.000000	2.38324e-06	
270.000000	0.0123567 	270.000000	0.00892658	270.000000	0.0089119 	270.000000	0.00888449	270.000000	0.00892428	270.000000	2.30265e-06	
280.000000	0.0121029 	280.000000	0.00875392	280.000000	0.00873748	280.000000	0.00870966	280.000000	0.0087517 	280.000000	2.22755e-06	
290.000000	0.0118658 	290.000000	0.00859289	290.000000	0.00857403	290.000000	0.00854667	290.000000	0.00859073	290.000000	2.15738e-06	
300.000000	0.0116439 	300.000000	0.00844235	300.000000	0.00842089	300.000000	0.00839439	300.000000	0.00844026	300.000000	2.09168e-06	
310.000000	0.0114357 	310.000000	0.00830134	310.000000	0.00827802	310.000000	0.00825184	310.000000	0.00829931	310.000000	2.03002e-06	
320.000000	0.01124   	320.000000	0.00816899	320.000000	0.00814463	320.000000	0.00811813	320.000000	0.00816702	320.000000	1.97203e-06	
330.000000	0.0110558 	330.000000	0.00804455	330.000000	0.00801885	330.000000	0.0079925 	330.000000	0.00804263	330.000000	1.91739e-06	
340.000000	0.010882  	340.000000	0.00792734	340.000000	0.00789996	340.000000	0.00787427	340.000000	0.00792548	340.000000	1.86582e-06	
350.000000	0.0107178 	350.000000	0.00781677	350.000000	0.00778794	350.000000	0.00776282	350.000000	0.00781495	350.000000	1.81706e-06	
360.000000	0.0105625 	360.000000	0.0077123 	360.000000	0.00768273	360.000000	0.00765761	360.000000	0.00771053	360.000000	1.77089e-06	
370.000000	0.0104154 	370.000000	0.00761346	370.000000	0.00758355	370.000000	0.00755816	370.000000	0.00761173	370.000000	1.72709e-06	
380.000000	0.0102758 	380.000000	0.00751981	380.000000	0.00748915	380.000000	0.00746403	380.000000	0.00751812	380.000000	1.6855e-06	
390.000000	0.0101432 	390.000000	0.00743097	390.000000	0.00739952	390.000000	0.00737483	390.000000	0.00742933	390.000000	1.64594e-06	
400.000000	0.0100171 	400.000000	0.0073466 	400.000000	0.00731496	400.000000	0.00729019	400.000000	0.00734499	400.000000	1.60827e-06	
410.000000	0.00989709	410.000000	0.00726637	410.000000	0.00723478	410.000000	0.0072098 	410.000000	0.0072648 	410.000000	1.57235e-06	
420.000000	0.00978269	420.000000	0.00719   	420.000000	0.00715817	420.000000	0.00713336	420.000000	0.00718846	420.000000	1.53807e-06	
430.000000	0.00967355	430.000000	0.00711723	430.000000	0.00708498	430.000000	0.0070606 	430.000000	0.00711573	430.000000	1.5053e-06	
440.000000	0.00956933	440.000000	0.00704783	440.000000	0.00701522	440.000000	0.00699129	440.000000	0.00704636	440.000000	1.47396e-06	
450.000000	0.00946972	450.000000	0.00698158	450.000000	0.00694887	450.000000	0.00692519	450.000000	0.00698013	450.000000	1.44395e-06	
460.000000	0.00937443	460.000000	0.00691827	460.000000	0.00688583	460.000000	0.00686212	460.000000	0.00691685	460.000000	1.41519e-06	
470.000000	0.0092832 	470.000000	0.00685773	470.000000	0.00682576	470.000000	0.00680187	470.000000	0.00685634	470.000000	1.38759e-06	
480.000000	0.0091958 	480.000000	0.00679978	480.000000	0.00676836	480.000000	0.00674443	480.000000	0.00679842	480.000000	1.36109e-06	
490.000000	0.00911199	490.000000	0.00674429	490.000000	0.00671334	490.000000	0.00668962	490.000000	0.00674295	490.000000	1.33563e-06	
500.000000	0.00903158	500.000000	0.00669109	500.000000	0.00666052	500.000000	0.00663713	500.000000	0.00668978	500.000000	1.31113e-06	
520.000000	0.00888019	520.000000	0.0065911 	520.000000	0.0065614 	520.000000	0.00653861	520.000000	0.00658983	520.000000	1.26485e-06	
540.000000	0.00874027	540.000000	0.00649886	540.000000	0.00647076	540.000000	0.00644791	540.000000	0.00649764	540.000000	1.22184e-06	
560.000000	0.00861065	560.000000	0.00641358	560.000000	0.00638719	560.000000	0.00636423	560.000000	0.0064124 	560.000000	1.18177e-06	
580.000000	0.00849033	580.000000	0.00633456	580.000000	0.00630937	580.000000	0.00628685	580.000000	0.00633342	580.000000	1.14435e-06	
600.000000	0.00837842	600.000000	0.00626119	600.000000	0.00623762	600.000000	0.00621515	600.000000	0.00626008	600.000000	1.1093e-06	
620.000000	0.00827414	620.000000	0.00619294	620.000000	0.00617126	620.000000	0.00614859	620.000000	0.00619186	620.000000	1.07643e-06	
640.000000	0.00817683	640.000000	0.00612934	640.000000	0.00610917	640.000000	0.0060867 	640.000000	0.00612829	640.000000	1.04551e-06	
660.000000	0.00808587	660.000000	0.00606998	660.000000	0.0060511 	660.000000	0.00602906	660.000000	0.00606896	660.000000	1.01639e-06	
680.000000	0.00800074	680.000000	0.0060145 	680.000000	0.00599698	680.000000	0.00597529	680.000000	0.00601351	680.000000	9.8891e-07	
700.000000	0.00792096	700.000000	0.00596257	700.000000	0.00594665	700.000000	0.00592507	700.000000	0.00596161	700.000000	9.62931e-07	
720.000000	0.00784612	720.000000	0.00591392	720.000000	0.00589983	720.000000	0.00587811	720.000000	0.00591298	720.000000	9.38332e-07	
740.000000	0.00777582	740.000000	0.00586827	740.000000	0.00585594	740.000000	0.00583413	740.000000	0.00586736	740.000000	9.15006e-07	
760.000000	0.00770974	760.000000	0.0058254 	760.000000	0.00581456	760.000000	0.0057929 	760.000000	0.00582451	760.000000	8.92854e-07	
780.000000	0.00764757	780.000000	0.00578511	780.000000	0.00577559	780.000000	0.00575422	780.000000	0.00578423	780.000000	8.7179e-07	
800.000000	0.00758903	800.000000	0.00574719	800.000000	0.00573896	800.000000	0.00571788	800.000000	0.00574634	800.000000	8.51734e-07	
820.000000	0.00753386	820.000000	0.00571149	820.000000	0.00570458	820.000000	0.00568372	820.000000	0.00571066	820.000000	8.32614e-07	
840.000000	0.00748185	840.000000	0.00567785	840.000000	0.00567238	840.000000	0.00565158	840.000000	0.00567704	840.000000	8.14366e-07	
860.000000	0.00743277	860.000000	0.00564613	860.000000	0.00564219	860.000000	0.00562131	860.000000	0.00564533	860.000000	7.96931e-07	
880.000000	0.00738646	880.000000	0.0056162 	880.000000	0.00561378	880.000000	0.00559279	880.000000	0.00561542	880.000000	7.80254e-07	
900.000000	0.00734272	900.000000	0.00558794	900.000000	0.0055869 	900.000000	0.00556589	900.000000	0.00558718	900.000000	7.64287e-07	
920.000000	0.0073014 	920.000000	0.00556125	920.000000	0.00556142	920.000000	0.00554052	920.000000	0.00556051	920.000000	7.48984e-07	
940.000000	0.00726236	940.000000	0.00553604	940.000000	0.00553728	940.000000	0.00551656	940.000000	0.0055353 	940.000000	7.34305e-07	
960.000000	0.00722546	960.000000	0.0055122 	960.000000	0.00551444	960.000000	0.00549393	960.000000	0.00551148	960.000000	7.20212e-07	
980.000000	0.00719059	980.000000	0.00548967	980.000000	0.00549286	980.000000	0.00547254	980.000000	0.00548896	980.000000	7.0667e-07	
1000.000000	0.00715761	1000.000000	0.00546835	1000.000000	0.00547248	1000.000000	0.00545232	1000.000000	0.00546766	1000.000000	6.93646e-07	
1020.000000	0.00712644	1020.000000	0.00544819	1020.000000	0.00545328	1020.000000	0.0054332 	1020.000000	0.00544751	1020.000000	6.81112e-07	
1040.000000	0.00709697	1040.000000	0.00542912	1040.000000	0.00543519	1040.000000	0.0054151 	1040.000000	0.00542845	1040.000000	6.69039e-07	
1060.000000	0.00706911	1060.000000	0.00541107	1060.000000	0.00541814	1060.000000	0.00539798	1060.000000	0.00541042	1060.000000	6.57403e-07	
1080.000000	0.00704277	1080.000000	0.005394  	1080.000000	0.005402  	1080.000000	0.00538176	1080.000000	0.00539335	1080.000000	6.4618e-07	
1100.000000	0.00701789	1100.000000	0.00537784	1100.000000	0.00538669	1100.000000	0.00536641	1100.000000	0.00537721	1100.000000	6.35347e-07	
1120.000000	0.00699438	1120.000000	0.00536256	1120.000000	0.00537212	1120.000000	0.00535186	1120.000000	0.00536193	1120.000000	6.24886e-07	
1140.000000	0.00697218	1140.000000	0.0053481 	1140.000000	0.00535824	1140.000000	0.00533808	1140.000000	0.00534748	1140.000000	6.14776e-07	
1160.000000	0.00695123	1160.000000	0.00533443	1160.000000	0.00534506	1160.000000	0.00532503	1160.000000	0.00533382	1160.000000	6.05e-07  	
1180.000000	0.00693146	1180.000000	0.0053215 	1180.000000	0.00533258	1180.000000	0.00531266	1180.000000	0.0053209 	1180.000000	5.95541e-07	
1200.000000	0.00691283	1200.000000	0.00530928	1200.000000	0.00532078	1200.000000	0.00530094	1200.000000	0.00530869	1200.000000	5.86385e-07	
1220.000000	0.00689527	1220.000000	0.00529774	1220.000000	0.00530966	1220.000000	0.00528983	1220.000000	0.00529716	1220.000000	5.77517e-07	
1240.000000	0.00687874	1240.000000	0.00528683	1240.000000	0.00529916	1240.000000	0.00527931	1240.000000	0.00528627	1240.000000	5.68922e-07	
1260.000000	0.0068632 	1260.000000	0.00527655	1260.000000	0.00528924	1260.000000	0.00526933	1260.000000	0.00527599	1260.000000	5.60589e-07	
1280.000000	0.0068486 	1280.000000	0.00526684	1280.000000	0.00527985	1280.000000	0.00525988	1280.000000	0.00526629	1280.000000	5.52506e-07	
1300.000000	0.00683489	1300.000000	0.0052577 	1300.000000	0.00527094	1300.000000	0.00525093	1300.000000	0.00525715	1300.000000	5.44661e-07	
1320.000000	0.00682206	1320.000000	0.00524908	1320.000000	0.00526247	1320.000000	0.00524245	1320.000000	0.00524855	1320.000000	5.37044e-07	
1340.000000	0.00681004	1340.000000	0.00524098	1340.000000	0.00525442	1340.000000	0.00523442	1340.000000	0.00524045	1340.000000	5.29645e-07	
1360.000000	0.00679882	1360.000000	0.00523337	1360.000000	0.00524677	1360.000000	0.00522682	1360.000000	0.00523284	1360.000000	5.22455e-07	
1380.000000	0.00678837	1380.000000	0.00522622	1380.000000	0.0052395 	1380.000000	0.00521962	1380.000000	0.0052257 	1380.000000	5.15464e-07	
1400.000000	0.00677864	1400.000000	0.00521952	1400.000000	0.00523261	1400.000000	0.00521282	1400.000000	0.00521901	1400.000000	5.08665e-07	
1420.000000	0.00676961	1420.000000	0.00521324	1420.000000	0.00522608	1420.000000	0.00520638	1420.000000	0.00521274	1420.000000	5.02049e-07	
1440.000000	0.00676126	1440.000000	0.00520738	1440.000000	0.00521991	1440.000000	0.0052003 	1440.000000	0.00520689	1440.000000	4.9561e-07	
1460.000000	0.00675356	1460.000000	0.00520192	1460.000000	0.00521407	1460.000000	0.00519455	1460.000000	0.00520143	1460.000000	4.8934e-07	
1480.000000	0.00674649	1480.000000	0.00519683	1480.000000	0.00520856	1480.000000	0.00518912	1480.000000	0.00519634	1480.000000	4.83232e-07	
1500.000000	0.00674001	1500.000000	0.0051921 	1500.000000	0.00520336	1500.000000	0.005184  	1500.000000	0.00519163	1500.000000	4.77281e-07	
1520.000000	0.00673412	1520.000000	0.00518773	1520.000000	0.00519847	1520.000000	0.00517917	1520.000000	0.00518726	1520.000000	4.71479e-07	
1540.000000	0.00672879	1540.000000	0.00518369	1540.000000	0.00519387	1540.000000	0.00517462	1540.000000	0.00518322	1540.000000	4.65823e-07	
1560.000000	0.00672399	1560.000000	0.00517997	1560.000000	0.00518955	1560.000000	0.00517034	1560.000000	0.00517951	1560.000000	4.60305e-07	
1580.000000	0.00671972	1580.000000	0.00517657	1580.000000	0.00518549	1580.000000	0.00516631	1580.000000	0.00517611	1580.000000	4.54921e-07	
1600.000000	0.00671594	1600.000000	0.00517346	1600.000000	0.0051817 	1600.000000	0.00516253	1600.000000	0.00517301	1600.000000	4.49667e-07	
1620.000000	0.00671266	1620.000000	0.00517065	1620.000000	0.00517816	1620.000000	0.00515898	1620.000000	0.0051702 	1620.000000	4.44536e-07	
1640.000000	0.00670984	1640.000000	0.00516811	1640.000000	0.00517485	1640.000000	0.00515566	1640.000000	0.00516767	1640.000000	4.39526e-07	
1660.000000	0.00670748	1660.000000	0.00516584	1660.000000	0.00517177	1660.000000	0.00515255	1660.000000	0.0051654 	1660.000000	4.34632e-07	
1680.000000	0.00670555	1680.000000	0.00516383	1680.000000	0.00516889	1680.000000	0.00514965	1680.000000	0.0051634 	1680.000000	4.29849e-07	
1700.000000	0.00670406	1700.000000	0.00516207	1700.000000	0.00516621	1700.000000	0.00514694	1700.000000	0.00516164	1700.000000	4.25175e-07	
1750.000000	0.00670208	1750.000000	0.0051587 	1750.000000	0.00516032	1750.000000	0.00514099	1750.000000	0.00515829	1750.000000	4.13937e-07	
1800.000000	0.00670248	1800.000000	0.00515672	1800.000000	0.00515545	1800.000000	0.0051361 	1800.000000	0.00515632	1800.000000	4.03298e-07	
1850.000000	0.00670509	1850.000000	0.00515601	1850.000000	0.00515148	1850.000000	0.00513216	1850.000000	0.00515562	1850.000000	3.93212e-07	
1900.000000	0.00670974	1900.000000	0.00515648	1900.000000	0.00514835	1900.000000	0.0051291 	1900.000000	0.0051561 	1900.000000	3.83636e-07	
1950.000000	0.00671629	1950.000000	0.00515803	1950.000000	0.00514598	1950.000000	0.00512682	1950.000000	0.00515765	1950.000000	3.74531e-07	
2000.000000	0.00672462	2000.000000	0.00516058	2000.000000	0.00514431	2000.000000	0.00512526	2000.000000	0.00516021	2000.000000	3.65863e-07	
2100.000000	0.00674616	2100.000000	0.00516841	2100.000000	0.00514285	2100.000000	0.005124  	2100.000000	0.00516806	2100.000000	3.49717e-07	
2200.000000	0.00677353	2200.000000	0.00517945	2200.000000	0.00514358	2200.000000	0.00512489	2200.000000	0.00517912	2200.000000	3.34982e-07	
2300.000000	0.00680607	2300.000000	0.00519329	2300.000000	0.00514613	2300.000000	0.00512755	2300.000000	0.00519297	2300.000000	3.2148e-07	
2400.000000	0.00684322	2400.000000	0.00520958	2400.000000	0.00515023	2400.000000	0.00513167	2400.000000	0.00520928	2400.000000	3.09059e-07	
2500.000000	0.00688448	2500.000000	0.00522803	2500.000000	0.00515569	2500.000000	0.00513711	2500.000000	0.00522773	2500.000000	2.97594e-07	
2600.000000	0.00692947	2600.000000	0.00524837	2600.000000	0.00516276	2600.000000	0.00514413	2600.000000	0.00524809	2600.000000	2.86976e-07	
2700.000000	0.00697783	2700.000000	0.00527041	2700.000000	0.00517065	2700.000000	0.00515197	2700.000000	0.00527013	2700.000000	2.77116e-07	
2800.000000	0.00702925	2800.000000	0.00529395	2800.000000	0.00517923	2800.000000	0.00516051	2800.000000	0.00529368	2800.000000	2.67932e-07	
2900.000000	0.00708349	2900.000000	0.00531884	2900.000000	0.00518835	2900.000000	0.00516963	2900.000000	0.00531858	2900.000000	2.59358e-07	
3000.000000	0.0071403 	3000.000000	0.00534493	3000.000000	0.00519792	3000.000000	0.00517922	3000.000000	0.00534468	3000.000000	2.51333e-07	
3200.000000	0.00726091	3200.000000	0.00540029	3200.000000	0.00521814	3200.000000	0.00519952	3200.000000	0.00540006	3200.000000	2.36733e-07	
3400.000000	0.00738974	3400.000000	0.00545924	3400.000000	0.00523939	3400.000000	0.00522088	3400.000000	0.00545901	3400.000000	2.23787e-07	
3600.000000	0.00752576	3600.000000	0.00552115	3600.000000	0.00526133	3600.000000	0.00524293	3600.000000	0.00552093	3600.000000	2.12227e-07	
3800.000000	0.00766815	3800.000000	0.00558554	3800.000000	0.00528369	3800.000000	0.00526536	3800.000000	0.00558533	3800.000000	2.01839e-07	
4000.000000	0.00781622	4000.000000	0.00565201	4000.000000	0.00530624	4000.000000	0.00528798	4000.000000	0.00565182	4000.000000	1.92451e-07	
4200.000000	0.00796945	4200.000000	0.00572027	4200.000000	0.00532883	4200.000000	0.00531063	4200.000000	0.00572008	4200.000000	1.83925e-07	
4400.000000	0.00812738	4400.000000	0.00579004	4400.000000	0.00535135	4400.000000	0.00533319	4400.000000	0.00578986	4400.000000	1.76146e-07	
4600.000000	0.00828963	4600.000000	0.00586111	4600.000000	0.0053737 	4600.000000	0.00535558	4600.000000	0.00586094	4600.000000	1.69018e-07	
4800.000000	0.0084559 	4800.000000	0.0059333 	4800.000000	0.00539581	4800.000000	0.00537772	4800.000000	0.00593314	4800.000000	1.62463e-07	
5000.000000	0.00862591	5000.000000	0.00600648	5000.000000	0.00541765	5000.000000	0.00539959	5000.000000	0.00600632	5000.000000	1.56413e-07	
5250.000000	0.00884337	5250.000000	0.00609914	5250.000000	0.00544449	5250.000000	0.00542647	5250.000000	0.00609899	5250.000000	1.49475e-07	
5500.000000	0.00906596	5500.000000	0.00619292	5500.000000	0.0054708 	5500.000000	0.00545281	5500.000000	0.00619278	5500.000000	1.43145e-07	
6000.000000	0.00952537	6000.000000	0.00638324	6000.000000	0.00552171	6000.000000	0.00550377	6000.000000	0.00638311	6000.000000	1.32013e-07	
6500.000000	0.0100022 	6500.000000	0.0065764 	6500.000000	0.00557031	6500.000000	0.00555241	6500.000000	0.00657628	6500.000000	1.22535e-07	
7000.000000	0.0104952 	7000.000000	0.00677167	7000.000000	0.00561663	7000.000000	0.00559876	7000.000000	0.00677156	7000.000000	1.14364e-07	
7500.000000	0.0110031 	7500.000000	0.00696853	7500.000000	0.00566075	7500.000000	0.00564291	7500.000000	0.00696842	7500.000000	1.07245e-07	
8000.000000	0.0115254 	8000.000000	0.00716659	8000.000000	0.00570281	8000.000000	0.00568499	8000.000000	0.00716649	8000.000000	1.00986e-07	
8500.000000	0.0120613 	8500.000000	0.00736554	8500.000000	0.00574288	8500.000000	0.00572511	8500.000000	0.00736545	8500.000000	9.5437e-08	
9000.000000	0.0126105 	9000.000000	0.00756518	9000.000000	0.00578109	9000.000000	0.0057634 	9000.000000	0.00756509	9000.000000	9.04839e-08	
9500.000000	0.0131725 	9500.000000	0.00776533	9500.000000	0.00581765	9500.000000	0.0058    	9500.000000	0.00776524	9500.000000	8.60342e-08	
10000.000000	0.013747  	10000.000000	0.00796584	10000.000000	0.00585271	10000.000000	0.00583502	10000.000000	0.00796576	10000.000000	8.20143e-08	
11000.000000	0.0149329 	11000.000000	0.00836759	11000.000000	0.00591838	11000.000000	0.00590073	11000.000000	0.00836752	11000.000000	7.50344e-08	
12000.000000	0.0161668 	12000.000000	0.00876981	12000.000000	0.00597863	12000.000000	0.00596133	12000.000000	0.00876974	12000.000000	6.91799e-08	
13000.000000	0.0174478 	13000.000000	0.0091721 	13000.000000	0.00603453	13000.000000	0.00601746	13000.000000	0.00917204	13000.000000	6.41966e-08	
14000.000000	0.0187752 	14000.000000	0.00957421	14000.000000	0.00608676	14000.000000	0.00606968	14000.000000	0.00957415	14000.000000	5.9902e-08	
15000.000000	0.0201486 	15000.000000	0.00997594	15000.000000	0.00613569	15000.000000	0.00611844	15000.000000	0.00997589	15000.000000	5.61612e-08	
16000.000000	0.0215677 	16000.000000	0.0103772 	16000.000000	0.00618149	16000.000000	0.00616415	16000.000000	0.0103771 	16000.000000	5.28727e-08	
17000.000000	0.0230325 	17000.000000	0.0107779 	17000.000000	0.00622442	17000.000000	0.00620713	17000.000000	0.0107778 	17000.000000	4.99585e-08	
18000.000000	0.0245428 	18000.000000	0.011178  	18000.000000	0.00626476	18000.000000	0.00624767	18000.000000	0.0111779 	18000.000000	4.73574e-08	
19000.000000	0.0260985 	19000.000000	0.0115774 	19000.000000	0.00630278	19000.000000	0.00628601	19000.000000	0.0115774 	19000.000000	4.50213e-08	
20000.000000	0.0276998 	20000.000000	0.0119762 	20000.000000	0.00633872	20000.000000	0.00632236	20000.000000	0.0119762 	20000.000000	4.29111e-08	
21000.000000	0.0293467 	21000.000000	0.0123744 	21000.000000	0.0063729 	21000.000000	0.00635691	21000.000000	0.0123743 	21000.000000	4.09954e-08	
22000.000000	0.0310393 	22000.000000	0.0127718 	22000.000000	0.00640569	22000.000000	0.00638981	22000.000000	0.0127718 	22000.000000	3.92481e-08	
23000.000000	0.0327777 	23000.000000	0.0131686 	23000.000000	0.00643707	23000.000000	0.0064212 	23000.000000	0.0131686 	23000.000000	3.76478e-08	
24000.000000	0.0345621 	24000.000000	0.0135647 	24000.000000	0.00646698	24000.000000	0.00645122	24000.000000	0.0135647 	24000.000000	3.61766e-08	
25000.000000	0.0363925 	25000.000000	0.0139602 	25000.000000	0.00649547	25000.000000	0.00647996	25000.000000	0.0139602 	25000.000000	3.48192e-08	
26000.000000	0.0382692 	26000.000000	0.0143551 	26000.000000	0.00652276	26000.000000	0.00650753	26000.000000	0.014355  	26000.000000	3.35629e-08	
27000.000000	0.0401924 	27000.000000	0.0147493 	27000.000000	0.00654901	27000.000000	0.006534  	27000.000000	0.0147493 	27000.000000	3.23966e-08	
28000.000000	0.0421622 	28000.000000	0.0151429 	28000.000000	0.00657423	28000.000000	0.00655947	28000.000000	0.0151429 	28000.000000	3.1311e-08	
29000.000000	0.0441788 	29000.000000	0.0155359 	29000.000000	0.00659848	29000.000000	0.006584  	29000.000000	0.0155359 	29000.000000	3.02977e-08	
30000.000000	0.0462425 	30000.000000	0.0159283 	30000.000000	0.00662181	30000.000000	0.00660765	30000.000000	0.0159283 	30000.000000	2.93499e-08	
32000.000000	0.0505119 	32000.000000	0.0167114 	32000.000000	0.00666612	32000.000000	0.00665254	32000.000000	0.0167114 	32000.000000	2.76263e-08	
34000.000000	0.0549722 	34000.000000	0.0174923 	34000.000000	0.00670766	34000.000000	0.00669454	34000.000000	0.0174923 	34000.000000	2.60992e-08	
36000.000000	0.0596252 	36000.000000	0.0182711 	36000.000000	0.00674662	36000.000000	0.00673399	36000.000000	0.0182711 	36000.000000	2.47365e-08	
38000.000000	0.0644728 	38000.000000	0.0190479 	38000.000000	0.00678323	38000.000000	0.00677116	38000.000000	0.0190478 	38000.000000	2.35127e-08	
40000.000000	0.0695171 	40000.000000	0.0198227 	40000.000000	0.00681772	40000.000000	0.00680629	40000.000000	0.0198227 	40000.000000	2.24075e-08	
42000.000000	0.07476   	42000.000000	0.0205957 	42000.000000	0.00685034	42000.000000	0.00683958	42000.000000	0.0205957 	42000.000000	2.14043e-08	
44000.000000	0.0802036 	44000.000000	0.0213669 	44000.000000	0.00688128	44000.000000	0.00687121	44000.000000	0.0213669 	44000.000000	2.04895e-08	
46000.000000	0.0858501 	46000.000000	0.0221365 	46000.000000	0.00691073	46000.000000	0.00690132	46000.000000	0.0221364 	46000.000000	1.96517e-08	
48000.000000	0.0917014 	48000.000000	0.0229044 	48000.000000	0.00693879	48000.000000	0.00693005	48000.000000	0.0229044 	48000.000000	1.88816e-08	
50000.000000	0.0977598 	50000.000000	0.0236707 	50000.000000	0.00696554	50000.000000	0.00695751	50000.000000	0.0236707 	50000.000000	1.81712e-08	
