*Energy (MeV/u)1	0 - [He-base] F.Hubert et al, AD&ND Tables 46(1990)1	Energy (MeV/u)2	1 - [H -base] J.F.Ziegler et al, Pergamon Press, NY (low energy)	Energy (MeV/u)3	2 - ATIMA 1.2  LS-theory (recommended for high energy)	Energy (MeV/u)4	3 - ATIMA 1.2  without LS-correction	Energy (MeV/u)5	4 - electrical component of [1] - J.F.Ziegler et al	Energy (MeV/u)6	5 - nuclear component of [1] - J.F.Ziegler et al	
0.001000	0.0752288 	0.001000	0.0434703 	0.001000	0.0424999 	0.001000	0.0424999 	0.001000	0.0270165 	0.001000	0.0164538 	
0.002000	0.0961262 	0.002000	0.0596169 	0.002000	0.0579373 	0.002000	0.0579373 	0.002000	0.0467524 	0.002000	0.0128645 	
0.005000	0.14872   	0.005000	0.0997506 	0.005000	0.09646   	0.005000	0.09646   	0.005000	0.0915846 	0.005000	0.00816594	
0.008000	0.188137  	0.008000	0.131619  	0.008000	0.127111  	0.008000	0.127111  	0.008000	0.125443  	0.008000	0.00617585	
0.010000	0.209882  	0.010000	0.149861  	0.010000	0.144669  	0.010000	0.144669  	0.010000	0.1445    	0.010000	0.00536076	
0.015000	0.267782  	0.015000	0.187305  	0.015000	0.182181  	0.015000	0.182181  	0.015000	0.183212  	0.015000	0.00409292	
0.020000	0.31622   	0.020000	0.216519  	0.020000	0.21392   	0.020000	0.21392   	0.020000	0.213169  	0.020000	0.00335035	
0.025000	0.357522  	0.025000	0.239861  	0.025000	0.242135  	0.025000	0.242135  	0.025000	0.237031  	0.025000	0.00283014	
0.030000	0.39293   	0.030000	0.258765  	0.030000	0.259217  	0.030000	0.259217  	0.030000	0.256287  	0.030000	0.00247787	
0.035000	0.423192  	0.035000	0.274119  	0.035000	0.273301  	0.035000	0.273301  	0.035000	0.271909  	0.035000	0.00221044	
0.040000	0.448829  	0.040000	0.286593  	0.040000	0.284991  	0.040000	0.284991  	0.040000	0.284594  	0.040000	0.00199974	
0.045000	0.470255  	0.045000	0.296713  	0.045000	0.294725  	0.045000	0.294725  	0.045000	0.294884  	0.045000	0.00182898	
0.050000	0.487844  	0.050000	0.304902  	0.050000	0.302835  	0.050000	0.302835  	0.050000	0.303214  	0.050000	0.00168749	
0.055000	0.501957  	0.055000	0.31151   	0.055000	0.309586  	0.055000	0.309586  	0.055000	0.309942  	0.055000	0.00156813	
0.060000	0.512954  	0.060000	0.31683   	0.060000	0.315193  	0.060000	0.315193  	0.060000	0.315364  	0.060000	0.00146595	
0.070000	0.527019  	0.070000	0.324526  	0.070000	0.323664  	0.070000	0.323664  	0.070000	0.323227  	0.070000	0.00129981	
0.080000	0.53277   	0.080000	0.329451  	0.080000	0.329368  	0.080000	0.329368  	0.080000	0.328281  	0.080000	0.00117013	
0.090000	0.53263   	0.090000	0.332571  	0.090000	0.333104  	0.090000	0.333104  	0.090000	0.331505  	0.090000	0.00106583	
0.100000	0.528579  	0.100000	0.33451   	0.100000	0.33544   	0.100000	0.33544   	0.100000	0.33353   	0.100000	0.000979954	
0.120000	0.514365  	0.120000	0.336266  	0.120000	0.337394  	0.120000	0.337394  	0.120000	0.335419  	0.120000	0.000846485	
0.140000	0.49758   	0.140000	0.336373  	0.140000	0.337179  	0.140000	0.337179  	0.140000	0.335626  	0.140000	0.000747196	
0.160000	0.481394  	0.160000	0.335457  	0.160000	0.335722  	0.160000	0.335722  	0.160000	0.334787  	0.160000	0.000670196	
0.180000	0.466808  	0.180000	0.333771  	0.180000	0.333466  	0.180000	0.333466  	0.180000	0.333162  	0.180000	0.000608589	
0.200000	0.453895  	0.200000	0.331446  	0.200000	0.330635  	0.200000	0.330635  	0.200000	0.330888  	0.200000	0.000558082	
0.250000	0.42724   	0.250000	0.323437  	0.250000	0.321804  	0.250000	0.321804  	0.250000	0.322973  	0.250000	0.000464006	
0.300000	0.405472  	0.300000	0.313276  	0.300000	0.311361  	0.300000	0.311361  	0.300000	0.312878  	0.300000	0.000398614	
0.350000	0.386281  	0.350000	0.301996  	0.350000	0.300118  	0.350000	0.300118  	0.350000	0.301646  	0.350000	0.000350324	
0.400000	0.368704  	0.400000	0.290342  	0.400000	0.288658  	0.400000	0.288658  	0.400000	0.290029  	0.400000	0.000313093	
0.450000	0.352381  	0.450000	0.2788    	0.450000	0.277371  	0.450000	0.277371  	0.450000	0.278516  	0.450000	0.000283449	
0.500000	0.337174  	0.500000	0.267659  	0.500000	0.266497  	0.500000	0.266497  	0.500000	0.267399  	0.500000	0.000259245	
0.600000	0.309847  	0.600000	0.247117  	0.600000	0.246435  	0.600000	0.246435  	0.600000	0.246895  	0.600000	0.000222009	
0.700000	0.286254  	0.700000	0.229116  	0.700000	0.228807  	0.700000	0.228807  	0.700000	0.228921  	0.700000	0.000194621	
0.800000	0.265885  	0.800000	0.213495  	0.800000	0.213457  	0.800000	0.213457  	0.800000	0.213321  	0.800000	0.000173573	
0.900000	0.248229  	0.900000	0.199932  	0.900000	0.200085  	0.900000	0.200085  	0.900000	0.199775  	0.900000	0.000156859	
1.000000	0.232828  	1.000000	0.188097  	1.000000	0.188381  	1.000000	0.188381  	1.000000	0.187954  	1.000000	0.000143243	
1.250000	0.201837  	1.250000	0.164277  	1.250000	0.164722  	1.250000	0.164722  	1.250000	0.164159  	1.250000	0.000118103	
1.500000	0.178436  	1.500000	0.146276  	1.500000	0.146754  	1.500000	0.146754  	1.500000	0.146175  	1.500000	0.000100807	
1.750000	0.160108  	1.750000	0.132151  	1.750000	0.132604  	1.750000	0.132604  	1.750000	0.132063  	1.750000	8.81373e-05	
2.000000	0.145337  	2.000000	0.120736  	2.000000	0.121139  	2.000000	0.121139  	2.000000	0.120657  	2.000000	7.84322e-05	
2.250000	0.133162  	2.250000	0.111298  	2.250000	0.111642  	2.250000	0.111642  	2.250000	0.111227  	2.250000	7.07462e-05	
2.500000	0.120886  	2.500000	0.103352  	2.500000	0.103635  	2.500000	0.103635  	2.500000	0.103288  	2.500000	6.44997e-05	
3.000000	0.105516  	3.000000	0.0906896 	3.000000	0.0908578 	3.000000	0.0908578 	3.000000	0.0906347 	3.000000	5.4944e-05	
3.500000	0.0938639 	3.500000	0.0810285 	3.500000	0.0810984 	3.500000	0.0810984 	3.500000	0.0809806 	3.500000	4.79604e-05	
4.000000	0.0847002 	4.000000	0.0734008 	4.000000	0.0733888 	4.000000	0.0733888 	4.000000	0.0733582 	4.000000	4.26213e-05	
4.500000	0.0772883 	4.500000	0.0672164 	4.500000	0.0671367 	4.500000	0.0671367 	4.500000	0.067178  	4.500000	3.84e-05  	
5.000000	0.0711596 	5.000000	0.062094  	5.000000	0.0619585 	5.000000	0.0619585 	5.000000	0.0620591 	5.000000	3.49741e-05	
5.500000	0.0660007 	5.500000	0.0577764 	5.500000	0.0575944 	5.500000	0.0575944 	5.500000	0.0577443 	5.500000	3.21351e-05	
6.000000	0.0615936 	6.000000	0.0540833 	6.000000	0.0538625 	6.000000	0.0538625 	6.000000	0.0540535 	6.000000	2.97422e-05	
6.500000	0.057782  	6.500000	0.0508848 	6.500000	0.0506315 	6.500000	0.0506315 	6.500000	0.0508571 	6.500000	2.76963e-05	
7.000000	0.0544502 	7.000000	0.048085  	7.000000	0.0478043 	7.000000	0.0478043 	7.000000	0.0480591 	7.000000	2.5926e-05	
7.500000	0.0515114 	7.500000	0.0456115 	7.500000	0.0453076 	7.500000	0.0453076 	7.500000	0.0455871 	7.500000	2.43784e-05	
8.000000	0.0488984 	8.000000	0.0434085 	8.000000	0.0430849 	8.000000	0.0430849 	8.000000	0.0433855 	8.000000	2.30133e-05	
8.500000	0.0465588 	8.500000	0.0414325 	8.500000	0.041092  	8.500000	0.041092  	8.500000	0.0414107 	8.500000	2.17997e-05	
9.000000	0.0444511 	9.000000	0.0396489 	9.000000	0.039294  	9.000000	0.039294  	9.000000	0.0396282 	9.000000	2.07134e-05	
9.500000	0.0425417 	9.500000	0.0380299 	9.500000	0.0376627 	9.500000	0.0376627 	9.500000	0.0380101 	9.500000	1.97351e-05	
10.000000	0.0408034 	10.000000	0.0367277 	10.000000	0.0361751 	10.000000	0.0361751 	10.000000	0.0367088 	10.000000	1.88491e-05	
11.000000	0.0377538 	11.000000	0.0342131 	11.000000	0.0335694 	11.000000	0.0335718 	11.000000	0.0341957 	11.000000	1.73058e-05	
12.000000	0.035164  	12.000000	0.0320421 	12.000000	0.0313532 	12.000000	0.0313571 	12.000000	0.0320261 	12.000000	1.60062e-05	
13.000000	0.0329355 	13.000000	0.0301486 	13.000000	0.0294439 	13.000000	0.0294482 	13.000000	0.0301337 	13.000000	1.48959e-05	
14.000000	0.0309964 	14.000000	0.0284824 	14.000000	0.0277804 	14.000000	0.0277845 	14.000000	0.0284685 	14.000000	1.3936e-05	
15.000000	0.0292927 	15.000000	0.0270045 	15.000000	0.0263165 	15.000000	0.0263206 	15.000000	0.0269914 	15.000000	1.30973e-05	
16.000000	0.0277834 	16.000000	0.0256844 	16.000000	0.0250179 	16.000000	0.0250219 	16.000000	0.0256721 	16.000000	1.2358e-05	
17.000000	0.0264364 	17.000000	0.0244979 	17.000000	0.0238579 	17.000000	0.0238613 	17.000000	0.0244862 	17.000000	1.17011e-05	
18.000000	0.0252263 	18.000000	0.0234255 	18.000000	0.022815  	18.000000	0.0228177 	18.000000	0.0234144 	18.000000	1.11134e-05	
19.000000	0.024133  	19.000000	0.0224512 	19.000000	0.021872  	19.000000	0.0218739 	19.000000	0.0224406 	19.000000	1.05844e-05	
20.000000	0.02314   	20.000000	0.0215621 	20.000000	0.0210143 	20.000000	0.0210162 	20.000000	0.021552  	20.000000	1.01056e-05	
21.000000	0.0222339 	21.000000	0.0207472 	21.000000	0.0202311 	21.000000	0.0202331 	21.000000	0.0207376 	21.000000	9.67005e-06	
22.000000	0.0214035 	22.000000	0.0199976 	22.000000	0.0195139 	22.000000	0.0195154 	22.000000	0.0199884 	22.000000	9.27206e-06	
23.000000	0.0206396 	23.000000	0.0193057 	23.000000	0.0188547 	23.000000	0.0188552 	23.000000	0.0192968 	23.000000	8.9069e-06	
24.000000	0.0199343 	24.000000	0.0186648 	24.000000	0.0182465 	24.000000	0.0182458 	24.000000	0.0186563 	24.000000	8.57063e-06	
25.000000	0.019281  	25.000000	0.0180696 	25.000000	0.0176833 	25.000000	0.0176817 	25.000000	0.0180613 	25.000000	8.25989e-06	
27.000000	0.0181086 	27.000000	0.0169974 	27.000000	0.0166748 	27.000000	0.0166707 	27.000000	0.0169897 	27.000000	7.70406e-06	
29.000000	0.017086  	29.000000	0.0160583 	29.000000	0.0157961 	29.000000	0.015791  	29.000000	0.016051  	29.000000	7.22117e-06	
31.000000	0.0161856 	31.000000	0.0152285 	31.000000	0.0150058 	31.000000	0.0150005 	31.000000	0.0152217 	31.000000	6.79756e-06	
33.000000	0.0153865 	33.000000	0.0144898 	33.000000	0.0142871 	33.000000	0.0142801 	33.000000	0.0144834 	33.000000	6.42282e-06	
35.000000	0.0146721 	35.000000	0.0138278 	35.000000	0.013641  	35.000000	0.0136343 	35.000000	0.0138217 	35.000000	6.08884e-06	
38.000000	0.0137317 	38.000000	0.0129541 	38.000000	0.0127893 	38.000000	0.0127816 	38.000000	0.0129484 	38.000000	5.65067e-06	
41.000000	0.0129194 	41.000000	0.0121975 	41.000000	0.0120505 	41.000000	0.0120426 	41.000000	0.0121922 	41.000000	5.27362e-06	
44.000000	0.0122102 	44.000000	0.0115357 	44.000000	0.0114027 	44.000000	0.0113957 	44.000000	0.0115307 	44.000000	4.9456e-06	
47.000000	0.0115853 	47.000000	0.0109517 	47.000000	0.0108324 	47.000000	0.0108244 	47.000000	0.010947  	47.000000	4.6575e-06	
50.000000	0.0110303 	50.000000	0.0104323 	50.000000	0.0103239 	50.000000	0.0103159 	50.000000	0.0104279 	50.000000	4.40237e-06	
55.000000	0.0102308 	55.000000	0.00968353	55.000000	0.00959048	55.000000	0.00958172	55.000000	0.00967949	55.000000	4.0362e-06	
60.000000	0.00955582	60.000000	0.00905079	60.000000	0.0089685 	60.000000	0.00896044	60.000000	0.00904706	60.000000	3.72835e-06	
65.000000	0.00897781	65.000000	0.00850879	65.000000	0.00843575	65.000000	0.00842748	65.000000	0.00850533	65.000000	3.46575e-06	
70.000000	0.00847688	70.000000	0.00803912	70.000000	0.00797339	70.000000	0.007965  	70.000000	0.00803588	70.000000	3.239e-06 	
75.000000	0.0080383 	75.000000	0.00762806	75.000000	0.00756743	75.000000	0.0075597 	75.000000	0.00762502	75.000000	3.04115e-06	
80.000000	0.00765086	80.000000	0.00726517	80.000000	0.00720987	80.000000	0.00720147	80.000000	0.0072623 	80.000000	2.86693e-06	
85.000000	0.00730594	85.000000	0.00694236	85.000000	0.00689041	85.000000	0.00688244	85.000000	0.00693965	85.000000	2.7123e-06	
90.000000	0.00699675	90.000000	0.00665328	90.000000	0.00660407	90.000000	0.00659645	90.000000	0.00665071	90.000000	2.5741e-06	
95.000000	0.00671789	95.000000	0.00639285	95.000000	0.00634672	95.000000	0.00633856	95.000000	0.0063904 	95.000000	2.4498e-06	
100.000000	0.00646502	100.000000	0.00615698	100.000000	0.00611258	100.000000	0.00610477	100.000000	0.00615464	100.000000	2.33739e-06	
105.000000	0.00623457	105.000000	0.0059423 	105.000000	0.00589932	105.000000	0.00589183	105.000000	0.00594007	105.000000	2.23522e-06	
110.000000	0.00602362	110.000000	0.00574608	110.000000	0.00570416	110.000000	0.00569704	110.000000	0.00574394	110.000000	2.14193e-06	
115.000000	0.00582974	115.000000	0.005566  	115.000000	0.00552553	115.000000	0.00551816	115.000000	0.00556394	115.000000	2.0564e-06	
120.000000	0.00565089	120.000000	0.00540013	120.000000	0.00536082	120.000000	0.00535329	120.000000	0.00539815	120.000000	1.97768e-06	
125.000000	0.00548534	125.000000	0.00524685	125.000000	0.00520798	125.000000	0.00520085	125.000000	0.00524494	125.000000	1.90499e-06	
130.000000	0.00533163	130.000000	0.00510475	130.000000	0.00506639	130.000000	0.00505946	130.000000	0.00510292	130.000000	1.83765e-06	
135.000000	0.0051885 	135.000000	0.00497266	135.000000	0.00493521	135.000000	0.00492797	135.000000	0.00497089	135.000000	1.77509e-06	
140.000000	0.00505486	140.000000	0.00484955	140.000000	0.00481262	140.000000	0.00480536	140.000000	0.00484783	140.000000	1.7168e-06	
145.000000	0.00492977	145.000000	0.00473452	145.000000	0.00469775	145.000000	0.00469076	145.000000	0.00473286	145.000000	1.66235e-06	
150.000000	0.00481243	150.000000	0.00462679	150.000000	0.00459023	150.000000	0.0045834 	150.000000	0.00462518	150.000000	1.61138e-06	
155.000000	0.00464721	155.000000	0.0045257 	155.000000	0.00448921	155.000000	0.00448263	155.000000	0.00452414	155.000000	1.56356e-06	
160.000000	0.00455037	160.000000	0.00443064	160.000000	0.00439438	160.000000	0.00438785	160.000000	0.00442913	160.000000	1.5186e-06	
165.000000	0.00445905	165.000000	0.00434109	165.000000	0.00430531	165.000000	0.00429854	165.000000	0.00433962	165.000000	1.47624e-06	
170.000000	0.00437278	170.000000	0.00425658	170.000000	0.00422103	170.000000	0.00421424	170.000000	0.00425514	170.000000	1.43627e-06	
175.000000	0.00429115	175.000000	0.00417669	175.000000	0.00414113	175.000000	0.00413454	175.000000	0.0041753 	175.000000	1.39849e-06	
180.000000	0.00421379	180.000000	0.00410106	180.000000	0.00406553	180.000000	0.00405908	180.000000	0.0040997 	180.000000	1.36272e-06	
185.000000	0.00414038	185.000000	0.00402935	185.000000	0.00399383	185.000000	0.00398753	185.000000	0.00402802	185.000000	1.3288e-06	
190.000000	0.0040706 	190.000000	0.00396127	190.000000	0.00392573	190.000000	0.00391959	190.000000	0.00395997	190.000000	1.29659e-06	
195.000000	0.0040042 	195.000000	0.00389654	195.000000	0.00386117	195.000000	0.003855  	195.000000	0.00389528	195.000000	1.26596e-06	
200.000000	0.00394093	200.000000	0.00383493	200.000000	0.00379987	200.000000	0.00379352	200.000000	0.00383369	200.000000	1.2368e-06	
210.000000	0.00382294	210.000000	0.00372019	210.000000	0.00368526	210.000000	0.00367902	210.000000	0.00371901	210.000000	1.18247e-06	
220.000000	0.0037151 	220.000000	0.00361553	220.000000	0.00358061	220.000000	0.00357459	220.000000	0.0036144 	220.000000	1.13288e-06	
230.000000	0.00361615	230.000000	0.00351968	230.000000	0.00348475	230.000000	0.00347897	230.000000	0.00351859	230.000000	1.08742e-06	
240.000000	0.00352502	240.000000	0.00343157	240.000000	0.00339704	240.000000	0.00339109	240.000000	0.00343052	240.000000	1.0456e-06	
250.000000	0.00344082	250.000000	0.00335031	250.000000	0.00331603	250.000000	0.00331008	250.000000	0.0033493 	250.000000	1.00698e-06	
260.000000	0.00336278	260.000000	0.00327514	260.000000	0.00324091	260.000000	0.00323516	260.000000	0.00327417	260.000000	9.71216e-07	
270.000000	0.00329025	270.000000	0.0032054 	270.000000	0.00317128	270.000000	0.00316568	270.000000	0.00320446	270.000000	9.37991e-07	
280.000000	0.00322267	280.000000	0.00314053	280.000000	0.00310655	280.000000	0.00310109	280.000000	0.00313962	280.000000	9.07044e-07	
290.000000	0.00315954	290.000000	0.00308004	290.000000	0.00304651	290.000000	0.00304089	290.000000	0.00307917	290.000000	8.78144e-07	
300.000000	0.00310044	300.000000	0.00302352	300.000000	0.00299031	300.000000	0.00298466	300.000000	0.00302267	300.000000	8.51094e-07	
310.000000	0.00304501	310.000000	0.00297058	310.000000	0.00293752	310.000000	0.00293204	310.000000	0.00296976	310.000000	8.25718e-07	
320.000000	0.00299291	320.000000	0.00292091	320.000000	0.00288807	320.000000	0.00288269	320.000000	0.00292011	320.000000	8.01864e-07	
330.000000	0.00294385	330.000000	0.00287422	330.000000	0.00284157	330.000000	0.00283632	330.000000	0.00287344	330.000000	7.79397e-07	
340.000000	0.00289758	340.000000	0.00283025	340.000000	0.00279789	340.000000	0.00279269	340.000000	0.00282949	340.000000	7.58199e-07	
350.000000	0.00285387	350.000000	0.00278878	350.000000	0.00275689	350.000000	0.00275157	350.000000	0.00278804	350.000000	7.38164e-07	
360.000000	0.00281251	360.000000	0.0027496 	360.000000	0.00271811	360.000000	0.00271275	360.000000	0.00274888	360.000000	7.19197e-07	
370.000000	0.00277333	370.000000	0.00271254	370.000000	0.0026813 	370.000000	0.00267604	370.000000	0.00271183	370.000000	7.01214e-07	
380.000000	0.00273616	380.000000	0.00267743	380.000000	0.00264646	380.000000	0.0026413 	380.000000	0.00267674	380.000000	6.8414e-07	
390.000000	0.00270086	390.000000	0.00264413	390.000000	0.00261346	390.000000	0.00260838	390.000000	0.00264346	390.000000	6.67907e-07	
400.000000	0.00266729	400.000000	0.0026125 	400.000000	0.00258211	400.000000	0.00257713	400.000000	0.00261185	400.000000	6.52453e-07	
410.000000	0.00263532	410.000000	0.00258244	410.000000	0.00255237	410.000000	0.00254744	410.000000	0.0025818 	410.000000	6.37723e-07	
420.000000	0.00260486	420.000000	0.00255382	420.000000	0.00252422	420.000000	0.00251921	420.000000	0.0025532 	420.000000	6.23667e-07	
430.000000	0.0025758 	430.000000	0.00252656	430.000000	0.00249742	430.000000	0.00249233	430.000000	0.00252595	430.000000	6.10238e-07	
440.000000	0.00254805	440.000000	0.00250056	440.000000	0.00247179	440.000000	0.00246671	440.000000	0.00249996	440.000000	5.97396e-07	
450.000000	0.00252152	450.000000	0.00247574	450.000000	0.00244727	450.000000	0.00244228	450.000000	0.00247516	450.000000	5.85102e-07	
460.000000	0.00249615	460.000000	0.00245203	460.000000	0.00242387	460.000000	0.00241895	460.000000	0.00245146	460.000000	5.73321e-07	
470.000000	0.00247186	470.000000	0.00242935	470.000000	0.00240153	470.000000	0.00239665	470.000000	0.00242879	470.000000	5.62022e-07	
480.000000	0.00244859	480.000000	0.00240765	480.000000	0.00238015	480.000000	0.00237534	480.000000	0.0024071 	480.000000	5.51175e-07	
490.000000	0.00242627	490.000000	0.00238687	490.000000	0.00235967	490.000000	0.00235493	490.000000	0.00238633	490.000000	5.40754e-07	
500.000000	0.00240486	500.000000	0.00236695	500.000000	0.0023401 	500.000000	0.00233539	500.000000	0.00236642	500.000000	5.30733e-07	
520.000000	0.00236455	520.000000	0.00232951	520.000000	0.00230351	520.000000	0.0022987 	520.000000	0.002329  	520.000000	5.11802e-07	
540.000000	0.00232729	540.000000	0.00229498	540.000000	0.00226972	540.000000	0.00226489	540.000000	0.00229449	540.000000	4.9422e-07	
560.000000	0.00229278	560.000000	0.00226306	560.000000	0.0022384 	560.000000	0.00223368	560.000000	0.00226258	560.000000	4.77845e-07	
580.000000	0.00226074	580.000000	0.00223347	580.000000	0.00220944	580.000000	0.00220479	580.000000	0.00223301	580.000000	4.62557e-07	
600.000000	0.00223094	600.000000	0.00220601	600.000000	0.00218255	600.000000	0.002178  	600.000000	0.00220556	600.000000	4.48248e-07	
620.000000	0.00220318	620.000000	0.00218046	620.000000	0.00215759	620.000000	0.00215309	620.000000	0.00218003	620.000000	4.34828e-07	
640.000000	0.00217726	640.000000	0.00215665	640.000000	0.00213448	640.000000	0.00212991	640.000000	0.00215623	640.000000	4.22215e-07	
660.000000	0.00215304	660.000000	0.00213444	660.000000	0.00211291	660.000000	0.00210828	660.000000	0.00213403	660.000000	4.10336e-07	
680.000000	0.00213038	680.000000	0.00211367	680.000000	0.00209266	680.000000	0.00208808	680.000000	0.00211327	680.000000	3.9913e-07	
700.000000	0.00210913	700.000000	0.00209423	700.000000	0.00207369	700.000000	0.00206918	700.000000	0.00209384	700.000000	3.8854e-07	
720.000000	0.0020892 	720.000000	0.00207602	720.000000	0.00205593	720.000000	0.00205147	720.000000	0.00207564	720.000000	3.78517e-07	
740.000000	0.00207049	740.000000	0.00205893	740.000000	0.0020394 	740.000000	0.00203499	740.000000	0.00205856	740.000000	3.69014e-07	
760.000000	0.00205289	760.000000	0.00204288	760.000000	0.00202416	760.000000	0.00201982	760.000000	0.00204252	760.000000	3.59993e-07	
780.000000	0.00203634	780.000000	0.00202779	780.000000	0.00200985	780.000000	0.00200555	780.000000	0.00202744	780.000000	3.51416e-07	
800.000000	0.00202075	800.000000	0.0020136 	800.000000	0.00199645	800.000000	0.00199211	800.000000	0.00201325	800.000000	3.43253e-07	
820.000000	0.00200606	820.000000	0.00200023	820.000000	0.00198384	820.000000	0.00197945	820.000000	0.00199989	820.000000	3.35473e-07	
840.000000	0.00199221	840.000000	0.00198763	840.000000	0.00197193	840.000000	0.0019675 	840.000000	0.0019873 	840.000000	3.28049e-07	
860.000000	0.00197914	860.000000	0.00197575	860.000000	0.00196063	860.000000	0.00195622	860.000000	0.00197543	860.000000	3.20958e-07	
880.000000	0.00196681	880.000000	0.00196453	880.000000	0.00194992	880.000000	0.00194556	880.000000	0.00196422	880.000000	3.14176e-07	
900.000000	0.00195516	900.000000	0.00195395	900.000000	0.00193979	900.000000	0.00193548	900.000000	0.00195364	900.000000	3.07685e-07	
920.000000	0.00194416	920.000000	0.00194395	920.000000	0.00193021	920.000000	0.00192594	920.000000	0.00194365	920.000000	3.01466e-07	
940.000000	0.00193377	940.000000	0.0019345 	940.000000	0.00192115	940.000000	0.0019169 	940.000000	0.0019342 	940.000000	2.95501e-07	
960.000000	0.00192394	960.000000	0.00192556	960.000000	0.00191256	960.000000	0.00190834	960.000000	0.00192527	960.000000	2.89776e-07	
980.000000	0.00191466	980.000000	0.00191711	980.000000	0.00190442	980.000000	0.00190022	980.000000	0.00191683	980.000000	2.84276e-07	
1000.000000	0.00190588	1000.000000	0.00190912	1000.000000	0.00189669	1000.000000	0.00189252	1000.000000	0.00190884	1000.000000	2.78987e-07	
1020.000000	0.00189757	1020.000000	0.00190156	1020.000000	0.00188935	1020.000000	0.00188521	1020.000000	0.00190128	1020.000000	2.73898e-07	
1040.000000	0.00188973	1040.000000	0.0018944 	1040.000000	0.00188237	1040.000000	0.00187826	1040.000000	0.00189413	1040.000000	2.68998e-07	
1060.000000	0.00188231	1060.000000	0.00188763	1060.000000	0.00187574	1060.000000	0.00187166	1060.000000	0.00188736	1060.000000	2.64276e-07	
1080.000000	0.0018753 	1080.000000	0.00188122	1080.000000	0.00186944	1080.000000	0.00186539	1080.000000	0.00188096	1080.000000	2.59722e-07	
1100.000000	0.00186867	1100.000000	0.00187515	1100.000000	0.00186346	1100.000000	0.00185942	1100.000000	0.00187489	1100.000000	2.55327e-07	
1120.000000	0.00186241	1120.000000	0.00186941	1120.000000	0.00185779	1120.000000	0.00185374	1120.000000	0.00186916	1120.000000	2.51084e-07	
1140.000000	0.0018565 	1140.000000	0.00186397	1140.000000	0.00185241	1140.000000	0.00184834	1140.000000	0.00186373	1140.000000	2.46984e-07	
1160.000000	0.00185092	1160.000000	0.00185883	1160.000000	0.0018473 	1160.000000	0.0018432 	1160.000000	0.00185859	1160.000000	2.43021e-07	
1180.000000	0.00184566	1180.000000	0.00185397	1180.000000	0.00184243	1180.000000	0.0018383 	1180.000000	0.00185373	1180.000000	2.39186e-07	
1200.000000	0.0018407 	1200.000000	0.00184937	1200.000000	0.00183778	1200.000000	0.00183364	1200.000000	0.00184914	1200.000000	2.35475e-07	
1220.000000	0.00183602	1220.000000	0.00184503	1220.000000	0.00183334	1220.000000	0.00182919	1220.000000	0.0018448 	1220.000000	2.31881e-07	
1240.000000	0.00183162	1240.000000	0.00184092	1240.000000	0.00182909	1240.000000	0.00182495	1240.000000	0.00184069	1240.000000	2.28399e-07	
1260.000000	0.00182748	1260.000000	0.00183705	1260.000000	0.00182503	1260.000000	0.00182091	1260.000000	0.00183682	1260.000000	2.25023e-07	
1280.000000	0.00182359	1280.000000	0.00183339	1280.000000	0.00182116	1280.000000	0.00181706	1280.000000	0.00183317	1280.000000	2.21749e-07	
1300.000000	0.00181994	1300.000000	0.00182994	1300.000000	0.00181746	1300.000000	0.00181339	1300.000000	0.00182972	1300.000000	2.18572e-07	
1320.000000	0.00181653	1320.000000	0.00182668	1320.000000	0.00181394	1320.000000	0.00180989	1320.000000	0.00182647	1320.000000	2.15487e-07	
1340.000000	0.00181333	1340.000000	0.00182362	1340.000000	0.00181059	1340.000000	0.00180655	1340.000000	0.00182341	1340.000000	2.12491e-07	
1360.000000	0.00181034	1360.000000	0.00182074	1360.000000	0.00180739	1360.000000	0.00180337	1360.000000	0.00182053	1360.000000	2.09581e-07	
1380.000000	0.00180756	1380.000000	0.00181804	1380.000000	0.00180434	1380.000000	0.00180033	1380.000000	0.00181783	1380.000000	2.06751e-07	
1400.000000	0.00180497	1400.000000	0.0018155 	1400.000000	0.00180143	1400.000000	0.00179743	1400.000000	0.0018153 	1400.000000	2.04e-07  	
1420.000000	0.00180256	1420.000000	0.00181312	1420.000000	0.00179865	1420.000000	0.00179466	1420.000000	0.00181292	1420.000000	2.01323e-07	
1440.000000	0.00180034	1440.000000	0.0018109 	1440.000000	0.001796  	1440.000000	0.00179203	1440.000000	0.0018107 	1440.000000	1.98717e-07	
1460.000000	0.00179829	1460.000000	0.00180882	1460.000000	0.00179347	1460.000000	0.00178951	1460.000000	0.00180862	1460.000000	1.96181e-07	
1480.000000	0.0017964 	1480.000000	0.00180688	1480.000000	0.00179105	1480.000000	0.00178711	1480.000000	0.00180669	1480.000000	1.9371e-07	
1500.000000	0.00179468	1500.000000	0.00180508	1500.000000	0.00178874	1500.000000	0.00178482	1500.000000	0.00180489	1500.000000	1.91303e-07	
1520.000000	0.00179311	1520.000000	0.00180341	1520.000000	0.00178655	1520.000000	0.00178264	1520.000000	0.00180322	1520.000000	1.88957e-07	
1540.000000	0.00179169	1540.000000	0.00180186	1540.000000	0.00178445	1540.000000	0.00178056	1540.000000	0.00180168	1540.000000	1.8667e-07	
1560.000000	0.00179041	1560.000000	0.00180044	1560.000000	0.00178246	1560.000000	0.00177858	1560.000000	0.00180026	1560.000000	1.8444e-07	
1580.000000	0.00178928	1580.000000	0.00179913	1580.000000	0.00178057	1580.000000	0.00177669	1580.000000	0.00179895	1580.000000	1.82263e-07	
1600.000000	0.00178827	1600.000000	0.00179793	1600.000000	0.00177877	1600.000000	0.00177488	1600.000000	0.00179775	1600.000000	1.8014e-07	
1620.000000	0.0017874 	1620.000000	0.00179684	1620.000000	0.00177706	1620.000000	0.00177317	1620.000000	0.00179667	1620.000000	1.78066e-07	
1640.000000	0.00178665	1640.000000	0.00179586	1640.000000	0.00177543	1640.000000	0.00177153	1640.000000	0.00179568	1640.000000	1.76042e-07	
1660.000000	0.00178602	1660.000000	0.00179497	1660.000000	0.00177389	1660.000000	0.00176998	1660.000000	0.0017948 	1660.000000	1.74064e-07	
1680.000000	0.0017855 	1680.000000	0.00179418	1680.000000	0.00177242	1680.000000	0.0017685 	1680.000000	0.00179401	1680.000000	1.72132e-07	
1700.000000	0.00178511	1700.000000	0.00179349	1700.000000	0.00177103	1700.000000	0.00176709	1700.000000	0.00179332	1700.000000	1.70244e-07	
1750.000000	0.00178458	1750.000000	0.00179214	1750.000000	0.00176783	1750.000000	0.00176387	1750.000000	0.00179197	1750.000000	1.65705e-07	
1800.000000	0.00178469	1800.000000	0.0017913 	1800.000000	0.00176502	1800.000000	0.00176104	1800.000000	0.00179114	1800.000000	1.6141e-07	
1850.000000	0.00178538	1850.000000	0.00179094	1850.000000	0.00176254	1850.000000	0.00175856	1850.000000	0.00179078	1850.000000	1.57339e-07	
1900.000000	0.00178662	1900.000000	0.00179101	1900.000000	0.00176037	1900.000000	0.00175641	1900.000000	0.00179086	1900.000000	1.53474e-07	
1950.000000	0.00178836	1950.000000	0.00179149	1950.000000	0.00175849	1950.000000	0.00175454	1950.000000	0.00179134	1950.000000	1.498e-07 	
2000.000000	0.00179058	2000.000000	0.00179235	2000.000000	0.00175687	2000.000000	0.00175295	2000.000000	0.0017922 	2000.000000	1.46304e-07	
2100.000000	0.00179632	2100.000000	0.00179507	2100.000000	0.00175435	2100.000000	0.00175047	2100.000000	0.00179493	2100.000000	1.39794e-07	
2200.000000	0.0018036 	2200.000000	0.00179899	2200.000000	0.00175265	2200.000000	0.00174879	2200.000000	0.00179886	2200.000000	1.33855e-07	
2300.000000	0.00181227	2300.000000	0.00180396	2300.000000	0.00175164	2300.000000	0.0017478 	2300.000000	0.00180383	2300.000000	1.28415e-07	
2400.000000	0.00182216	2400.000000	0.00180984	2400.000000	0.0017512 	2400.000000	0.00174739	2400.000000	0.00180971	2400.000000	1.23413e-07	
2500.000000	0.00183315	2500.000000	0.00181652	2500.000000	0.00175124	2500.000000	0.00174745	2500.000000	0.0018164 	2500.000000	1.18797e-07	
2600.000000	0.00184513	2600.000000	0.00182391	2600.000000	0.0017517 	2600.000000	0.00174793	2600.000000	0.00182379	2600.000000	1.14525e-07	
2700.000000	0.001858  	2700.000000	0.00183192	2700.000000	0.0017525 	2700.000000	0.00174875	2700.000000	0.00183181	2700.000000	1.10558e-07	
2800.000000	0.0018717 	2800.000000	0.0018405 	2800.000000	0.00175361	2800.000000	0.00174987	2800.000000	0.0018404 	2800.000000	1.06864e-07	
2900.000000	0.00188614	2900.000000	0.00184959	2900.000000	0.00175497	2900.000000	0.00175123	2900.000000	0.00184948	2900.000000	1.03417e-07	
3000.000000	0.00190127	3000.000000	0.00185912	3000.000000	0.00175656	3000.000000	0.00175282	3000.000000	0.00185902	3000.000000	1.00192e-07	
3200.000000	0.00193338	3200.000000	0.00187936	3200.000000	0.00176026	3200.000000	0.0017565 	3200.000000	0.00187927	3200.000000	9.43263e-08	
3400.000000	0.00196768	3400.000000	0.00190095	3400.000000	0.0017645 	3400.000000	0.00176072	3400.000000	0.00190086	3400.000000	8.91281e-08	
3600.000000	0.0020039 	3600.000000	0.00192363	3600.000000	0.0017691 	3600.000000	0.00176531	3600.000000	0.00192355	3600.000000	8.44886e-08	
3800.000000	0.00204182	3800.000000	0.00194724	3800.000000	0.00177397	3800.000000	0.00177017	3800.000000	0.00194716	3800.000000	8.03214e-08	
4000.000000	0.00208125	4000.000000	0.00197163	4000.000000	0.001779  	4000.000000	0.00177521	4000.000000	0.00197156	4000.000000	7.65573e-08	
4200.000000	0.00212205	4200.000000	0.00199669	4200.000000	0.00178416	4200.000000	0.00178038	4200.000000	0.00199661	4200.000000	7.314e-08 	
4400.000000	0.0021641 	4400.000000	0.0020223 	4400.000000	0.00178938	4400.000000	0.00178561	4400.000000	0.00202223	4400.000000	7.00232e-08	
4600.000000	0.0022073 	4600.000000	0.00204841	4600.000000	0.00179463	4600.000000	0.00179087	4600.000000	0.00204834	4600.000000	6.71686e-08	
4800.000000	0.00225157	4800.000000	0.00207493	4800.000000	0.00179989	4800.000000	0.00179614	4800.000000	0.00207486	4800.000000	6.45442e-08	
5000.000000	0.00229684	5000.000000	0.00210182	5000.000000	0.00180513	5000.000000	0.00180139	5000.000000	0.00210175	5000.000000	6.21229e-08	
5250.000000	0.00235474	5250.000000	0.00213587	5250.000000	0.00181164	5250.000000	0.00180791	5250.000000	0.00213581	5250.000000	5.93472e-08	
5500.000000	0.00241401	5500.000000	0.00217034	5500.000000	0.00181806	5500.000000	0.00181434	5500.000000	0.00217029	5500.000000	5.68159e-08	
6000.000000	0.00253634	6000.000000	0.00224031	6000.000000	0.00183062	6000.000000	0.0018269 	6000.000000	0.00224026	6000.000000	5.23662e-08	
6500.000000	0.00266332	6500.000000	0.00231135	6500.000000	0.00184272	6500.000000	0.00183901	6500.000000	0.0023113 	6500.000000	4.858e-08 	
7000.000000	0.00279457	7000.000000	0.00238317	7000.000000	0.00185432	7000.000000	0.00185063	7000.000000	0.00238313	7000.000000	4.5318e-08	
7500.000000	0.00292983	7500.000000	0.00245559	7500.000000	0.00186544	7500.000000	0.00186175	7500.000000	0.00245555	7500.000000	4.24776e-08	
8000.000000	0.00306889	8000.000000	0.00252846	8000.000000	0.00187609	8000.000000	0.00187239	8000.000000	0.00252842	8000.000000	3.99813e-08	
8500.000000	0.0032116 	8500.000000	0.00260166	8500.000000	0.00188623	8500.000000	0.00188256	8500.000000	0.00260163	8500.000000	3.77696e-08	
9000.000000	0.00335782	9000.000000	0.00267513	9000.000000	0.0018959 	9000.000000	0.0018923 	9000.000000	0.00267509	9000.000000	3.57961e-08	
9500.000000	0.00350746	9500.000000	0.00274878	9500.000000	0.00190517	9500.000000	0.00190162	9500.000000	0.00274874	9500.000000	3.40239e-08	
10000.000000	0.00366045	10000.000000	0.00282257	10000.000000	0.00191408	10000.000000	0.00191055	10000.000000	0.00282254	10000.000000	3.24235e-08	
11000.000000	0.00397623	11000.000000	0.00297043	11000.000000	0.00193088	11000.000000	0.00192734	11000.000000	0.0029704 	11000.000000	2.96462e-08	
12000.000000	0.00430478	12000.000000	0.00311847	12000.000000	0.0019464 	12000.000000	0.00194285	12000.000000	0.00311844	12000.000000	2.73182e-08	
13000.000000	0.00464587	13000.000000	0.00326655	13000.000000	0.00196076	13000.000000	0.00195723	13000.000000	0.00326652	13000.000000	2.53378e-08	
14000.000000	0.00499931	14000.000000	0.00341456	14000.000000	0.00197411	14000.000000	0.00197062	14000.000000	0.00341454	14000.000000	2.36319e-08	
15000.000000	0.00536501	15000.000000	0.00356244	15000.000000	0.00198657	15000.000000	0.00198313	15000.000000	0.00356242	15000.000000	2.21469e-08	
16000.000000	0.00574289	16000.000000	0.00371015	16000.000000	0.00199826	16000.000000	0.00199487	16000.000000	0.00371013	16000.000000	2.0842e-08	
17000.000000	0.00613292	17000.000000	0.00385766	17000.000000	0.00200926	17000.000000	0.0020059 	17000.000000	0.00385764	17000.000000	1.9686e-08	
18000.000000	0.00653506	18000.000000	0.00400495	18000.000000	0.00201964	18000.000000	0.00201632	18000.000000	0.00400493	18000.000000	1.86548e-08	
19000.000000	0.00694932	19000.000000	0.004152  	19000.000000	0.00202947	19000.000000	0.00202617	19000.000000	0.00415198	19000.000000	1.77289e-08	
20000.000000	0.00737571	20000.000000	0.00429882	20000.000000	0.00203881	20000.000000	0.00203551	20000.000000	0.0042988 	20000.000000	1.68928e-08	
21000.000000	0.00781423	21000.000000	0.00444539	21000.000000	0.00204769	21000.000000	0.00204439	21000.000000	0.00444537	21000.000000	1.61341e-08	
22000.000000	0.00826492	22000.000000	0.00459171	22000.000000	0.00205614	22000.000000	0.00205284	22000.000000	0.0045917 	22000.000000	1.54422e-08	
23000.000000	0.0087278 	23000.000000	0.00473779	23000.000000	0.00206411	23000.000000	0.00206092	23000.000000	0.00473778	23000.000000	1.48088e-08	
24000.000000	0.00920292	24000.000000	0.00488363	24000.000000	0.00207174	24000.000000	0.00206864	24000.000000	0.00488362	24000.000000	1.42266e-08	
25000.000000	0.00969032	25000.000000	0.00502924	25000.000000	0.00207914	25000.000000	0.00207603	25000.000000	0.00502922	25000.000000	1.36897e-08	
26000.000000	0.01019   	26000.000000	0.0051746 	26000.000000	0.00208623	26000.000000	0.00208313	26000.000000	0.00517459	26000.000000	1.31928e-08	
27000.000000	0.0107021 	27000.000000	0.00531974	27000.000000	0.00209298	27000.000000	0.00208994	27000.000000	0.00531973	27000.000000	1.27316e-08	
28000.000000	0.0112266 	28000.000000	0.00546465	28000.000000	0.00209945	28000.000000	0.0020965 	28000.000000	0.00546464	28000.000000	1.23024e-08	
29000.000000	0.0117636 	29000.000000	0.00560934	29000.000000	0.0021057 	29000.000000	0.00210282	29000.000000	0.00560933	29000.000000	1.1902e-08	
30000.000000	0.0123131 	30000.000000	0.00575382	30000.000000	0.00211174	30000.000000	0.00210891	30000.000000	0.00575381	30000.000000	1.15275e-08	
32000.000000	0.0134499 	32000.000000	0.00604213	32000.000000	0.0021232 	32000.000000	0.00212048	32000.000000	0.00604212	32000.000000	1.08466e-08	
34000.000000	0.0146376 	34000.000000	0.00632964	34000.000000	0.0021339 	34000.000000	0.00213131	34000.000000	0.00632963	34000.000000	1.02436e-08	
36000.000000	0.0158765 	36000.000000	0.00661637	36000.000000	0.00214394	36000.000000	0.0021415 	36000.000000	0.00661636	36000.000000	9.70575e-09	
38000.000000	0.0171673 	38000.000000	0.00690236	38000.000000	0.00215341	38000.000000	0.0021511 	38000.000000	0.00690235	38000.000000	9.22288e-09	
40000.000000	0.0185105 	40000.000000	0.00718763	40000.000000	0.00216237	40000.000000	0.00216018	40000.000000	0.00718763	40000.000000	8.78693e-09	
42000.000000	0.0199065 	42000.000000	0.00747224	42000.000000	0.00217085	42000.000000	0.00216879	42000.000000	0.00747223	42000.000000	8.39133e-09	
44000.000000	0.021356  	44000.000000	0.00775619	44000.000000	0.0021789 	44000.000000	0.00217698	44000.000000	0.00775618	44000.000000	8.03069e-09	
46000.000000	0.0228595 	46000.000000	0.00803951	46000.000000	0.00218654	46000.000000	0.00218478	46000.000000	0.00803951	46000.000000	7.70052e-09	
48000.000000	0.0244176 	48000.000000	0.00832224	48000.000000	0.00219383	48000.000000	0.00219223	48000.000000	0.00832224	48000.000000	7.39708e-09	
50000.000000	0.0260308 	50000.000000	0.0086044 	50000.000000	0.00220078	50000.000000	0.00219936	50000.000000	0.00860439	50000.000000	7.11725e-09	
