Energy (MeV/u)1	0 - [He-base] F.Hubert et al, AD&ND Tables 46(1990)1	Energy (MeV/u)2	1 - [H -base] J.F.Ziegler et al, Pergamon Press, NY (low energy)	Energy (MeV/u)3	2 - ATIMA 1.2  LS-theory (recommended for high energy)	Energy (MeV/u)4	3 - ATIMA 1.2  without LS-correction	Energy (MeV/u)5	4 - electrical component of [1] - J.F.Ziegler et al	Energy (MeV/u)6	5 - nuclear component of [1] - J.F.Ziegler et al	
0.001000	0.296162  	0.001000	0.271539  	0.001000	0.275895  	0.001000	0.275895  	0.001000	0.139976  	0.001000	0.131563  	
0.002000	0.320369  	0.002000	0.285403  	0.002000	0.291536  	0.002000	0.291536  	0.002000	0.183413  	0.002000	0.10199   	
0.005000	0.382557  	0.005000	0.326575  	0.005000	0.336863  	0.005000	0.336863  	0.005000	0.262413  	0.005000	0.064162  	
0.008000	0.43299   	0.008000	0.363824  	0.008000	0.377521  	0.008000	0.377521  	0.008000	0.31547   	0.008000	0.0483549 	
0.010000	0.462127  	0.010000	0.386239  	0.010000	0.401983  	0.010000	0.401983  	0.010000	0.344326  	0.010000	0.0419125 	
0.015000	0.531876  	0.015000	0.433635  	0.015000	0.455793  	0.015000	0.455793  	0.015000	0.401708  	0.015000	0.0319266 	
0.020000	0.58593   	0.020000	0.470357  	0.020000	0.510631  	0.020000	0.510631  	0.020000	0.444431  	0.020000	0.0259258 	
0.025000	0.647589  	0.025000	0.514138  	0.025000	0.564671  	0.025000	0.564671  	0.025000	0.492113  	0.025000	0.0220248 	
0.030000	0.700742  	0.030000	0.557274  	0.030000	0.612133  	0.030000	0.612133  	0.030000	0.538005  	0.030000	0.0192681 	
0.035000	0.744438  	0.035000	0.59806   	0.035000	0.65755   	0.035000	0.65755   	0.035000	0.580882  	0.035000	0.0171779 	
0.040000	0.778905  	0.040000	0.636451  	0.040000	0.700939  	0.040000	0.700939  	0.040000	0.620918  	0.040000	0.0155328 	
0.045000	0.804515  	0.045000	0.672465  	0.045000	0.742323  	0.045000	0.742323  	0.045000	0.658265  	0.045000	0.0142006 	
0.050000	0.821787  	0.050000	0.706119  	0.050000	0.78173   	0.050000	0.78173   	0.050000	0.693021  	0.050000	0.0130975 	
0.055000	0.857327  	0.055000	0.743486  	0.055000	0.819191  	0.055000	0.819191  	0.055000	0.731319  	0.055000	0.0121675 	
0.060000	0.895083  	0.060000	0.782893  	0.060000	0.854742  	0.060000	0.854742  	0.060000	0.771521  	0.060000	0.0113716 	
0.070000	0.95671   	0.070000	0.862757  	0.070000	0.920275  	0.070000	0.920275  	0.070000	0.852678  	0.070000	0.0100783 	
0.080000	1.02071   	0.080000	0.933017  	0.080000	0.978692  	0.080000	0.978692  	0.080000	0.923948  	0.080000	0.0090696 	
0.090000	1.07167   	0.090000	0.994715  	0.090000	1.03042   	0.090000	1.03042   	0.090000	0.986456  	0.090000	0.00825871	
0.100000	1.11247   	0.100000	1.0483    	0.100000	1.07592   	0.100000	1.07592   	0.100000	1.04071   	0.100000	0.00759131	
0.120000	1.13947   	0.120000	1.13063   	0.120000	1.15019   	0.120000	1.15019   	0.120000	1.12408   	0.120000	0.00655462	
0.140000	1.14987   	0.140000	1.18552   	0.140000	1.20544   	0.140000	1.20544   	0.140000	1.17974   	0.140000	0.00578386	
0.160000	1.15698   	0.160000	1.22407   	0.160000	1.24533   	0.160000	1.24533   	0.160000	1.21888   	0.160000	0.0051864 	
0.180000	1.16443   	0.180000	1.25059   	0.180000	1.2731    	0.180000	1.2731    	0.180000	1.24588   	0.180000	0.00470856	
0.200000	1.17567   	0.200000	1.27034   	0.200000	1.29143   	0.200000	1.29143   	0.200000	1.26602   	0.200000	0.00431694	
0.250000	1.17679   	0.250000	1.29635   	0.250000	1.30935   	0.250000	1.30935   	0.250000	1.29276   	0.250000	0.0035878 	
0.300000	1.17835   	0.300000	1.30039   	0.300000	1.30435   	0.300000	1.30435   	0.300000	1.29731   	0.300000	0.00308124	
0.350000	1.18795   	0.350000	1.30526   	0.350000	1.28882   	0.350000	1.28882   	0.350000	1.30255   	0.350000	0.00270731	
0.400000	1.20678   	0.400000	1.32131   	0.400000	1.26894   	0.400000	1.26894   	0.400000	1.31889   	0.400000	0.00241911	
0.450000	1.21765   	0.450000	1.33013   	0.450000	1.2529    	0.450000	1.2529    	0.450000	1.32794   	0.450000	0.00218969	
0.500000	1.22287   	0.500000	1.33525   	0.500000	1.24086   	0.500000	1.24086   	0.500000	1.33324   	0.500000	0.00200241	
0.600000	1.17294   	0.600000	1.29731   	0.600000	1.21145   	0.600000	1.21145   	0.600000	1.2956    	0.600000	0.00171438	
0.700000	1.10354   	0.700000	1.244     	0.700000	1.17791   	0.700000	1.17791   	0.700000	1.2425    	0.700000	0.00150259	
0.800000	1.07449   	0.800000	1.19352   	0.800000	1.1425    	0.800000	1.1425    	0.800000	1.19218   	0.800000	0.00133987	
0.900000	1.04347   	0.900000	1.14474   	0.900000	1.10891   	0.900000	1.10891   	0.900000	1.14353   	0.900000	0.00121068	
1.000000	1.01252   	1.000000	1.09877   	1.000000	1.07704   	1.000000	1.07704   	1.000000	1.09767   	1.000000	0.00110546	
1.250000	0.935426  	1.250000	1.01981   	1.250000	1.00365   	1.250000	1.00365   	1.250000	1.0189    	1.250000	0.00091122	
1.500000	0.866183  	1.500000	0.951402  	1.500000	0.934505  	1.500000	0.934505  	1.500000	0.950624  	1.500000	0.000777632	
1.750000	0.804123  	1.750000	0.890868  	1.750000	0.875615  	1.750000	0.875615  	1.750000	0.890188  	1.750000	0.000679791	
2.000000	0.750002  	2.000000	0.838571  	2.000000	0.824215  	2.000000	0.824215  	2.000000	0.837966  	2.000000	0.000604859	
2.250000	0.703294  	2.250000	0.78754   	2.250000	0.778712  	2.250000	0.778712  	2.250000	0.786994  	2.250000	0.000545526	
2.500000	0.666466  	2.500000	0.740684  	2.500000	0.738053  	2.500000	0.738053  	2.500000	0.740187  	2.500000	0.000497313	
3.000000	0.59666   	3.000000	0.663736  	3.000000	0.668375  	3.000000	0.668375  	3.000000	0.663312  	3.000000	0.000423568	
3.500000	0.540646  	3.500000	0.602507  	3.500000	0.610829  	3.500000	0.610829  	3.500000	0.602138  	3.500000	0.000369683	
4.000000	0.494719  	4.000000	0.552168  	4.000000	0.562528  	4.000000	0.562528  	4.000000	0.55184   	4.000000	0.000328494	
4.500000	0.456374  	4.500000	0.509814  	4.500000	0.521435  	4.500000	0.521435  	4.500000	0.509518  	4.500000	0.000295931	
5.000000	0.423864  	5.000000	0.47382   	5.000000	0.486061  	5.000000	0.486061  	5.000000	0.473551  	5.000000	0.000269508	
5.500000	0.39594   	5.500000	0.44321   	5.500000	0.455298  	5.500000	0.455298  	5.500000	0.442963  	5.500000	0.000247613	
6.000000	0.371686  	6.000000	0.416498  	6.000000	0.428302  	6.000000	0.428302  	6.000000	0.416269  	6.000000	0.00022916	
6.500000	0.350415  	6.500000	0.392961  	6.500000	0.404422  	6.500000	0.404422  	6.500000	0.392748  	6.500000	0.000213385	
7.000000	0.331602  	7.000000	0.37205   	7.000000	0.383147  	7.000000	0.383147  	7.000000	0.37185   	7.000000	0.000199735	
7.500000	0.314838  	7.500000	0.353341  	7.500000	0.364072  	7.500000	0.364072  	7.500000	0.353153  	7.500000	0.000187803	
8.000000	0.299803  	8.000000	0.336497  	8.000000	0.34687   	8.000000	0.34687   	8.000000	0.33632   	8.000000	0.000177279	
8.500000	0.286239  	8.500000	0.32125   	8.500000	0.331278  	8.500000	0.331278  	8.500000	0.321083  	8.500000	0.000167923	
9.000000	0.273936  	9.000000	0.30738   	9.000000	0.317079  	9.000000	0.317079  	9.000000	0.307221  	9.000000	0.00015955	
9.500000	0.262724  	9.500000	0.294707  	9.500000	0.304092  	9.500000	0.304092  	9.500000	0.294555  	9.500000	0.000152008	
10.000000	0.252463  	10.000000	0.291742  	10.000000	0.292168  	10.000000	0.292168  	10.000000	0.291597  	10.000000	0.000145179	
11.000000	0.234339  	11.000000	0.271121  	11.000000	0.270753  	11.000000	0.271003  	11.000000	0.270988  	11.000000	0.000133285	
12.000000	0.218828  	12.000000	0.253355  	12.000000	0.252394  	12.000000	0.252808  	12.000000	0.253232  	12.000000	0.000123268	
13.000000	0.205396  	13.000000	0.237891  	13.000000	0.23648   	13.000000	0.237007  	13.000000	0.237776  	13.000000	0.000114712	
14.000000	0.193646  	14.000000	0.22431   	14.000000	0.22256   	14.000000	0.223163  	14.000000	0.224202  	14.000000	0.000107314	
15.000000	0.183276  	15.000000	0.212287  	15.000000	0.210291  	15.000000	0.21094   	15.000000	0.212186  	15.000000	0.000100852	
16.000000	0.174053  	16.000000	0.201569  	16.000000	0.199401  	16.000000	0.200074  	16.000000	0.201474  	16.000000	9.51554e-05	
17.000000	0.165795  	17.000000	0.191954  	17.000000	0.189674  	17.000000	0.190356  	17.000000	0.191864  	17.000000	9.00945e-05	
18.000000	0.158355  	18.000000	0.183279  	18.000000	0.180938  	18.000000	0.181617  	18.000000	0.183194  	18.000000	8.55668e-05	
19.000000	0.151616  	19.000000	0.175413  	19.000000	0.173052  	19.000000	0.17372   	19.000000	0.175331  	19.000000	8.14913e-05	
20.000000	0.145481  	20.000000	0.168247  	20.000000	0.165894  	20.000000	0.166553  	20.000000	0.168169  	20.000000	7.78025e-05	
21.000000	0.139873  	21.000000	0.16169   	21.000000	0.159376  	21.000000	0.160021  	21.000000	0.161616  	21.000000	7.44471e-05	
22.000000	0.134724  	22.000000	0.155669  	22.000000	0.153424  	22.000000	0.154048  	22.000000	0.155597  	22.000000	7.13812e-05	
23.000000	0.129979  	23.000000	0.150119  	23.000000	0.147968  	23.000000	0.148567  	23.000000	0.15005   	23.000000	6.85683e-05	
24.000000	0.125593  	24.000000	0.144987  	24.000000	0.142943  	24.000000	0.143522  	24.000000	0.144921  	24.000000	6.5978e-05	
25.000000	0.121525  	25.000000	0.140227  	25.000000	0.138303  	25.000000	0.138866  	25.000000	0.140164  	25.000000	6.35845e-05	
27.000000	0.114213  	27.000000	0.131672  	27.000000	0.13005   	27.000000	0.130562  	27.000000	0.131612  	27.000000	5.93033e-05	
29.000000	0.107823  	29.000000	0.124197  	29.000000	0.122938  	29.000000	0.12339   	29.000000	0.124141  	29.000000	5.5584e-05	
31.000000	0.102188  	31.000000	0.117608  	31.000000	0.116622  	31.000000	0.117006  	31.000000	0.117556  	31.000000	5.23215e-05	
33.000000	0.0971797 	33.000000	0.111756  	33.000000	0.110909  	33.000000	0.111222  	33.000000	0.111706  	33.000000	4.94355e-05	
35.000000	0.0926977 	35.000000	0.106521  	35.000000	0.105797  	35.000000	0.106048  	35.000000	0.106475  	35.000000	4.68635e-05	
38.000000	0.0867904 	38.000000	0.0996287 	38.000000	0.099061  	38.000000	0.0992321 	38.000000	0.0995853 	38.000000	4.34892e-05	
41.000000	0.0816818 	41.000000	0.093675  	41.000000	0.0932246 	41.000000	0.0933408 	41.000000	0.0936344 	41.000000	4.05859e-05	
44.000000	0.0772175 	44.000000	0.0884786 	44.000000	0.0881219 	44.000000	0.0881953 	44.000000	0.0884405 	44.000000	3.806e-05 	
47.000000	0.073281  	47.000000	0.0839023 	47.000000	0.0836234 	47.000000	0.0836604 	47.000000	0.0838664 	47.000000	3.58418e-05	
50.000000	0.0697823 	50.000000	0.0798401 	50.000000	0.0796278 	50.000000	0.0796318 	50.000000	0.0798062 	50.000000	3.38774e-05	
55.000000	0.0647392 	55.000000	0.0739949 	55.000000	0.0738575 	55.000000	0.073829  	55.000000	0.0739638 	55.000000	3.10583e-05	
60.000000	0.0604781 	60.000000	0.0690669 	60.000000	0.0689924 	60.000000	0.0689307 	60.000000	0.0690383 	60.000000	2.86882e-05	
65.000000	0.0568273 	65.000000	0.064854  	65.000000	0.0648163 	65.000000	0.0647381 	65.000000	0.0648273 	65.000000	2.66666e-05	
70.000000	0.053662  	70.000000	0.0612093 	70.000000	0.0612    	70.000000	0.0611071 	70.000000	0.0611844 	70.000000	2.49211e-05	
75.000000	0.0508897 	75.000000	0.0580241 	75.000000	0.0580354 	75.000000	0.0579305 	75.000000	0.0580007 	75.000000	2.33981e-05	
80.000000	0.04844   	80.000000	0.0552157 	80.000000	0.0552421 	80.000000	0.0551272 	80.000000	0.0551937 	80.000000	2.2057e-05	
85.000000	0.0462586 	85.000000	0.0527204 	85.000000	0.0527575 	85.000000	0.0526342 	85.000000	0.0526995 	85.000000	2.08668e-05	
90.000000	0.0443028 	90.000000	0.050488  	90.000000	0.0505325 	90.000000	0.0504022 	90.000000	0.0504682 	90.000000	1.98031e-05	
95.000000	0.0425386 	95.000000	0.0484788 	95.000000	0.0485221 	95.000000	0.0483919 	95.000000	0.0484599 	95.000000	1.88464e-05	
100.000000	0.0409386 	100.000000	0.0466604 	100.000000	0.0467071 	100.000000	0.0465714 	100.000000	0.0466424 	100.000000	1.79813e-05	
105.000000	0.0394803 	105.000000	0.0450067 	105.000000	0.0450559 	105.000000	0.0449149 	105.000000	0.0449895 	105.000000	1.71949e-05	
110.000000	0.0381452 	110.000000	0.0434961 	110.000000	0.0435413 	110.000000	0.0434009 	110.000000	0.0434796 	110.000000	1.64769e-05	
115.000000	0.0369181 	115.000000	0.0421106 	115.000000	0.0421546 	115.000000	0.0420117 	115.000000	0.0420948 	115.000000	1.58187e-05	
120.000000	0.0357861 	120.000000	0.0408352 	120.000000	0.0408774 	120.000000	0.0407324 	120.000000	0.0408199 	120.000000	1.52129e-05	
125.000000	0.0347381 	125.000000	0.0396571 	125.000000	0.0396934 	125.000000	0.0395503 	125.000000	0.0396424 	125.000000	1.46535e-05	
130.000000	0.0337651 	130.000000	0.0385656 	130.000000	0.038597  	130.000000	0.0384547 	130.000000	0.0385514 	130.000000	1.41353e-05	
135.000000	0.0328589 	135.000000	0.0375513 	135.000000	0.0375813 	135.000000	0.0374364 	135.000000	0.0375376 	135.000000	1.36538e-05	
140.000000	0.0320129 	140.000000	0.0366063 	140.000000	0.0366332 	140.000000	0.0364875 	140.000000	0.0365931 	140.000000	1.32052e-05	
145.000000	0.0312209 	145.000000	0.0357237 	145.000000	0.035745  	145.000000	0.035601  	145.000000	0.0357109 	145.000000	1.27863e-05	
150.000000	0.030478  	150.000000	0.0348975 	150.000000	0.0349139 	150.000000	0.034771  	150.000000	0.0348851 	150.000000	1.23941e-05	
155.000000	0.0294318 	155.000000	0.0341223 	155.000000	0.0341366 	155.000000	0.0339923 	155.000000	0.0341103 	155.000000	1.20261e-05	
160.000000	0.0288186 	160.000000	0.0333937 	160.000000	0.0334059 	160.000000	0.0332602 	160.000000	0.033382  	160.000000	1.16801e-05	
165.000000	0.0282403 	165.000000	0.0327074 	165.000000	0.0327153 	165.000000	0.0325706 	165.000000	0.0326961 	165.000000	1.13542e-05	
170.000000	0.0276941 	170.000000	0.0320599 	170.000000	0.0320635 	170.000000	0.0319201 	170.000000	0.0320489 	170.000000	1.10467e-05	
175.000000	0.0271772 	175.000000	0.0314481 	175.000000	0.0314478 	175.000000	0.0313052 	175.000000	0.0314373 	175.000000	1.0756e-05	
180.000000	0.0266874 	180.000000	0.0308689 	180.000000	0.030865  	180.000000	0.0307233 	180.000000	0.0308584 	180.000000	1.04807e-05	
185.000000	0.0262225 	185.000000	0.0303199 	185.000000	0.0303125 	185.000000	0.0301717 	185.000000	0.0303097 	185.000000	1.02198e-05	
190.000000	0.0257806 	190.000000	0.0297988 	190.000000	0.0297882 	190.000000	0.0296481 	190.000000	0.0297888 	190.000000	9.97193e-06	
195.000000	0.0253602 	195.000000	0.0293034 	195.000000	0.0292894 	195.000000	0.0291505 	195.000000	0.0292937 	195.000000	9.73627e-06	
200.000000	0.0249595 	200.000000	0.028832  	200.000000	0.0288149 	200.000000	0.0286769 	200.000000	0.0288225 	200.000000	9.51191e-06	
210.000000	0.0242123 	210.000000	0.0279542 	210.000000	0.027935  	210.000000	0.0277954 	210.000000	0.0279452 	210.000000	9.09391e-06	
220.000000	0.0235294 	220.000000	0.0271538 	220.000000	0.0271305 	220.000000	0.0269917 	220.000000	0.0271451 	220.000000	8.71235e-06	
230.000000	0.0229027 	230.000000	0.026421  	230.000000	0.0263933 	230.000000	0.0262562 	230.000000	0.0264126 	230.000000	8.36262e-06	
240.000000	0.0223256 	240.000000	0.0257475 	240.000000	0.0257163 	240.000000	0.0255805 	240.000000	0.0257395 	240.000000	8.04085e-06	
250.000000	0.0217923 	250.000000	0.0251266 	250.000000	0.0250923 	250.000000	0.0249578 	250.000000	0.0251188 	250.000000	7.74378e-06	
260.000000	0.0212981 	260.000000	0.0245522 	260.000000	0.0245153 	260.000000	0.0243821 	260.000000	0.0245447 	260.000000	7.46863e-06	
270.000000	0.0208388 	270.000000	0.0240195 	270.000000	0.0239804 	270.000000	0.0238484 	270.000000	0.0240122 	270.000000	7.21304e-06	
280.000000	0.0204108 	280.000000	0.023524  	280.000000	0.0234832 	280.000000	0.0233523 	280.000000	0.023517  	280.000000	6.97497e-06	
290.000000	0.020011  	290.000000	0.0230621 	290.000000	0.0230199 	290.000000	0.02289   	290.000000	0.0230553 	290.000000	6.75265e-06	
300.000000	0.0196367 	300.000000	0.0226304 	300.000000	0.0225872 	300.000000	0.0224584 	300.000000	0.0226239 	300.000000	6.54456e-06	
310.000000	0.0192856 	310.000000	0.0222262 	310.000000	0.0221823 	310.000000	0.0220544 	310.000000	0.0222199 	310.000000	6.34935e-06	
320.000000	0.0189556 	320.000000	0.021847  	320.000000	0.0218026 	320.000000	0.0216756 	320.000000	0.0218409 	320.000000	6.16586e-06	
330.000000	0.0186449 	330.000000	0.0214906 	330.000000	0.0214459 	330.000000	0.0213198 	330.000000	0.0214846 	330.000000	5.99304e-06	
340.000000	0.0183519 	340.000000	0.0211549 	340.000000	0.0211102 	340.000000	0.0209849 	340.000000	0.0211491 	340.000000	5.82998e-06	
350.000000	0.0180751 	350.000000	0.0208383 	350.000000	0.0207938 	350.000000	0.0206693 	350.000000	0.0208326 	350.000000	5.67587e-06	
360.000000	0.0178131 	360.000000	0.0205393 	360.000000	0.0204952 	360.000000	0.0203714 	360.000000	0.0205338 	360.000000	5.52997e-06	
370.000000	0.017565  	370.000000	0.0202564 	370.000000	0.0202113 	370.000000	0.0200883 	370.000000	0.020251  	370.000000	5.39165e-06	
380.000000	0.0173296 	380.000000	0.0199884 	380.000000	0.0199426 	380.000000	0.0198203 	380.000000	0.0199832 	380.000000	5.26032e-06	
390.000000	0.017106  	390.000000	0.0197343 	390.000000	0.0196878 	390.000000	0.0195662 	390.000000	0.0197291 	390.000000	5.13546e-06	
400.000000	0.0168934 	400.000000	0.0194929 	400.000000	0.0194461 	400.000000	0.0193251 	400.000000	0.0194879 	400.000000	5.01659e-06	
410.000000	0.0166909 	410.000000	0.0192635 	410.000000	0.0192164 	410.000000	0.0190961 	410.000000	0.0192586 	410.000000	4.9033e-06	
420.000000	0.016498  	420.000000	0.0190451 	420.000000	0.0189979 	420.000000	0.0188782 	420.000000	0.0190403 	420.000000	4.79518e-06	
430.000000	0.0163139 	430.000000	0.018837  	430.000000	0.0187898 	430.000000	0.0186707 	430.000000	0.0188323 	430.000000	4.6919e-06	
440.000000	0.0161382 	440.000000	0.0186385 	440.000000	0.0185916 	440.000000	0.018473  	440.000000	0.0186339 	440.000000	4.59312e-06	
450.000000	0.0159702 	450.000000	0.0184491 	450.000000	0.0184024 	450.000000	0.0182843 	450.000000	0.0184446 	450.000000	4.49856e-06	
460.000000	0.0158095 	460.000000	0.0182681 	460.000000	0.0182217 	460.000000	0.0181042 	460.000000	0.0182637 	460.000000	4.40795e-06	
470.000000	0.0156556 	470.000000	0.018095  	470.000000	0.0180491 	470.000000	0.0179321 	470.000000	0.0180907 	470.000000	4.32105e-06	
480.000000	0.0155082 	480.000000	0.0179294 	480.000000	0.017884  	480.000000	0.0177675 	480.000000	0.0179251 	480.000000	4.23763e-06	
490.000000	0.0153669 	490.000000	0.0177707 	490.000000	0.0177259 	490.000000	0.0176099 	490.000000	0.0177666 	490.000000	4.15747e-06	
500.000000	0.0152313 	500.000000	0.0176187 	500.000000	0.0175745 	500.000000	0.0174589 	500.000000	0.0176146 	500.000000	4.0804e-06	
520.000000	0.014976  	520.000000	0.0173328 	520.000000	0.0172901 	520.000000	0.0171753 	520.000000	0.0173289 	520.000000	3.93481e-06	
540.000000	0.01474   	540.000000	0.0170691 	540.000000	0.017028  	540.000000	0.0169141 	540.000000	0.0170653 	540.000000	3.79959e-06	
560.000000	0.0145214 	560.000000	0.0168253 	560.000000	0.0167858 	560.000000	0.0166727 	560.000000	0.0168216 	560.000000	3.67365e-06	
580.000000	0.0143185 	580.000000	0.0165993 	580.000000	0.0165616 	580.000000	0.0164492 	580.000000	0.0165958 	580.000000	3.55608e-06	
600.000000	0.0141298 	600.000000	0.0163895 	600.000000	0.0163538 	600.000000	0.0162419 	600.000000	0.016386  	600.000000	3.44604e-06	
620.000000	0.0139539 	620.000000	0.0161942 	620.000000	0.0161602 	620.000000	0.0160491 	620.000000	0.0161909 	620.000000	3.34283e-06	
640.000000	0.0137898 	640.000000	0.0160123 	640.000000	0.0159791 	640.000000	0.0158695 	640.000000	0.016009  	640.000000	3.24583e-06	
660.000000	0.0136364 	660.000000	0.0158424 	660.000000	0.0158101 	660.000000	0.0157019 	660.000000	0.0158392 	660.000000	3.15448e-06	
680.000000	0.0134928 	680.000000	0.0156836 	680.000000	0.0156529 	680.000000	0.0155453 	680.000000	0.0156805 	680.000000	3.06831e-06	
700.000000	0.0133583 	700.000000	0.0155349 	700.000000	0.015506  	700.000000	0.0153987 	700.000000	0.0155319 	700.000000	2.98687e-06	
720.000000	0.0132321 	720.000000	0.0153955 	720.000000	0.0153682 	720.000000	0.0152613 	720.000000	0.0153926 	720.000000	2.90979e-06	
740.000000	0.0131135 	740.000000	0.0152646 	740.000000	0.0152387 	740.000000	0.0151324 	740.000000	0.0152618 	740.000000	2.83671e-06	
760.000000	0.0130021 	760.000000	0.0151417 	760.000000	0.0151171 	760.000000	0.0150112 	760.000000	0.015139  	760.000000	2.76734e-06	
780.000000	0.0128972 	780.000000	0.0150261 	780.000000	0.0150026 	780.000000	0.0148971 	780.000000	0.0150234 	780.000000	2.70139e-06	
800.000000	0.0127985 	800.000000	0.0149173 	800.000000	0.0148949 	800.000000	0.0147897 	800.000000	0.0149147 	800.000000	2.63862e-06	
820.000000	0.0127055 	820.000000	0.0148148 	820.000000	0.0147932 	820.000000	0.0146885 	820.000000	0.0148122 	820.000000	2.57879e-06	
840.000000	0.0126178 	840.000000	0.0147182 	840.000000	0.0146973 	840.000000	0.0145929 	840.000000	0.0147156 	840.000000	2.52171e-06	
860.000000	0.012535  	860.000000	0.0146269 	860.000000	0.0146067 	860.000000	0.0145026 	860.000000	0.0146245 	860.000000	2.46718e-06	
880.000000	0.0124569 	880.000000	0.0145408 	880.000000	0.014521  	880.000000	0.0144172 	880.000000	0.0145384 	880.000000	2.41503e-06	
900.000000	0.0123831 	900.000000	0.0144595 	900.000000	0.0144399 	900.000000	0.0143364 	900.000000	0.0144571 	900.000000	2.36512e-06	
920.000000	0.0123134 	920.000000	0.0143826 	920.000000	0.0143631 	920.000000	0.0142599 	920.000000	0.0143803 	920.000000	2.3173e-06	
940.000000	0.0122476 	940.000000	0.0143099 	940.000000	0.0142903 	940.000000	0.0141874 	940.000000	0.0143076 	940.000000	2.27144e-06	
960.000000	0.0121854 	960.000000	0.0142411 	960.000000	0.0142213 	960.000000	0.0141187 	960.000000	0.0142389 	960.000000	2.22741e-06	
980.000000	0.0121266 	980.000000	0.014176  	980.000000	0.0141558 	980.000000	0.0140534 	980.000000	0.0141739 	980.000000	2.18512e-06	
1000.000000	0.012071  	1000.000000	0.0141144 	1000.000000	0.0140936 	1000.000000	0.0139915 	1000.000000	0.0141123 	1000.000000	2.14446e-06	
1020.000000	0.0120184 	1020.000000	0.0140561 	1020.000000	0.0140344 	1020.000000	0.0139326 	1020.000000	0.014054  	1020.000000	2.10533e-06	
1040.000000	0.0119687 	1040.000000	0.0140008 	1040.000000	0.0139782 	1040.000000	0.0138767 	1040.000000	0.0139988 	1040.000000	2.06765e-06	
1060.000000	0.0119217 	1060.000000	0.0139485 	1060.000000	0.0139248 	1060.000000	0.0138234 	1060.000000	0.0139465 	1060.000000	2.03134e-06	
1080.000000	0.0118773 	1080.000000	0.0138989 	1080.000000	0.0138739 	1080.000000	0.0137728 	1080.000000	0.0138969 	1080.000000	1.99633e-06	
1100.000000	0.0118353 	1100.000000	0.013852  	1100.000000	0.0138255 	1100.000000	0.0137246 	1100.000000	0.01385   	1100.000000	1.96254e-06	
1120.000000	0.0117957 	1120.000000	0.0138075 	1120.000000	0.0137794 	1120.000000	0.0136787 	1120.000000	0.0138055 	1120.000000	1.92991e-06	
1140.000000	0.0117582 	1140.000000	0.0137653 	1140.000000	0.0137355 	1140.000000	0.0136349 	1140.000000	0.0137634 	1140.000000	1.89839e-06	
1160.000000	0.0117229 	1160.000000	0.0137254 	1160.000000	0.0136937 	1160.000000	0.0135932 	1160.000000	0.0137235 	1160.000000	1.86791e-06	
1180.000000	0.0116896 	1180.000000	0.0136876 	1180.000000	0.0136537 	1180.000000	0.0135535 	1180.000000	0.0136858 	1180.000000	1.83843e-06	
1200.000000	0.0116581 	1200.000000	0.0136518 	1200.000000	0.0136155 	1200.000000	0.0135155 	1200.000000	0.01365   	1200.000000	1.8099e-06	
1220.000000	0.0116285 	1220.000000	0.0136179 	1220.000000	0.013579  	1220.000000	0.0134793 	1220.000000	0.0136161 	1220.000000	1.78227e-06	
1240.000000	0.0116007 	1240.000000	0.0135859 	1240.000000	0.013544  	1240.000000	0.0134448 	1240.000000	0.0135841 	1240.000000	1.75549e-06	
1260.000000	0.0115744 	1260.000000	0.0135556 	1260.000000	0.0135106 	1260.000000	0.0134118 	1260.000000	0.0135538 	1260.000000	1.72954e-06	
1280.000000	0.0115498 	1280.000000	0.0135269 	1280.000000	0.0134787 	1280.000000	0.0133804 	1280.000000	0.0135252 	1280.000000	1.70436e-06	
1300.000000	0.0115267 	1300.000000	0.0134998 	1300.000000	0.0134483 	1300.000000	0.0133503 	1300.000000	0.0134982 	1300.000000	1.67994e-06	
1320.000000	0.0115051 	1320.000000	0.0134743 	1320.000000	0.0134193 	1320.000000	0.0133216 	1320.000000	0.0134726 	1320.000000	1.65622e-06	
1340.000000	0.0114848 	1340.000000	0.0134502 	1340.000000	0.0133916 	1340.000000	0.0132942 	1340.000000	0.0134485 	1340.000000	1.63319e-06	
1360.000000	0.0114659 	1360.000000	0.0134275 	1360.000000	0.0133653 	1360.000000	0.013268  	1360.000000	0.0134258 	1360.000000	1.61081e-06	
1380.000000	0.0114482 	1380.000000	0.013406  	1380.000000	0.0133401 	1380.000000	0.0132429 	1380.000000	0.0134045 	1380.000000	1.58906e-06	
1400.000000	0.0114318 	1400.000000	0.0133859 	1400.000000	0.0133161 	1400.000000	0.013219  	1400.000000	0.0133843 	1400.000000	1.5679e-06	
1420.000000	0.0114166 	1420.000000	0.013367  	1420.000000	0.0132931 	1420.000000	0.0131961 	1420.000000	0.0133654 	1420.000000	1.54732e-06	
1440.000000	0.0114025 	1440.000000	0.0133492 	1440.000000	0.0132712 	1440.000000	0.0131743 	1440.000000	0.0133477 	1440.000000	1.52729e-06	
1460.000000	0.0113895 	1460.000000	0.0133326 	1460.000000	0.0132502 	1460.000000	0.0131534 	1460.000000	0.0133311 	1460.000000	1.50779e-06	
1480.000000	0.0113776 	1480.000000	0.013317  	1480.000000	0.0132301 	1480.000000	0.0131334 	1480.000000	0.0133156 	1480.000000	1.4888e-06	
1500.000000	0.0113667 	1500.000000	0.0133025 	1500.000000	0.0132109 	1500.000000	0.0131143 	1500.000000	0.013301  	1500.000000	1.4703e-06	
1520.000000	0.0113568 	1520.000000	0.013289  	1520.000000	0.0131926 	1520.000000	0.013096  	1520.000000	0.0132875 	1520.000000	1.45226e-06	
1540.000000	0.0113478 	1540.000000	0.0132764 	1540.000000	0.013175  	1540.000000	0.0130786 	1540.000000	0.013275  	1540.000000	1.43468e-06	
1560.000000	0.0113397 	1560.000000	0.0132647 	1560.000000	0.0131582 	1560.000000	0.0130619 	1560.000000	0.0132633 	1560.000000	1.41753e-06	
1580.000000	0.0113325 	1580.000000	0.0132539 	1580.000000	0.0131422 	1580.000000	0.013046  	1580.000000	0.0132525 	1580.000000	1.4008e-06	
1600.000000	0.0113261 	1600.000000	0.013244  	1600.000000	0.0131269 	1600.000000	0.0130307 	1600.000000	0.0132426 	1600.000000	1.38447e-06	
1620.000000	0.0113206 	1620.000000	0.0132349 	1620.000000	0.0131122 	1620.000000	0.0130162 	1620.000000	0.0132335 	1620.000000	1.36853e-06	
1640.000000	0.0113158 	1640.000000	0.0132265 	1640.000000	0.0130982 	1640.000000	0.0130023 	1640.000000	0.0132252 	1640.000000	1.35297e-06	
1660.000000	0.0113118 	1660.000000	0.013219  	1660.000000	0.0130849 	1660.000000	0.012989  	1660.000000	0.0132176 	1660.000000	1.33776e-06	
1680.000000	0.0113086 	1680.000000	0.0132121 	1680.000000	0.0130721 	1680.000000	0.0129764 	1680.000000	0.0132108 	1680.000000	1.32291e-06	
1700.000000	0.0113061 	1700.000000	0.013206  	1700.000000	0.01306   	1700.000000	0.0129643 	1700.000000	0.0132047 	1700.000000	1.30839e-06	
1750.000000	0.0113027 	1750.000000	0.0131936 	1750.000000	0.0130319 	1750.000000	0.0129364 	1750.000000	0.0131924 	1750.000000	1.2735e-06	
1800.000000	0.0113034 	1800.000000	0.0131852 	1800.000000	0.013007  	1800.000000	0.0129117 	1800.000000	0.013184  	1800.000000	1.24048e-06	
1850.000000	0.0113078 	1850.000000	0.0131804 	1850.000000	0.0129849 	1850.000000	0.0128897 	1850.000000	0.0131791 	1850.000000	1.20918e-06	
1900.000000	0.0113156 	1900.000000	0.0131788 	1900.000000	0.0129654 	1900.000000	0.0128704 	1900.000000	0.0131777 	1900.000000	1.17947e-06	
1950.000000	0.0113267 	1950.000000	0.0131804 	1950.000000	0.0129483 	1950.000000	0.0128534 	1950.000000	0.0131792 	1950.000000	1.15123e-06	
2000.000000	0.0113407 	2000.000000	0.0131848 	2000.000000	0.0129333 	2000.000000	0.0128386 	2000.000000	0.0131837 	2000.000000	1.12436e-06	
2100.000000	0.0113771 	2100.000000	0.0132013 	2100.000000	0.012909  	2100.000000	0.0128146 	2100.000000	0.0132002 	2100.000000	1.07431e-06	
2200.000000	0.0114232 	2200.000000	0.0132269 	2200.000000	0.0128914 	2200.000000	0.0127972 	2200.000000	0.0132259 	2200.000000	1.02866e-06	
2300.000000	0.0114781 	2300.000000	0.0132605 	2300.000000	0.0128792 	2300.000000	0.0127853 	2300.000000	0.0132595 	2300.000000	9.86841e-07	
2400.000000	0.0115407 	2400.000000	0.013301  	2400.000000	0.0128718 	2400.000000	0.012778  	2400.000000	0.0133001 	2400.000000	9.4839e-07	
2500.000000	0.0116103 	2500.000000	0.0133476 	2500.000000	0.0128683 	2500.000000	0.0127747 	2500.000000	0.0133467 	2500.000000	9.1291e-07	
2600.000000	0.0116862 	2600.000000	0.0133996 	2600.000000	0.0128682 	2600.000000	0.0127748 	2600.000000	0.0133987 	2600.000000	8.80067e-07	
2700.000000	0.0117678 	2700.000000	0.0134564 	2700.000000	0.0128709 	2700.000000	0.0127778 	2700.000000	0.0134556 	2700.000000	8.49575e-07	
2800.000000	0.0118545 	2800.000000	0.0135175 	2800.000000	0.0128761 	2800.000000	0.0127832 	2800.000000	0.0135167 	2800.000000	8.21186e-07	
2900.000000	0.0119459 	2900.000000	0.0135824 	2900.000000	0.0128834 	2900.000000	0.0127907 	2900.000000	0.0135816 	2900.000000	7.9469e-07	
3000.000000	0.0120418 	3000.000000	0.0136507 	3000.000000	0.0128925 	3000.000000	0.0128    	3000.000000	0.0136499 	3000.000000	7.699e-07 	
3200.000000	0.0122452 	3200.000000	0.0137963 	3200.000000	0.0129152 	3200.000000	0.0128232 	3200.000000	0.0137955 	3200.000000	7.24814e-07	
3400.000000	0.0124624 	3400.000000	0.013952  	3400.000000	0.0129425 	3400.000000	0.0128509 	3400.000000	0.0139513 	3400.000000	6.8486e-07	
3600.000000	0.0126918 	3600.000000	0.0141162 	3600.000000	0.0129734 	3600.000000	0.0128821 	3600.000000	0.0141156 	3600.000000	6.49201e-07	
3800.000000	0.0129319 	3800.000000	0.0142874 	3800.000000	0.0130068 	3800.000000	0.0129158 	3800.000000	0.0142868 	3800.000000	6.17172e-07	
4000.000000	0.0131817 	4000.000000	0.0144646 	4000.000000	0.0130422 	4000.000000	0.0129512 	4000.000000	0.014464  	4000.000000	5.88242e-07	
4200.000000	0.0134401 	4200.000000	0.0146468 	4200.000000	0.0130788 	4200.000000	0.012988  	4200.000000	0.0146463 	4200.000000	5.61978e-07	
4400.000000	0.0137064 	4400.000000	0.0148333 	4400.000000	0.0131163 	4400.000000	0.0130256 	4400.000000	0.0148328 	4400.000000	5.38024e-07	
4600.000000	0.01398   	4600.000000	0.0150236 	4600.000000	0.0131544 	4600.000000	0.0130637 	4600.000000	0.015023  	4600.000000	5.16085e-07	
4800.000000	0.0142604 	4800.000000	0.015217  	4800.000000	0.0131927 	4800.000000	0.0131021 	4800.000000	0.0152165 	4800.000000	4.95915e-07	
5000.000000	0.0145472 	5000.000000	0.0154132 	5000.000000	0.0132312 	5000.000000	0.0131406 	5000.000000	0.0154127 	5000.000000	4.77306e-07	
5250.000000	0.0149139 	5250.000000	0.0156619 	5250.000000	0.0132792 	5250.000000	0.0131887 	5250.000000	0.0156614 	5250.000000	4.55975e-07	
5500.000000	0.0152893 	5500.000000	0.0159138 	5500.000000	0.0133269 	5500.000000	0.0132365 	5500.000000	0.0159133 	5500.000000	4.36521e-07	
6000.000000	0.0160641 	6000.000000	0.0164254 	6000.000000	0.0134207 	6000.000000	0.0133305 	6000.000000	0.016425  	6000.000000	4.02326e-07	
6500.000000	0.0168683 	6500.000000	0.0169452 	6500.000000	0.0135115 	6500.000000	0.0134218 	6500.000000	0.0169448 	6500.000000	3.7323e-07	
7000.000000	0.0176996 	7000.000000	0.0174711 	7000.000000	0.0135997 	7000.000000	0.0135101 	7000.000000	0.0174707 	7000.000000	3.48163e-07	
7500.000000	0.0185562 	7500.000000	0.0180015 	7500.000000	0.0136847 	7500.000000	0.0135953 	7500.000000	0.0180012 	7500.000000	3.26336e-07	
8000.000000	0.019437  	8000.000000	0.0185354 	8000.000000	0.0137664 	8000.000000	0.0136772 	8000.000000	0.0185351 	8000.000000	3.07153e-07	
8500.000000	0.0203408 	8500.000000	0.019072  	8500.000000	0.0138451 	8500.000000	0.0137559 	8500.000000	0.0190717 	8500.000000	2.90158e-07	
9000.000000	0.0212669 	9000.000000	0.0196106 	9000.000000	0.0139209 	9000.000000	0.0138317 	9000.000000	0.0196103 	9000.000000	2.74993e-07	
9500.000000	0.0222147 	9500.000000	0.0201506 	9500.000000	0.0139935 	9500.000000	0.0139045 	9500.000000	0.0201504 	9500.000000	2.61376e-07	
10000.000000	0.0231837 	10000.000000	0.0206918 	10000.000000	0.0140633 	10000.000000	0.0139746 	10000.000000	0.0206916 	10000.000000	2.49079e-07	
11000.000000	0.0251837 	11000.000000	0.0217765 	11000.000000	0.014195  	11000.000000	0.0141072 	11000.000000	0.0217762 	11000.000000	2.27739e-07	
12000.000000	0.0272646 	12000.000000	0.0228627 	12000.000000	0.0143176 	12000.000000	0.0142305 	12000.000000	0.0228625 	12000.000000	2.09851e-07	
13000.000000	0.0294248 	13000.000000	0.0239493 	13000.000000	0.0144322 	13000.000000	0.0143456 	13000.000000	0.0239491 	13000.000000	1.94635e-07	
14000.000000	0.0316634 	14000.000000	0.0250356 	14000.000000	0.0145398 	14000.000000	0.0144533 	14000.000000	0.0250354 	14000.000000	1.81528e-07	
15000.000000	0.0339796 	15000.000000	0.0261211 	15000.000000	0.014641  	15000.000000	0.0145546 	15000.000000	0.0261209 	15000.000000	1.70118e-07	
16000.000000	0.0363729 	16000.000000	0.0272054 	16000.000000	0.0147361 	16000.000000	0.01465   	16000.000000	0.0272053 	16000.000000	1.60093e-07	
17000.000000	0.0388431 	17000.000000	0.0282883 	17000.000000	0.0148258 	17000.000000	0.0147402 	17000.000000	0.0282882 	17000.000000	1.51212e-07	
18000.000000	0.0413901 	18000.000000	0.0293697 	18000.000000	0.0149106 	18000.000000	0.0148257 	18000.000000	0.0293695 	18000.000000	1.43289e-07	
19000.000000	0.0440139 	19000.000000	0.0304493 	19000.000000	0.0149909 	19000.000000	0.0149068 	19000.000000	0.0304492 	19000.000000	1.36175e-07	
20000.000000	0.0467144 	20000.000000	0.0315273 	20000.000000	0.0150672 	20000.000000	0.0149841 	20000.000000	0.0315272 	20000.000000	1.29752e-07	
21000.000000	0.0494918 	21000.000000	0.0326035 	21000.000000	0.0151399 	21000.000000	0.0150578 	21000.000000	0.0326034 	21000.000000	1.23923e-07	
22000.000000	0.0523463 	22000.000000	0.033678  	22000.000000	0.0152095 	22000.000000	0.0151282 	22000.000000	0.0336779 	22000.000000	1.18608e-07	
23000.000000	0.055278  	23000.000000	0.0347507 	23000.000000	0.0152762 	23000.000000	0.0151957 	23000.000000	0.0347506 	23000.000000	1.13742e-07	
24000.000000	0.0582872 	24000.000000	0.0358216 	24000.000000	0.0153402 	24000.000000	0.0152604 	24000.000000	0.0358215 	24000.000000	1.09269e-07	
25000.000000	0.0613741 	25000.000000	0.0368909 	25000.000000	0.0154018 	25000.000000	0.0153225 	25000.000000	0.0368908 	25000.000000	1.05144e-07	
26000.000000	0.0645391 	26000.000000	0.0379584 	26000.000000	0.0154608 	26000.000000	0.0153823 	26000.000000	0.0379583 	26000.000000	1.01327e-07	
27000.000000	0.0677824 	27000.000000	0.0390242 	27000.000000	0.0155174 	27000.000000	0.0154399 	27000.000000	0.0390241 	27000.000000	9.77846e-08	
28000.000000	0.0711044 	28000.000000	0.0400884 	28000.000000	0.0155719 	28000.000000	0.0154955 	28000.000000	0.0400884 	28000.000000	9.44876e-08	
29000.000000	0.0745053 	29000.000000	0.041151  	29000.000000	0.0156247 	29000.000000	0.0155491 	29000.000000	0.041151  	29000.000000	9.14114e-08	
30000.000000	0.0779857 	30000.000000	0.0422121 	30000.000000	0.0156758 	30000.000000	0.015601  	30000.000000	0.042212  	30000.000000	8.85343e-08	
32000.000000	0.0851858 	32000.000000	0.0443295 	32000.000000	0.015773  	32000.000000	0.0156998 	32000.000000	0.0443294 	32000.000000	8.33043e-08	
34000.000000	0.0927078 	34000.000000	0.046441  	34000.000000	0.0158637 	34000.000000	0.0157927 	34000.000000	0.046441  	34000.000000	7.86722e-08	
36000.000000	0.100555  	36000.000000	0.0485469 	36000.000000	0.0159489 	36000.000000	0.0158803 	36000.000000	0.0485468 	36000.000000	7.45404e-08	
38000.000000	0.10873   	38000.000000	0.0506473 	38000.000000	0.0160291 	38000.000000	0.0159632 	38000.000000	0.0506473 	38000.000000	7.08312e-08	
40000.000000	0.117237  	40000.000000	0.0527426 	40000.000000	0.0161049 	40000.000000	0.0160419 	40000.000000	0.0527425 	40000.000000	6.74825e-08	
42000.000000	0.126079  	42000.000000	0.0548329 	42000.000000	0.0161771 	42000.000000	0.0161168 	42000.000000	0.0548328 	42000.000000	6.44438e-08	
44000.000000	0.135259  	44000.000000	0.0569185 	44000.000000	0.0162459 	44000.000000	0.0161882 	44000.000000	0.0569184 	44000.000000	6.16735e-08	
46000.000000	0.144782  	46000.000000	0.0589994 	46000.000000	0.0163117 	46000.000000	0.0162564 	46000.000000	0.0589994 	46000.000000	5.91374e-08	
48000.000000	0.15465   	48000.000000	0.061076  	48000.000000	0.0163746 	48000.000000	0.0163216 	48000.000000	0.061076  	48000.000000	5.68067e-08	
50000.000000	0.164867  	50000.000000	0.0631484 	50000.000000	0.0164347 	50000.000000	0.0163843 	50000.000000	0.0631484 	50000.000000	5.46573e-08	
