Energy (MeV/u)1	0 - [He-base] F.Hubert et al, AD&ND Tables 46(1990)1	Energy (MeV/u)2	1 - [H -base] J.F.Ziegler et al, Pergamon Press, NY (low energy)	Energy (MeV/u)3	2 - ATIMA 1.2  LS-theory (recommended for high energy)	Energy (MeV/u)4	3 - ATIMA 1.2  without LS-correction	Energy (MeV/u)5	4 - electrical component of [1] - J.F.Ziegler et al	Energy (MeV/u)6	5 - nuclear component of [1] - J.F.Ziegler et al	
0.001000	1.12509   	0.001000	0.212456  	0.001000	0.192911  	0.001000	0.192911  	0.001000	0.119975  	0.001000	0.0924814 	
0.002000	1.16453   	0.002000	0.257075  	0.002000	0.232924  	0.002000	0.232924  	0.002000	0.166178  	0.002000	0.0908967 	
0.005000	1.31093   	0.005000	0.332972  	0.005000	0.301909  	0.005000	0.301909  	0.005000	0.255626  	0.005000	0.0773459 	
0.008000	1.44924   	0.008000	0.385515  	0.008000	0.35075   	0.008000	0.35075   	0.008000	0.318817  	0.008000	0.0666979 	
0.010000	1.53284   	0.010000	0.415313  	0.010000	0.378822  	0.010000	0.378822  	0.010000	0.35407   	0.010000	0.0612423 	
0.015000	1.79736   	0.015000	0.479653  	0.015000	0.440204  	0.015000	0.440204  	0.015000	0.428403  	0.015000	0.0512501 	
0.020000	2.03226   	0.020000	0.534847  	0.020000	0.493545  	0.020000	0.493545  	0.020000	0.490426  	0.020000	0.0444205 	
0.025000	2.2985    	0.025000	0.594841  	0.025000	0.550223  	0.025000	0.550223  	0.025000	0.555427  	0.025000	0.0394146 	
0.030000	2.53625   	0.030000	0.667322  	0.030000	0.667501  	0.030000	0.667501  	0.030000	0.63176   	0.030000	0.0355622 	
0.035000	2.74234   	0.035000	0.738454  	0.035000	0.753733  	0.035000	0.753733  	0.035000	0.705964  	0.035000	0.0324905 	
0.040000	2.9101    	0.040000	0.806855  	0.040000	0.821472  	0.040000	0.821472  	0.040000	0.77688   	0.040000	0.0299744 	
0.045000	3.04086   	0.045000	0.871887  	0.045000	0.880555  	0.045000	0.880555  	0.045000	0.844018  	0.045000	0.0278693 	
0.050000	3.1388    	0.050000	0.931748  	0.050000	0.935291  	0.050000	0.935291  	0.050000	0.90567   	0.050000	0.026078  	
0.055000	3.30523   	0.055000	0.986394  	0.055000	0.987157  	0.055000	0.987157  	0.055000	0.961862  	0.055000	0.024532  	
0.060000	3.45182   	0.060000	1.0377    	0.060000	1.03656   	0.060000	1.03656   	0.060000	1.01452   	0.060000	0.0231821 	
0.070000	3.68917   	0.070000	1.13092   	0.070000	1.1282    	0.070000	1.1282    	0.070000	1.10999   	0.070000	0.0209324 	
0.080000	3.93952   	0.080000	1.21271   	0.080000	1.21033   	0.080000	1.21033   	0.080000	1.19358   	0.080000	0.019127  	
0.090000	4.14995   	0.090000	1.28433   	0.090000	1.2833    	0.090000	1.2833    	0.090000	1.26669   	0.090000	0.0176414 	
0.100000	4.32526   	0.100000	1.3497    	0.100000	1.34775   	0.100000	1.34775   	0.100000	1.33331   	0.100000	0.0163945 	
0.120000	4.48965   	0.120000	1.45816   	0.120000	1.45413   	0.120000	1.45413   	0.120000	1.44388   	0.120000	0.014278  	
0.140000	4.59613   	0.140000	1.54075   	0.140000	1.53612   	0.140000	1.53612   	0.140000	1.52797   	0.140000	0.0127827 	
0.160000	4.67639   	0.160000	1.60366   	0.160000	1.59925   	0.160000	1.59925   	0.160000	1.59206   	0.160000	0.0115975 	
0.180000	4.73913   	0.180000	1.64692   	0.180000	1.64816   	0.180000	1.64816   	0.180000	1.63629   	0.180000	0.0106324 	
0.200000	4.80634   	0.200000	1.67878   	0.200000	1.68644   	0.200000	1.68644   	0.200000	1.66895   	0.200000	0.00982965	
0.250000	4.83633   	0.250000	1.73267   	0.250000	1.75166   	0.250000	1.75166   	0.250000	1.72436   	0.250000	0.00830504	
0.300000	4.90777   	0.300000	1.7732    	0.300000	1.79154   	0.300000	1.79154   	0.300000	1.76598   	0.300000	0.00722135	
0.350000	4.98561   	0.350000	1.81205   	0.350000	1.81794   	0.350000	1.81794   	0.350000	1.80564   	0.350000	0.00640749	
0.400000	5.0381    	0.400000	1.83807   	0.400000	1.83627   	0.400000	1.83627   	0.400000	1.8323    	0.400000	0.00577161	
0.450000	5.06832   	0.450000	1.85563   	0.450000	1.86617   	0.450000	1.86617   	0.450000	1.85037   	0.450000	0.00525973	
0.500000	5.09      	0.500000	1.87004   	0.500000	1.8936    	0.500000	1.8936    	0.500000	1.86521   	0.500000	0.00483795	
0.600000	4.92304   	0.600000	1.89026   	0.600000	1.92699   	0.600000	1.92699   	0.600000	1.88608   	0.600000	0.00418186	
0.700000	4.74645   	0.700000	1.91009   	0.700000	1.94071   	0.700000	1.94071   	0.700000	1.9064    	0.700000	0.00369334	
0.800000	4.72102   	0.800000	1.92005   	0.800000	1.93262   	0.800000	1.93262   	0.800000	1.91673   	0.800000	0.0033142 	
0.900000	4.64168   	0.900000	1.90798   	0.900000	1.91717   	0.900000	1.91717   	0.900000	1.90497   	0.900000	0.00301066	
1.000000	4.55078   	1.000000	1.88915   	1.000000	1.89769   	1.000000	1.89769   	1.000000	1.88639   	1.000000	0.00276169	
1.250000	4.28989   	1.250000	1.82804   	1.250000	1.83899   	1.250000	1.83899   	1.250000	1.82574   	1.250000	0.00229761	
1.500000	4.03451   	1.500000	1.76132   	1.500000	1.76267   	1.500000	1.76267   	1.500000	1.75935   	1.500000	0.00197477	
1.750000	3.79685   	1.750000	1.69477   	1.750000	1.69235   	1.750000	1.69235   	1.750000	1.69304   	1.750000	0.00173622	
2.000000	3.58124   	2.000000	1.63158   	2.000000	1.62736   	2.000000	1.62736   	2.000000	1.63003   	2.000000	0.0015522 	
2.250000	3.39248   	2.250000	1.57254   	2.250000	1.56702   	2.250000	1.56702   	2.250000	1.57113   	2.250000	0.00140562	
2.500000	3.33981   	2.500000	1.51727   	2.500000	1.51091   	2.500000	1.51091   	2.500000	1.51598   	2.500000	0.00128589	
3.000000	3.01585   	3.000000	1.41716   	3.000000	1.40994   	3.000000	1.40994   	3.000000	1.41606   	3.000000	0.00110163	
3.500000	2.75088   	3.500000	1.32803   	3.500000	1.32192   	3.500000	1.32192   	3.500000	1.32707   	3.500000	0.000966027	
4.000000	2.53051   	4.000000	1.25035   	4.000000	1.24474   	4.000000	1.24474   	4.000000	1.24949   	4.000000	0.000861779	
4.500000	2.34444   	4.500000	1.18235   	4.500000	1.17664   	4.500000	1.17664   	4.500000	1.18157   	4.500000	0.000778967	
5.000000	2.18525   	5.000000	1.12223   	5.000000	1.11614   	5.000000	1.11614   	5.000000	1.12152   	5.000000	0.000711489	
5.500000	2.04749   	5.500000	1.0686    	5.500000	1.06207   	5.500000	1.06207   	5.500000	1.06794   	5.500000	0.000655376	
6.000000	1.92707   	6.000000	1.02013   	6.000000	1.01345   	6.000000	1.01345   	6.000000	1.01952   	6.000000	0.000607932	
6.500000	1.82089   	6.500000	0.976529  	6.500000	0.969507  	6.500000	0.969507  	6.500000	0.975962  	6.500000	0.000567256	
7.000000	1.72653   	7.000000	0.937029  	7.000000	0.929582  	7.000000	0.929582  	7.000000	0.936497  	7.000000	0.000531972	
7.500000	1.64211   	7.500000	0.901032  	7.500000	0.893143  	7.500000	0.893143  	7.500000	0.900531  	7.500000	0.000501056	
8.000000	1.56611   	8.000000	0.868064  	8.000000	0.859745  	8.000000	0.859745  	8.000000	0.86759   	8.000000	0.000473729	
8.500000	1.49732   	8.500000	0.837736  	8.500000	0.829016  	8.500000	0.829016  	8.500000	0.837286  	8.500000	0.000449389	
9.000000	1.43475   	9.000000	0.809728  	9.000000	0.800641  	9.000000	0.800641  	9.000000	0.8093    	9.000000	0.000427563	
9.500000	1.37757   	9.500000	0.783773  	9.500000	0.774355  	9.500000	0.774355  	9.500000	0.783365  	9.500000	0.000407873	
10.000000	1.32511   	10.000000	0.764677  	10.000000	0.749929  	10.000000	0.749929  	10.000000	0.764287  	10.000000	0.000390016	
11.000000	1.23217   	11.000000	0.725483  	11.000000	0.708658  	11.000000	0.710344  	11.000000	0.725124  	11.000000	0.000358844	
12.000000	1.15234   	12.000000	0.689605  	12.000000	0.672139  	12.000000	0.674972  	12.000000	0.689273  	12.000000	0.000332525	
13.000000	1.08298   	13.000000	0.656846  	13.000000	0.639593  	13.000000	0.643214  	13.000000	0.656536  	13.000000	0.000309991	
14.000000	1.02214   	14.000000	0.626937  	14.000000	0.610396  	14.000000	0.614548  	14.000000	0.626646  	14.000000	0.000290466	
15.000000	0.96832   	15.000000	0.599595  	15.000000	0.584061  	15.000000	0.58855   	15.000000	0.599321  	15.000000	0.000273376	
16.000000	0.920355  	16.000000	0.574551  	16.000000	0.560163  	16.000000	0.564867  	16.000000	0.574293  	16.000000	0.000258284	
17.000000	0.877326  	17.000000	0.551559  	17.000000	0.538369  	17.000000	0.543205  	17.000000	0.551314  	17.000000	0.000244854	
18.000000	0.838497  	18.000000	0.530398  	18.000000	0.518429  	18.000000	0.523317  	18.000000	0.530165  	18.000000	0.000232821	
19.000000	0.803274  	19.000000	0.510872  	19.000000	0.500123  	19.000000	0.504994  	19.000000	0.51065   	19.000000	0.000221974	
20.000000	0.77117   	20.000000	0.492809  	20.000000	0.483253  	20.000000	0.488056  	20.000000	0.492597  	20.000000	0.000212144	
21.000000	0.741781  	21.000000	0.476058  	21.000000	0.46755   	21.000000	0.472255  	21.000000	0.475855  	21.000000	0.00020319	
22.000000	0.714773  	22.000000	0.460486  	22.000000	0.452958  	22.000000	0.457558  	22.000000	0.460291  	22.000000	0.000195  	
23.000000	0.689862  	23.000000	0.445976  	23.000000	0.43947   	23.000000	0.443957  	23.000000	0.445789  	23.000000	0.000187477	
24.000000	0.666811  	24.000000	0.432427  	24.000000	0.426889  	24.000000	0.431252  	24.000000	0.432247  	24.000000	0.000180542	
25.000000	0.645414  	25.000000	0.419748  	25.000000	0.41513   	25.000000	0.419357  	25.000000	0.419574  	25.000000	0.000174128	
27.000000	0.606912  	27.000000	0.39669   	27.000000	0.393762  	27.000000	0.397702  	27.000000	0.396528  	27.000000	0.000162639	
29.000000	0.57322   	29.000000	0.376268  	29.000000	0.374829  	29.000000	0.378492  	29.000000	0.376115  	29.000000	0.000152641	
31.000000	0.543477  	31.000000	0.358057  	31.000000	0.357344  	31.000000	0.36056   	31.000000	0.357913  	31.000000	0.000143857	
33.000000	0.517017  	33.000000	0.341719  	33.000000	0.341143  	33.000000	0.343806  	33.000000	0.341583  	33.000000	0.000136075	
35.000000	0.493317  	35.000000	0.32698   	35.000000	0.326541  	35.000000	0.328766  	35.000000	0.326851  	35.000000	0.00012913	
38.000000	0.46205   	38.000000	0.307391  	38.000000	0.3072    	38.000000	0.308874  	38.000000	0.307271  	38.000000	0.000120006	
41.000000	0.434986  	41.000000	0.290309  	41.000000	0.290341  	41.000000	0.291601  	41.000000	0.290197  	41.000000	0.000112141	
44.000000	0.411317  	44.000000	0.27528   	44.000000	0.275529  	44.000000	0.276452  	44.000000	0.275174  	44.000000	0.000105289	
47.000000	0.390432  	47.000000	0.261953  	47.000000	0.262378  	47.000000	0.263047  	47.000000	0.261853  	47.000000	9.92622e-05	
50.000000	0.371859  	50.000000	0.250053  	50.000000	0.250627  	50.000000	0.251095  	50.000000	0.249959  	50.000000	9.39183e-05	
55.000000	0.34507   	55.000000	0.232816  	55.000000	0.233618  	55.000000	0.233803  	55.000000	0.23273   	55.000000	8.62371e-05	
60.000000	0.32242   	60.000000	0.218181  	60.000000	0.219164  	60.000000	0.219132  	60.000000	0.218102  	60.000000	7.97677e-05	
65.000000	0.303004  	65.000000	0.205597  	65.000000	0.206705  	65.000000	0.206517  	65.000000	0.205523  	65.000000	7.42406e-05	
70.000000	0.286162  	70.000000	0.194657  	70.000000	0.195864  	70.000000	0.195546  	70.000000	0.194587  	70.000000	6.94611e-05	
75.000000	0.271406  	75.000000	0.185056  	75.000000	0.186324  	75.000000	0.185912  	75.000000	0.18499   	75.000000	6.52852e-05	
80.000000	0.258363  	80.000000	0.17656   	80.000000	0.177839  	80.000000	0.17738   	80.000000	0.176498  	80.000000	6.16038e-05	
85.000000	0.246745  	85.000000	0.168987  	85.000000	0.170297  	85.000000	0.16977   	85.000000	0.168929  	85.000000	5.83326e-05	
90.000000	0.236327  	90.000000	0.162194  	90.000000	0.163521  	90.000000	0.162936  	90.000000	0.162138  	90.000000	5.5406e-05	
95.000000	0.226928  	95.000000	0.156064  	95.000000	0.157373  	95.000000	0.156765  	95.000000	0.156011  	95.000000	5.27712e-05	
100.000000	0.218401  	100.000000	0.150504  	100.000000	0.151792  	100.000000	0.151163  	100.000000	0.150454  	100.000000	5.03863e-05	
105.000000	0.210629  	105.000000	0.145438  	105.000000	0.146723  	105.000000	0.146053  	105.000000	0.14539   	105.000000	4.82167e-05	
110.000000	0.203513  	110.000000	0.140802  	110.000000	0.142062  	110.000000	0.141374  	110.000000	0.140756  	110.000000	4.62341e-05	
115.000000	0.196972  	115.000000	0.136543  	115.000000	0.13777   	115.000000	0.137071  	115.000000	0.136498  	115.000000	4.44151e-05	
120.000000	0.190936  	120.000000	0.132616  	120.000000	0.133813  	120.000000	0.133102  	120.000000	0.132574  	120.000000	4.27398e-05	
125.000000	0.185349  	125.000000	0.128985  	125.000000	0.130148  	125.000000	0.129428  	125.000000	0.128943  	125.000000	4.11917e-05	
130.000000	0.18016   	130.000000	0.125615  	130.000000	0.126745  	130.000000	0.126017  	130.000000	0.125576  	130.000000	3.97565e-05	
135.000000	0.175328  	135.000000	0.122481  	135.000000	0.123578  	135.000000	0.122842  	135.000000	0.122442  	135.000000	3.84223e-05	
140.000000	0.170816  	140.000000	0.119557  	140.000000	0.120621  	140.000000	0.119879  	140.000000	0.11952   	140.000000	3.71785e-05	
145.000000	0.166593  	145.000000	0.116824  	145.000000	0.117855  	145.000000	0.117108  	145.000000	0.116788  	145.000000	3.60162e-05	
150.000000	0.16263   	150.000000	0.114263  	150.000000	0.115263  	150.000000	0.11451   	150.000000	0.114228  	150.000000	3.49274e-05	
155.000000	0.157049  	155.000000	0.111859  	155.000000	0.112817  	155.000000	0.112069  	155.000000	0.111825  	155.000000	3.39053e-05	
160.000000	0.153779  	160.000000	0.109596  	160.000000	0.110513  	160.000000	0.109772  	160.000000	0.109563  	160.000000	3.29438e-05	
165.000000	0.150695  	165.000000	0.107464  	165.000000	0.108351  	165.000000	0.107606  	165.000000	0.107432  	165.000000	3.20377e-05	
170.000000	0.147781  	170.000000	0.105451  	170.000000	0.106311  	170.000000	0.105561  	170.000000	0.10542   	170.000000	3.11823e-05	
175.000000	0.145024  	175.000000	0.103547  	175.000000	0.104378  	175.000000	0.103626  	175.000000	0.103517  	175.000000	3.03733e-05	
180.000000	0.142411  	180.000000	0.101744  	180.000000	0.102544  	180.000000	0.101793  	180.000000	0.101715  	180.000000	2.96069e-05	
185.000000	0.139931  	185.000000	0.100034  	185.000000	0.100802  	185.000000	0.100054  	185.000000	0.100005  	185.000000	2.888e-05 	
190.000000	0.137573  	190.000000	0.0984096 	190.000000	0.0991466 	190.000000	0.0984025 	190.000000	0.0983814 	190.000000	2.81894e-05	
195.000000	0.13533   	195.000000	0.0968648 	195.000000	0.0975757 	195.000000	0.0968314 	195.000000	0.0968373 	195.000000	2.75324e-05	
200.000000	0.133193  	200.000000	0.0953939 	200.000000	0.0960821 	200.000000	0.0953352 	200.000000	0.095367  	200.000000	2.69067e-05	
210.000000	0.129206  	210.000000	0.0926535 	210.000000	0.0932837 	210.000000	0.0925475 	210.000000	0.0926277 	210.000000	2.57403e-05	
220.000000	0.125563  	220.000000	0.0901524 	220.000000	0.0907402 	220.000000	0.0900031 	220.000000	0.0901277 	220.000000	2.46749e-05	
230.000000	0.122219  	230.000000	0.0878606 	230.000000	0.0883996 	230.000000	0.0876719 	230.000000	0.0878369 	230.000000	2.36976e-05	
240.000000	0.11914   	240.000000	0.0857531 	240.000000	0.0862552 	240.000000	0.0855284 	240.000000	0.0857303 	240.000000	2.27979e-05	
250.000000	0.116295  	250.000000	0.0838086 	250.000000	0.0842723 	250.000000	0.0835513 	250.000000	0.0837866 	250.000000	2.19667e-05	
260.000000	0.113658  	260.000000	0.082009  	260.000000	0.0824379 	260.000000	0.0817222 	260.000000	0.0819878 	260.000000	2.11964e-05	
270.000000	0.111207  	270.000000	0.080339  	270.000000	0.0807409 	270.000000	0.0800254 	270.000000	0.0803185 	270.000000	2.04805e-05	
280.000000	0.108923  	280.000000	0.0787851 	280.000000	0.0791537 	280.000000	0.0784475 	280.000000	0.0787653 	280.000000	1.98132e-05	
290.000000	0.10679   	290.000000	0.0773357 	290.000000	0.0776828 	290.000000	0.0769766 	290.000000	0.0773166 	290.000000	1.91898e-05	
300.000000	0.104793  	300.000000	0.0759809 	300.000000	0.076306  	300.000000	0.0756025 	300.000000	0.0759623 	300.000000	1.86061e-05	
310.000000	0.102919  	310.000000	0.0747118 	310.000000	0.0750105 	310.000000	0.0743162 	310.000000	0.0746938 	310.000000	1.80582e-05	
320.000000	0.101158  	320.000000	0.0735207 	320.000000	0.0737966 	320.000000	0.0731098 	320.000000	0.0735032 	320.000000	1.75429e-05	
330.000000	0.0995004 	330.000000	0.0724008 	330.000000	0.0726621 	330.000000	0.0719765 	330.000000	0.0723837 	330.000000	1.70574e-05	
340.000000	0.0979366 	340.000000	0.0713459 	340.000000	0.0715954 	340.000000	0.0709099 	340.000000	0.0713293 	340.000000	1.65991e-05	
350.000000	0.0964594 	350.000000	0.0703508 	350.000000	0.0705845 	350.000000	0.0699046 	350.000000	0.0703346 	350.000000	1.61658e-05	
360.000000	0.0950617 	360.000000	0.0694105 	360.000000	0.0696281 	360.000000	0.0689556 	360.000000	0.0693948 	360.000000	1.57555e-05	
370.000000	0.0937376 	370.000000	0.0685209 	370.000000	0.0687256 	370.000000	0.0680587 	370.000000	0.0685056 	370.000000	1.53662e-05	
380.000000	0.0924814 	380.000000	0.0676781 	380.000000	0.0678757 	380.000000	0.0672097 	380.000000	0.0676631 	380.000000	1.49966e-05	
390.000000	0.0912882 	390.000000	0.0668786 	390.000000	0.0670715 	390.000000	0.0664052 	390.000000	0.0668639 	390.000000	1.4645e-05	
400.000000	0.0901535 	400.000000	0.0661192 	400.000000	0.0663049 	400.000000	0.065642  	400.000000	0.0661049 	400.000000	1.43101e-05	
410.000000	0.0890732 	410.000000	0.0653972 	410.000000	0.0655742 	410.000000	0.064917  	410.000000	0.0653832 	410.000000	1.39909e-05	
420.000000	0.0880436 	420.000000	0.0647099 	420.000000	0.0648792 	420.000000	0.0642278 	420.000000	0.0646962 	420.000000	1.36861e-05	
430.000000	0.0870614 	430.000000	0.064055  	430.000000	0.0642195 	430.000000	0.0635718 	430.000000	0.0640416 	430.000000	1.33949e-05	
440.000000	0.0861234 	440.000000	0.0634303 	440.000000	0.0635941 	440.000000	0.0629468 	440.000000	0.0634172 	440.000000	1.31163e-05	
450.000000	0.085227  	450.000000	0.062834  	450.000000	0.0629985 	450.000000	0.0623509 	450.000000	0.0628212 	450.000000	1.28495e-05	
460.000000	0.0843695 	460.000000	0.0622643 	460.000000	0.0624276 	460.000000	0.0617822 	460.000000	0.0622517 	460.000000	1.25938e-05	
470.000000	0.0835485 	470.000000	0.0617194 	470.000000	0.0618803 	470.000000	0.0612391 	470.000000	0.061707  	470.000000	1.23485e-05	
480.000000	0.0827619 	480.000000	0.0611979 	480.000000	0.0613583 	480.000000	0.0607213 	480.000000	0.0611858 	480.000000	1.21129e-05	
490.000000	0.0820076 	490.000000	0.0606984 	490.000000	0.0608608 	490.000000	0.0602271 	490.000000	0.0606866 	490.000000	1.18865e-05	
500.000000	0.0812839 	500.000000	0.0602197 	500.000000	0.0603843 	500.000000	0.0597539 	500.000000	0.060208  	500.000000	1.16688e-05	
520.000000	0.0799214 	520.000000	0.0593197 	520.000000	0.0594889 	520.000000	0.0588658 	520.000000	0.0593085 	520.000000	1.12573e-05	
540.000000	0.0786622 	540.000000	0.0584896 	540.000000	0.0586693 	540.000000	0.0580483 	540.000000	0.0584788 	540.000000	1.08749e-05	
560.000000	0.0774957 	560.000000	0.0577221 	560.000000	0.0579144 	560.000000	0.057294  	560.000000	0.0577116 	560.000000	1.05186e-05	
580.000000	0.0764128 	580.000000	0.0570109 	580.000000	0.0572115 	580.000000	0.0565965 	580.000000	0.0570008 	580.000000	1.01858e-05	
600.000000	0.0754056 	600.000000	0.0563506 	600.000000	0.0565599 	600.000000	0.0559503 	600.000000	0.0563407 	600.000000	9.87422e-06	
620.000000	0.0744672 	620.000000	0.0557363 	620.000000	0.0559554 	620.000000	0.0553505 	620.000000	0.0557267 	620.000000	9.58185e-06	
640.000000	0.0735913 	640.000000	0.0551639 	640.000000	0.0553925 	640.000000	0.0547927 	640.000000	0.0551546 	640.000000	9.30694e-06	
660.000000	0.0727727 	660.000000	0.0546297 	660.000000	0.05487   	660.000000	0.0542732 	660.000000	0.0546206 	660.000000	9.04796e-06	
680.000000	0.0720066 	680.000000	0.0541304 	680.000000	0.0543854 	680.000000	0.0537887 	680.000000	0.0541216 	680.000000	8.80355e-06	
700.000000	0.0712886 	700.000000	0.0536631 	700.000000	0.0539321 	700.000000	0.0533361 	700.000000	0.0536545 	700.000000	8.5725e-06	
720.000000	0.070615  	720.000000	0.0532252 	720.000000	0.0535055 	720.000000	0.0529128 	720.000000	0.0532168 	720.000000	8.35372e-06	
740.000000	0.0699824 	740.000000	0.0528144 	740.000000	0.0531052 	740.000000	0.0525165 	740.000000	0.0528062 	740.000000	8.14625e-06	
760.000000	0.0693876 	760.000000	0.0524285 	760.000000	0.0527302 	760.000000	0.0521451 	760.000000	0.0524206 	760.000000	7.94922e-06	
780.000000	0.0688281 	780.000000	0.0520659 	780.000000	0.0523787 	780.000000	0.0517965 	780.000000	0.0520581 	780.000000	7.76186e-06	
800.000000	0.0683012 	800.000000	0.0517247 	800.000000	0.0520486 	800.000000	0.051469  	800.000000	0.0517171 	800.000000	7.58346e-06	
820.000000	0.0678047 	820.000000	0.0514033 	820.000000	0.0517381 	820.000000	0.0511612 	820.000000	0.0513959 	820.000000	7.41339e-06	
840.000000	0.0673366 	840.000000	0.0511006 	840.000000	0.0514455 	840.000000	0.0508716 	840.000000	0.0510933 	840.000000	7.25107e-06	
860.000000	0.0668949 	860.000000	0.0508151 	860.000000	0.0511698 	860.000000	0.0505989 	860.000000	0.050808  	860.000000	7.09596e-06	
880.000000	0.0664781 	880.000000	0.0505457 	880.000000	0.0509103 	880.000000	0.0503419 	880.000000	0.0505387 	880.000000	6.94761e-06	
900.000000	0.0660844 	900.000000	0.0502914 	900.000000	0.0506668 	900.000000	0.0500996 	900.000000	0.0502846 	900.000000	6.80556e-06	
920.000000	0.0657126 	920.000000	0.0500512 	920.000000	0.050438  	920.000000	0.0498709 	920.000000	0.0500445 	920.000000	6.66943e-06	
940.000000	0.0653612 	940.000000	0.0498243 	940.000000	0.0502222 	940.000000	0.049655  	940.000000	0.0498177 	940.000000	6.53884e-06	
960.000000	0.0650292 	960.000000	0.0496098 	960.000000	0.0500178 	960.000000	0.0494511 	960.000000	0.0496034 	960.000000	6.41346e-06	
980.000000	0.0647153 	980.000000	0.0494069 	980.000000	0.0498237 	980.000000	0.0492584 	980.000000	0.0494006 	980.000000	6.29297e-06	
1000.000000	0.0644185 	1000.000000	0.0492151 	1000.000000	0.0496394 	1000.000000	0.0490762 	1000.000000	0.0492089 	1000.000000	6.1771e-06	
1020.000000	0.0641379 	1020.000000	0.0490337 	1020.000000	0.0494649 	1020.000000	0.0489039 	1020.000000	0.0490276 	1020.000000	6.06558e-06	
1040.000000	0.0638727 	1040.000000	0.048862  	1040.000000	0.0492999 	1040.000000	0.0487409 	1040.000000	0.0488561 	1040.000000	5.95817e-06	
1060.000000	0.0636219 	1060.000000	0.0486996 	1060.000000	0.0491438 	1060.000000	0.0485866 	1060.000000	0.0486937 	1060.000000	5.85463e-06	
1080.000000	0.0633849 	1080.000000	0.0485459 	1080.000000	0.0489962 	1080.000000	0.0484405 	1080.000000	0.0485402 	1080.000000	5.75477e-06	
1100.000000	0.063161  	1100.000000	0.0484005 	1100.000000	0.0488563 	1100.000000	0.0483021 	1100.000000	0.0483949 	1100.000000	5.65839e-06	
1120.000000	0.0629494 	1120.000000	0.048263  	1120.000000	0.0487238 	1120.000000	0.0481711 	1120.000000	0.0482574 	1120.000000	5.5653e-06	
1140.000000	0.0627496 	1140.000000	0.0481328 	1140.000000	0.0485983 	1140.000000	0.0480469 	1140.000000	0.0481274 	1140.000000	5.47534e-06	
1160.000000	0.0625611 	1160.000000	0.0480098 	1160.000000	0.0484792 	1160.000000	0.0479293 	1160.000000	0.0480044 	1160.000000	5.38835e-06	
1180.000000	0.0623832 	1180.000000	0.0478934 	1180.000000	0.0483664 	1180.000000	0.0478179 	1180.000000	0.0478881 	1180.000000	5.30418e-06	
1200.000000	0.0622154 	1200.000000	0.0477835 	1200.000000	0.0482595 	1200.000000	0.0477122 	1200.000000	0.0477782 	1200.000000	5.22271e-06	
1220.000000	0.0620574 	1220.000000	0.0476796 	1220.000000	0.0481582 	1220.000000	0.0476122 	1220.000000	0.0476744 	1220.000000	5.14379e-06	
1240.000000	0.0619087 	1240.000000	0.0475815 	1240.000000	0.0480621 	1240.000000	0.0475173 	1240.000000	0.0475764 	1240.000000	5.06731e-06	
1260.000000	0.0617688 	1260.000000	0.0474889 	1260.000000	0.0479711 	1260.000000	0.0474275 	1260.000000	0.0474839 	1260.000000	4.99315e-06	
1280.000000	0.0616374 	1280.000000	0.0474015 	1280.000000	0.0478849 	1280.000000	0.0473423 	1280.000000	0.0473966 	1280.000000	4.92122e-06	
1300.000000	0.061514  	1300.000000	0.0473192 	1300.000000	0.0478031 	1300.000000	0.0472616 	1300.000000	0.0473144 	1300.000000	4.8514e-06	
1320.000000	0.0613985 	1320.000000	0.0472417 	1320.000000	0.0477255 	1320.000000	0.0471852 	1320.000000	0.0472369 	1320.000000	4.78361e-06	
1340.000000	0.0612904 	1340.000000	0.0471688 	1340.000000	0.0476521 	1340.000000	0.0471129 	1340.000000	0.0471641 	1340.000000	4.71777e-06	
1360.000000	0.0611894 	1360.000000	0.0471003 	1360.000000	0.0475825 	1360.000000	0.0470444 	1360.000000	0.0470956 	1360.000000	4.65377e-06	
1380.000000	0.0610953 	1380.000000	0.0470359 	1380.000000	0.0475166 	1380.000000	0.0469795 	1380.000000	0.0470313 	1380.000000	4.59156e-06	
1400.000000	0.0610078 	1400.000000	0.0469756 	1400.000000	0.0474543 	1400.000000	0.0469182 	1400.000000	0.0469711 	1400.000000	4.53105e-06	
1420.000000	0.0609265 	1420.000000	0.0469192 	1420.000000	0.0473955 	1420.000000	0.0468602 	1420.000000	0.0469147 	1420.000000	4.47217e-06	
1440.000000	0.0608514 	1440.000000	0.0468664 	1440.000000	0.0473399 	1440.000000	0.0468054 	1440.000000	0.046862  	1440.000000	4.41486e-06	
1460.000000	0.0607821 	1460.000000	0.0468172 	1460.000000	0.0472875 	1460.000000	0.0467536 	1460.000000	0.0468128 	1460.000000	4.35905e-06	
1480.000000	0.0607184 	1480.000000	0.0467714 	1480.000000	0.0472381 	1480.000000	0.0467046 	1480.000000	0.0467671 	1480.000000	4.30469e-06	
1500.000000	0.0606601 	1500.000000	0.0467289 	1500.000000	0.0471916 	1500.000000	0.0466585 	1500.000000	0.0467246 	1500.000000	4.25172e-06	
1520.000000	0.0606071 	1520.000000	0.0466895 	1520.000000	0.0471477 	1520.000000	0.046615  	1520.000000	0.0466853 	1520.000000	4.20008e-06	
1540.000000	0.0605591 	1540.000000	0.0466531 	1540.000000	0.0471064 	1540.000000	0.046574  	1540.000000	0.046649  	1540.000000	4.14973e-06	
1560.000000	0.0605159 	1560.000000	0.0466197 	1560.000000	0.0470675 	1560.000000	0.0465354 	1560.000000	0.0466156 	1560.000000	4.10062e-06	
1580.000000	0.0604774 	1580.000000	0.0465891 	1580.000000	0.0470309 	1580.000000	0.0464991 	1580.000000	0.046585  	1580.000000	4.0527e-06	
1600.000000	0.0604435 	1600.000000	0.0465611 	1600.000000	0.0469966 	1600.000000	0.046465  	1600.000000	0.0465571 	1600.000000	4.00593e-06	
1620.000000	0.0604139 	1620.000000	0.0465358 	1620.000000	0.0469643 	1620.000000	0.046433  	1620.000000	0.0465318 	1620.000000	3.96026e-06	
1640.000000	0.0603886 	1640.000000	0.0465129 	1640.000000	0.046934  	1640.000000	0.0464031 	1640.000000	0.046509  	1640.000000	3.91567e-06	
1660.000000	0.0603673 	1660.000000	0.0464925 	1660.000000	0.0469056 	1660.000000	0.046375  	1660.000000	0.0464886 	1660.000000	3.8721e-06	
1680.000000	0.06035   	1680.000000	0.0464744 	1680.000000	0.0468791 	1680.000000	0.0463489 	1680.000000	0.0464706 	1680.000000	3.82953e-06	
1700.000000	0.0603365 	1700.000000	0.0464586 	1700.000000	0.0468543 	1700.000000	0.0463245 	1700.000000	0.0464548 	1700.000000	3.78792e-06	
1750.000000	0.0603187 	1750.000000	0.0464283 	1750.000000	0.0467996 	1750.000000	0.0462707 	1750.000000	0.0464246 	1750.000000	3.68788e-06	
1800.000000	0.0603224 	1800.000000	0.0464105 	1800.000000	0.0467543 	1800.000000	0.0462266 	1800.000000	0.0464069 	1800.000000	3.59318e-06	
1850.000000	0.0603458 	1850.000000	0.0464041 	1850.000000	0.0467177 	1850.000000	0.0461911 	1850.000000	0.0464006 	1850.000000	3.50339e-06	
1900.000000	0.0603877 	1900.000000	0.0464083 	1900.000000	0.0466888 	1900.000000	0.0461635 	1900.000000	0.0464049 	1900.000000	3.41813e-06	
1950.000000	0.0604467 	1950.000000	0.0464222 	1950.000000	0.046667  	1950.000000	0.0461429 	1950.000000	0.0464189 	1950.000000	3.33708e-06	
2000.000000	0.0605216 	2000.000000	0.0464452 	2000.000000	0.0466517 	2000.000000	0.0461288 	2000.000000	0.0464419 	2000.000000	3.25991e-06	
2100.000000	0.0607154 	2100.000000	0.0465156 	2100.000000	0.0466382 	2100.000000	0.0461174 	2100.000000	0.0465125 	2100.000000	3.11616e-06	
2200.000000	0.0609618 	2200.000000	0.046615  	2200.000000	0.0466443 	2200.000000	0.0461252 	2200.000000	0.046612  	2200.000000	2.98497e-06	
2300.000000	0.0612546 	2300.000000	0.0467396 	2300.000000	0.0466665 	2300.000000	0.046149  	2300.000000	0.0467367 	2300.000000	2.86475e-06	
2400.000000	0.0615889 	2400.000000	0.0468862 	2400.000000	0.0467021 	2400.000000	0.0461861 	2400.000000	0.0468835 	2400.000000	2.75415e-06	
2500.000000	0.0619604 	2500.000000	0.0470522 	2500.000000	0.0467496 	2500.000000	0.0462349 	2500.000000	0.0470496 	2500.000000	2.65206e-06	
2600.000000	0.0623652 	2600.000000	0.0472353 	2600.000000	0.0468115 	2600.000000	0.046298  	2600.000000	0.0472328 	2600.000000	2.55751e-06	
2700.000000	0.0628005 	2700.000000	0.0474337 	2700.000000	0.0468809 	2700.000000	0.0463686 	2700.000000	0.0474312 	2700.000000	2.4697e-06	
2800.000000	0.0632633 	2800.000000	0.0476455 	2800.000000	0.0469567 	2800.000000	0.0464453 	2800.000000	0.0476431 	2800.000000	2.38792e-06	
2900.000000	0.0637514 	2900.000000	0.0478695 	2900.000000	0.0470378 	2900.000000	0.0465273 	2900.000000	0.0478672 	2900.000000	2.31156e-06	
3000.000000	0.0642627 	3000.000000	0.0481044 	3000.000000	0.0471233 	3000.000000	0.0466136 	3000.000000	0.0481021 	3000.000000	2.2401e-06	
3200.000000	0.0653482 	3200.000000	0.0486026 	3200.000000	0.0473044 	3200.000000	0.0467963 	3200.000000	0.0486005 	3200.000000	2.11006e-06	
3400.000000	0.0665077 	3400.000000	0.0491331 	3400.000000	0.0474953 	3400.000000	0.0469885 	3400.000000	0.0491311 	3400.000000	1.99476e-06	
3600.000000	0.0677319 	3600.000000	0.0496903 	3600.000000	0.0476925 	3600.000000	0.0471868 	3600.000000	0.0496884 	3600.000000	1.89179e-06	
3800.000000	0.0690133 	3800.000000	0.0502698 	3800.000000	0.0478934 	3800.000000	0.0473887 	3800.000000	0.050268  	3800.000000	1.79925e-06	
4000.000000	0.070346  	4000.000000	0.0508681 	4000.000000	0.048096  	4000.000000	0.0475922 	4000.000000	0.0508664 	4000.000000	1.71563e-06	
4200.000000	0.071725  	4200.000000	0.0514824 	4200.000000	0.0482989 	4200.000000	0.047796  	4200.000000	0.0514807 	4200.000000	1.63968e-06	
4400.000000	0.0731464 	4400.000000	0.0521103 	4400.000000	0.0485011 	4400.000000	0.047999  	4400.000000	0.0521087 	4400.000000	1.57038e-06	
4600.000000	0.0746067 	4600.000000	0.0527499 	4600.000000	0.0487017 	4600.000000	0.0482005 	4600.000000	0.0527484 	4600.000000	1.50688e-06	
4800.000000	0.0761031 	4800.000000	0.0533997 	4800.000000	0.0489003 	4800.000000	0.0483998 	4800.000000	0.0533983 	4800.000000	1.44847e-06	
5000.000000	0.0776332 	5000.000000	0.0540583 	5000.000000	0.0490963 	5000.000000	0.0485965 	5000.000000	0.0540569 	5000.000000	1.39457e-06	
5250.000000	0.0795903 	5250.000000	0.0548922 	5250.000000	0.0493373 	5250.000000	0.0488384 	5250.000000	0.0548909 	5250.000000	1.33276e-06	
5500.000000	0.0815936 	5500.000000	0.0557363 	5500.000000	0.0495736 	5500.000000	0.0490754 	5500.000000	0.055735  	5500.000000	1.27636e-06	
6000.000000	0.0857283 	6000.000000	0.0574491 	6000.000000	0.0500308 	6000.000000	0.0495341 	6000.000000	0.057448  	6000.000000	1.17717e-06	
6500.000000	0.0900201 	6500.000000	0.0591876 	6500.000000	0.0504673 	6500.000000	0.0499719 	6500.000000	0.0591865 	6500.000000	1.0927e-06	
7000.000000	0.0944565 	7000.000000	0.060945  	7000.000000	0.0508835 	7000.000000	0.050389  	7000.000000	0.060944  	7000.000000	1.01989e-06	
7500.000000	0.0990283 	7500.000000	0.0627168 	7500.000000	0.05128   	7500.000000	0.0507863 	7500.000000	0.0627158 	7500.000000	9.56444e-07	
8000.000000	0.103728  	8000.000000	0.0644993 	8000.000000	0.0516583 	8000.000000	0.051165  	8000.000000	0.0644984 	8000.000000	9.00655e-07	
8500.000000	0.108552  	8500.000000	0.0662899 	8500.000000	0.0520183 	8500.000000	0.051526  	8500.000000	0.066289  	8500.000000	8.51202e-07	
9000.000000	0.113494  	9000.000000	0.0680866 	9000.000000	0.0523611 	9000.000000	0.0518707 	9000.000000	0.0680858 	9000.000000	8.07053e-07	
9500.000000	0.118552  	9500.000000	0.0698879 	9500.000000	0.0526889 	9500.000000	0.0522001 	9500.000000	0.0698872 	9500.000000	7.67391e-07	
10000.000000	0.123723  	10000.000000	0.0716926 	10000.000000	0.0530032 	10000.000000	0.0525152 	10000.000000	0.0716919 	10000.000000	7.31557e-07	
11000.000000	0.134396  	11000.000000	0.0753083 	11000.000000	0.0535928 	11000.000000	0.0531066 	11000.000000	0.0753077 	11000.000000	6.69336e-07	
12000.000000	0.145502  	12000.000000	0.0789283 	12000.000000	0.0541351 	12000.000000	0.053652  	12000.000000	0.0789277 	12000.000000	6.17143e-07	
13000.000000	0.15703   	13000.000000	0.0825489 	13000.000000	0.0546373 	13000.000000	0.0541572 	13000.000000	0.0825484 	13000.000000	5.72715e-07	
14000.000000	0.168977  	14000.000000	0.0861678 	14000.000000	0.0551051 	14000.000000	0.0546271 	14000.000000	0.0861673 	14000.000000	5.34424e-07	
15000.000000	0.181337  	15000.000000	0.0897835 	15000.000000	0.0555422 	15000.000000	0.055066  	15000.000000	0.089783  	15000.000000	5.0107e-07	
16000.000000	0.19411   	16000.000000	0.0933948 	16000.000000	0.0559513 	16000.000000	0.0554774 	16000.000000	0.0933943 	16000.000000	4.71747e-07	
17000.000000	0.207292  	17000.000000	0.0970011 	17000.000000	0.0563352 	17000.000000	0.0558642 	17000.000000	0.0970006 	17000.000000	4.45761e-07	
18000.000000	0.220885  	18000.000000	0.100602  	18000.000000	0.0566964 	18000.000000	0.056229  	18000.000000	0.100601  	18000.000000	4.22566e-07	
19000.000000	0.234887  	19000.000000	0.104197  	19000.000000	0.0570374 	19000.000000	0.0565741 	19000.000000	0.104197  	19000.000000	4.01733e-07	
20000.000000	0.249299  	20000.000000	0.107786  	20000.000000	0.0573603 	20000.000000	0.0569013 	20000.000000	0.107786  	20000.000000	3.82914e-07	
21000.000000	0.264121  	21000.000000	0.111369  	21000.000000	0.057667  	21000.000000	0.0572122 	21000.000000	0.111369  	21000.000000	3.65829e-07	
22000.000000	0.279354  	22000.000000	0.114946  	22000.000000	0.0579595 	22000.000000	0.0575083 	22000.000000	0.114946  	22000.000000	3.50246e-07	
23000.000000	0.294999  	23000.000000	0.118517  	23000.000000	0.0582385 	23000.000000	0.0577908 	23000.000000	0.118517  	23000.000000	3.35973e-07	
24000.000000	0.311058  	24000.000000	0.122083  	24000.000000	0.058504  	24000.000000	0.058061  	24000.000000	0.122082  	24000.000000	3.22851e-07	
25000.000000	0.327532  	25000.000000	0.125642  	25000.000000	0.0587569 	25000.000000	0.0583196 	25000.000000	0.125642  	25000.000000	3.10745e-07	
26000.000000	0.344423  	26000.000000	0.129196  	26000.000000	0.0589994 	26000.000000	0.0585677 	26000.000000	0.129195  	26000.000000	2.99539e-07	
27000.000000	0.361731  	27000.000000	0.132744  	27000.000000	0.0592331 	27000.000000	0.058806  	27000.000000	0.132743  	27000.000000	2.89136e-07	
28000.000000	0.379459  	28000.000000	0.136286  	28000.000000	0.059458  	28000.000000	0.0590352 	28000.000000	0.136286  	28000.000000	2.79452e-07	
29000.000000	0.397609  	29000.000000	0.139823  	29000.000000	0.0596744 	29000.000000	0.059256  	29000.000000	0.139823  	29000.000000	2.70414e-07	
30000.000000	0.416183  	30000.000000	0.143355  	30000.000000	0.0598824 	30000.000000	0.0594688 	30000.000000	0.143355  	30000.000000	2.61959e-07	
32000.000000	0.454607  	32000.000000	0.150403  	32000.000000	0.0602754 	32000.000000	0.0598729 	32000.000000	0.150402  	32000.000000	2.46583e-07	
34000.000000	0.49475   	34000.000000	0.157431  	34000.000000	0.0606411 	34000.000000	0.0602509 	34000.000000	0.157431  	34000.000000	2.3296e-07	
36000.000000	0.536627  	36000.000000	0.16444   	36000.000000	0.0609834 	36000.000000	0.0606059 	36000.000000	0.16444   	36000.000000	2.20803e-07	
38000.000000	0.580255  	38000.000000	0.171431  	38000.000000	0.0613054 	38000.000000	0.0609405 	38000.000000	0.171431  	38000.000000	2.09885e-07	
40000.000000	0.625654  	40000.000000	0.178404  	40000.000000	0.0616088 	40000.000000	0.0612566 	40000.000000	0.178404  	40000.000000	2.00025e-07	
42000.000000	0.67284   	42000.000000	0.185361  	42000.000000	0.0618944 	42000.000000	0.0615562 	42000.000000	0.185361  	42000.000000	1.91074e-07	
44000.000000	0.721833  	44000.000000	0.192302  	44000.000000	0.0621637 	44000.000000	0.0618409 	44000.000000	0.192302  	44000.000000	1.82912e-07	
46000.000000	0.77265   	46000.000000	0.199228  	46000.000000	0.0624184 	46000.000000	0.0621119 	46000.000000	0.199228  	46000.000000	1.75437e-07	
48000.000000	0.825313  	48000.000000	0.206139  	48000.000000	0.0626597 	48000.000000	0.0623704 	48000.000000	0.206139  	48000.000000	1.68566e-07	
50000.000000	0.879839  	50000.000000	0.213036  	50000.000000	0.0628889 	50000.000000	0.0626176 	50000.000000	0.213036  	50000.000000	1.62227e-07	
