*Energy (MeV/u)1	0 - [He-base] F.Hubert et al, AD&ND Tables 46(1990)1	Energy (MeV/u)2	1 - [H -base] J.F.Ziegler et al, Pergamon Press, NY (low energy)	Energy (MeV/u)3	2 - ATIMA 1.2  LS-theory (recommended for high energy)	Energy (MeV/u)4	3 - ATIMA 1.2  without LS-correction	Energy (MeV/u)5	4 - Range straggling - method [0] - LISE	Energy (MeV/u)6	5 - Range straggling - method [1] - Atima	Energy (MeV/u)7	6 - Lateral range - method [0] - LISE	Energy (MeV/u)8	7 - Lateral range - method [1] - Atima	Energy (MeV/u)9	8 - Lateral range - method [2] - PDG	
0.001000	0.0457917 	0.001000	0.0457917 	0.001000	0.0508354 	0.001000	0.0508354 	0.001000	0         	0.001000	0         	0.001000	0.000175252	0.001000	0.000272549	0.001000	0.000149889	
0.002000	0.0915956 	0.002000	0.0915834 	0.002000	0.101671  	0.002000	0.101671  	0.002000	0.0140473 	0.002000	0.0140473 	0.002000	0.00051325	0.002000	0.000771147	0.002000	0.000451689	
0.005000	0.187309  	0.005000	0.187272  	0.005000	0.208026  	0.005000	0.208026  	0.005000	0.0156988 	0.005000	0.0156988 	0.005000	0.0014601 	0.005000	0.00214882	0.005000	0.00130508	
0.008000	0.259187  	0.008000	0.25913   	0.008000	0.287964  	0.008000	0.287964  	0.008000	0.0157373 	0.008000	0.0157373 	0.008000	0.00233169	0.008000	0.00339113	0.008000	0.00210151	
0.010000	0.300527  	0.010000	0.30046   	0.010000	0.333958  	0.010000	0.333958  	0.010000	0.0158587 	0.010000	0.0158587 	0.010000	0.0028972 	0.010000	0.00419002	0.010000	0.00262114	
0.015000	0.389314  	0.015000	0.389222  	0.015000	0.433739  	0.015000	0.433739  	0.015000	0.0164262 	0.015000	0.0164262 	0.015000	0.00429074	0.015000	0.00614359	0.015000	0.0039076 	
0.020000	0.466326  	0.020000	0.466215  	0.020000	0.519543  	0.020000	0.519543  	0.020000	0.0171519 	0.020000	0.0171519 	0.020000	0.00566856	0.020000	0.0080602 	0.020000	0.00518537	
0.025000	0.535917  	0.025000	0.535787  	0.025000	0.596228  	0.025000	0.596228  	0.025000	0.0179018 	0.025000	0.0179018 	0.025000	0.0070449 	0.025000	0.00996411	0.025000	0.00646594	
0.030000	0.599905  	0.030000	0.599758  	0.030000	0.663092  	0.030000	0.663092  	0.030000	0.0185326 	0.030000	0.0185326 	0.030000	0.00836452	0.030000	0.0117889 	0.030000	0.00769406	
0.035000	0.659631  	0.035000	0.659468  	0.035000	0.722312  	0.035000	0.722312  	0.035000	0.0190533 	0.035000	0.0190533 	0.035000	0.00963234	0.035000	0.0135418 	0.035000	0.00887425	
0.040000	0.716132  	0.040000	0.715954  	0.040000	0.777765  	0.040000	0.777765  	0.040000	0.0195416 	0.040000	0.0195416 	0.040000	0.010904  	0.040000	0.0152939 	0.040000	0.0100605 	
0.045000	0.770185  	0.045000	0.769993  	0.045000	0.831013  	0.045000	0.831013  	0.045000	0.0200218 	0.045000	0.0200218 	0.045000	0.0122042 	0.045000	0.0169103 	0.045000	0.0112762 	
0.050000	0.822372  	0.050000	0.822166  	0.050000	0.882745  	0.050000	0.882745  	0.050000	0.0205008 	0.050000	0.0208561 	0.050000	0.0135381 	0.050000	0.0185082 	0.050000	0.0125263 	
0.055000	0.873134  	0.055000	0.872915  	0.055000	0.933335  	0.055000	0.933335  	0.055000	0.020981  	0.055000	0.0218414 	0.055000	0.0149127 	0.055000	0.0201006 	0.055000	0.0138172 	
0.060000	0.92281   	0.060000	0.922577  	0.060000	0.983037  	0.060000	0.983037  	0.060000	0.0214634 	0.060000	0.0227734 	0.060000	0.0163293 	0.060000	0.0216913 	0.060000	0.0151501 	
0.070000	1.0199    	0.070000	1.01964   	0.070000	1.08052   	0.070000	1.08052   	0.070000	0.0224385 	0.070000	0.0245215 	0.070000	0.0192933 	0.070000	0.0248784 	0.070000	0.0179461 	
0.080000	1.11519   	0.080000	1.11491   	0.080000	1.17639   	0.080000	1.17639   	0.080000	0.0234344 	0.080000	0.0261665 	0.080000	0.0224408 	0.080000	0.0280871 	0.080000	0.0209244 	
0.090000	1.20971   	0.090000	1.2094    	0.090000	1.27153   	0.090000	1.27153   	0.090000	0.0244597 	0.090000	0.0277513 	0.090000	0.0257362 	0.090000	0.0312944 	0.090000	0.024052  	
0.100000	1.30418   	0.100000	1.30384   	0.100000	1.36658   	0.100000	1.36658   	0.100000	0.0255222 	0.100000	0.0293053 	0.100000	0.0291321 	0.100000	0.0344736 	0.100000	0.0272846 	
0.120000	1.49493   	0.120000	1.49455   	0.120000	1.5583    	0.120000	1.5583    	0.120000	0.0277852 	0.120000	0.0323984 	0.120000	0.0357132 	0.120000	0.0409629 	0.120000	0.0342008 	
0.140000	1.69032   	0.140000	1.68988   	0.140000	1.75432   	0.140000	1.75432   	0.140000	0.0302661 	0.140000	0.0355544 	0.140000	0.0421217 	0.140000	0.0477291 	0.140000	0.0409151 	
0.160000	1.89206   	0.160000	1.89157   	0.160000	1.95637   	0.160000	1.95637   	0.160000	0.0329933 	0.160000	0.038834  	0.160000	0.0488475 	0.160000	0.0548315 	0.160000	0.0476092 	
0.180000	2.10121   	0.180000	2.10067   	0.180000	2.16551   	0.180000	2.16551   	0.180000	0.0359842 	0.180000	0.0422715 	0.180000	0.0559684 	0.180000	0.0623157 	0.180000	0.0547067 	
0.200000	2.31842   	0.200000	2.31782   	0.200000	2.3824    	0.200000	2.3824    	0.200000	0.0392469 	0.200000	0.0458849 	0.200000	0.0628581 	0.200000	0.0695007 	0.200000	0.0615867 	
0.250000	2.89872   	0.250000	2.89796   	0.250000	2.96063   	0.250000	2.96063   	0.250000	0.0485884 	0.250000	0.0557195 	0.250000	0.0788588 	0.250000	0.0863994 	0.250000	0.0775577 	
0.300000	3.53309   	0.300000	3.53216   	0.300000	3.59131   	0.300000	3.59131   	0.300000	0.059532  	0.300000	0.0666505 	0.300000	0.0945769 	0.300000	0.103663  	0.300000	0.0931997 	
0.350000	4.22035   	0.350000	4.21925   	0.350000	4.27342   	0.350000	4.27342   	0.350000	0.0719158 	0.350000	0.078552  	0.350000	0.110699  	0.350000	0.121938  	0.350000	0.109184  	
0.400000	4.95831   	0.400000	4.95701   	0.400000	5.00493   	0.400000	5.00493   	0.400000	0.0855763 	0.400000	0.0912875 	0.400000	0.127704  	0.400000	0.141338  	0.400000	0.12608   	
0.450000	5.74458   	0.450000	5.74307   	0.450000	5.78362   	0.450000	5.78362   	0.450000	0.100375  	0.450000	0.104739  	0.450000	0.145639  	0.450000	0.161662  	0.450000	0.143842  	
0.500000	6.57693   	0.500000	6.5752    	0.500000	6.60741   	0.500000	6.60741   	0.500000	0.116201  	0.500000	0.118815  	0.500000	0.164454  	0.500000	0.183027  	0.500000	0.162511  	
0.600000	8.3722    	0.600000	8.36999   	0.600000	8.38303   	0.600000	8.38303   	0.600000	0.150614  	0.600000	0.148574  	0.600000	0.204418  	0.600000	0.227789  	0.600000	0.202285  	
0.700000	10.3311   	0.700000	10.3284   	0.700000	10.3197   	0.700000	10.3197   	0.700000	0.188343  	0.700000	0.18019   	0.700000	0.247275  	0.700000	0.275556  	0.700000	0.245047  	
0.800000	12.4439   	0.800000	12.4406   	0.800000	12.4081   	0.800000	12.4081   	0.800000	0.229098  	0.800000	0.213449  	0.800000	0.292871  	0.800000	0.325842  	0.800000	0.29057   	
0.900000	14.703    	0.900000	14.6991   	0.900000	14.6413   	0.900000	14.6413   	0.900000	0.272688  	0.900000	0.248223  	0.900000	0.340898  	0.900000	0.37854   	0.900000	0.338644  	
1.000000	17.1023   	1.000000	17.0977   	1.000000	17.0135   	1.000000	17.0135   	1.000000	0.318982  	1.000000	0.28443   	1.000000	0.391351  	1.000000	0.433397  	1.000000	0.389241  	
1.250000	23.6833   	1.250000	23.677    	1.250000	23.5238   	1.250000	23.5238   	1.250000	0.44595   	1.250000	0.380857  	1.250000	0.52716   	1.250000	0.579621  	1.250000	0.52553   	
1.500000	31.0524   	1.500000	31.0441   	1.500000	30.8204   	1.500000	30.8204   	1.500000	0.588163  	1.500000	0.485258  	1.500000	0.676143  	1.500000	0.737851  	1.500000	0.675305  	
1.750000	39.1666   	1.750000	39.1562   	1.750000	38.8631   	1.750000	38.8631   	1.750000	0.744886  	1.750000	0.597195  	1.750000	0.837771  	1.750000	0.907553  	1.750000	0.838089  	
2.000000	47.9929   	2.000000	47.9802   	2.000000	47.6208   	2.000000	47.6208   	2.000000	0.915554  	2.000000	0.716316  	2.000000	1.01138   	2.000000	1.08784   	2.000000	1.01308   	
2.250000	57.5044   	2.250000	57.4892   	2.250000	57.0681   	2.250000	57.0681   	2.250000	1.0997    	2.250000	0.84233   	2.250000	1.19676   	2.250000	1.2785    	2.250000	1.20013   	
2.500000	67.6842   	2.500000	67.6606   	2.500000	67.1836   	2.500000	67.1836   	2.500000	1.29693   	2.500000	0.975002  	2.500000	1.39329   	2.500000	1.47911   	2.500000	1.39852   	
3.000000	90.2049   	3.000000	89.916    	3.000000	89.3484   	3.000000	89.3484   	3.000000	1.7293    	3.000000	1.25952   	3.000000	1.81907   	3.000000	1.9085    	3.000000	1.8287    	
3.500000	115.054   	3.500000	114.618   	3.500000	113.993   	3.500000	113.993   	3.500000	2.21032   	3.500000	1.56845   	3.500000	2.28634   	3.500000	2.37382   	3.500000	2.30113   	
4.000000	142.16    	4.000000	141.664   	4.000000	141.022   	4.000000	141.022   	4.000000	2.7381    	4.000000	1.90061   	4.000000	2.79367   	4.000000	2.87338   	4.000000	2.81441   	
4.500000	171.464   	4.500000	170.97    	4.500000	170.352   	4.500000	170.352   	4.500000	3.31104   	4.500000	2.255     	4.500000	3.33938   	4.500000	3.4055    	4.500000	3.36662   	
5.000000	202.914   	5.000000	202.464   	5.000000	201.916   	5.000000	201.916   	5.000000	3.92779   	5.000000	2.63078   	5.000000	3.92251   	5.000000	3.96881   	5.000000	3.95686   	
5.500000	236.464   	5.500000	236.084   	5.500000	235.656   	5.500000	235.656   	5.500000	4.58716   	5.500000	3.02722   	5.500000	4.54155   	5.500000	4.56259   	5.500000	4.58378   	
6.000000	272.075   	6.000000	271.775   	6.000000	271.518   	6.000000	271.518   	6.000000	5.2881    	6.000000	3.44366   	6.000000	5.19594   	6.000000	5.18529   	6.000000	5.24641   	
6.500000	309.708   	6.500000	309.49    	6.500000	309.457   	6.500000	309.457   	6.500000	6.02969   	6.500000	3.87956   	6.500000	5.88483   	6.500000	5.83665   	6.500000	5.94407   	
7.000000	349.333   	7.000000	349.185   	7.000000	349.432   	7.000000	349.432   	7.000000	6.81108   	7.000000	4.33438   	7.000000	6.6071    	7.000000	6.51551   	7.000000	6.67595   	
7.500000	390.917   	7.500000	390.822   	7.500000	391.405   	7.500000	391.405   	7.500000	7.63153   	7.500000	4.80767   	7.500000	7.36237   	7.500000	7.22131   	7.500000	7.44102   	
8.000000	434.433   	8.000000	434.363   	8.000000	435.341   	8.000000	435.341   	8.000000	8.49034   	8.000000	5.29902   	8.000000	8.15006   	8.000000	7.95374   	8.000000	8.23898   	
8.500000	479.856   	8.500000	479.778   	8.500000	481.21    	8.500000	481.21    	8.500000	9.38687   	8.500000	5.80809   	8.500000	8.96958   	8.500000	8.71148   	8.500000	9.06923   	
9.000000	527.16    	9.000000	527.036   	9.000000	528.984   	9.000000	528.984   	9.000000	10.3205   	9.000000	6.33454   	9.000000	9.82012   	9.000000	9.49469   	9.000000	9.93125   	
9.500000	576.324   	9.500000	576.109   	9.500000	578.634   	9.500000	578.634   	9.500000	11.2908   	9.500000	6.87793   	9.500000	10.7014   	9.500000	10.3029   	9.500000	10.8245   	
10.000000	627.325   	10.000000	626.959   	10.000000	630.136   	10.000000	630.136   	10.000000	12.2971   	10.000000	7.43787   	10.000000	11.6131   	10.000000	11.1351   	10.000000	11.7483   	
11.000000	734.763   	11.000000	732.884   	11.000000	738.487   	11.000000	738.486   	11.000000	14.4096   	11.000000	8.60818   	11.000000	13.5227   	11.000000	12.8685   	11.000000	13.6834   	
12.000000	849.324   	12.000000	845.044   	12.000000	853.745   	12.000000	853.741   	12.000000	16.6489   	12.000000	9.85743   	12.000000	15.5419   	12.000000	14.6889   	12.000000	15.7302   	
13.000000	970.874   	13.000000	963.442   	13.000000	975.756   	13.000000	975.75    	13.000000	19.0131   	13.000000	11.1829   	13.000000	17.6675   	13.000000	16.5933   	13.000000	17.8851   	
14.000000	1099.29   	14.000000	1088.06   	14.000000	1104.38   	14.000000	1104.37   	14.000000	21.5      	14.000000	12.5778   	14.000000	19.897    	14.000000	18.5791   	14.000000	20.1452   	
15.000000	1234.46   	15.000000	1218.89   	15.000000	1239.5    	15.000000	1239.49   	15.000000	24.1077   	15.000000	14.0382   	15.000000	22.228    	15.000000	20.644    	15.000000	22.5085   	
16.000000	1376.27   	16.000000	1355.87   	16.000000	1380.99   	16.000000	1380.98   	16.000000	26.8343   	16.000000	15.5607   	16.000000	24.6581   	16.000000	22.7865   	16.000000	24.973    	
17.000000	1524.64   	17.000000	1498.99   	17.000000	1528.74   	17.000000	1528.74   	17.000000	29.6775   	17.000000	17.1417   	17.000000	27.1857   	17.000000	25.0042   	17.000000	27.5368   	
18.000000	1679.46   	18.000000	1648.2    	18.000000	1682.66   	18.000000	1682.68   	18.000000	32.6355   	18.000000	18.7785   	18.000000	29.809    	18.000000	27.2961   	18.000000	30.1977   	
19.000000	1840.66   	19.000000	1803.46   	19.000000	1842.66   	19.000000	1842.69   	19.000000	35.7068   	19.000000	20.4694   	19.000000	32.5266   	19.000000	29.6608   	19.000000	32.9546   	
20.000000	2008.14   	20.000000	1964.72   	20.000000	2008.65   	20.000000	2008.7    	20.000000	38.8897   	20.000000	22.2129   	20.000000	35.337    	20.000000	32.0966   	20.000000	35.8061   	
21.000000	2181.84   	21.000000	2131.96   	21.000000	2180.56   	21.000000	2180.63   	21.000000	42.1828   	21.000000	24.0075   	21.000000	38.2386   	21.000000	34.6027   	21.000000	38.7508   	
22.000000	2361.67   	22.000000	2305.11   	22.000000	2358.31   	22.000000	2358.4    	22.000000	45.5845   	22.000000	25.8522   	22.000000	41.2303   	22.000000	37.1781   	22.000000	41.7877   	
23.000000	2547.57   	23.000000	2484.15   	23.000000	2541.83   	23.000000	2541.94   	23.000000	49.0934   	23.000000	27.7457   	23.000000	44.3109   	23.000000	39.8212   	23.000000	44.9155   	
24.000000	2739.48   	24.000000	2669.02   	24.000000	2731.03   	24.000000	2731.18   	24.000000	52.7075   	24.000000	29.6865   	24.000000	47.479    	24.000000	42.5311   	24.000000	48.1326   	
25.000000	2937.32   	25.000000	2859.69   	25.000000	2925.86   	25.000000	2926.05   	25.000000	56.4248   	25.000000	31.6728   	25.000000	50.7334   	25.000000	45.3067   	25.000000	51.4376   	
27.000000	3350.58   	27.000000	3258.26   	27.000000	3332.1    	27.000000	3332.44   	27.000000	64.1641   	27.000000	35.7789   	27.000000	57.4959   	27.000000	51.0508   	27.000000	58.3077   	
29.000000	3786.88   	29.000000	3679.54   	29.000000	3760.13   	29.000000	3760.63   	29.000000	72.3032   	29.000000	40.062    	29.000000	64.5901   	29.000000	57.0469   	29.000000	65.5187   	
31.000000	4245.79   	31.000000	4123.2    	31.000000	4209.62   	31.000000	4210.31   	31.000000	80.8396   	31.000000	44.5204   	31.000000	72.0118   	31.000000	63.291    	31.000000	73.0663   	
33.000000	4726.91   	33.000000	4588.95   	33.000000	4681.02   	33.000000	4681.9    	33.000000	89.8088   	33.000000	49.1692   	33.000000	79.7743   	33.000000	69.793    	33.000000	80.9641   	
35.000000	5229.87   	35.000000	5076.49   	35.000000	5174.12   	35.000000	5175.19   	35.000000	99.2071   	35.000000	54.0074   	35.000000	87.8768   	35.000000	76.5525   	35.000000	89.2116   	
38.000000	6024.48   	38.000000	5848.05   	38.000000	5953.69   	38.000000	5955.11   	38.000000	114.082   	38.000000	61.6082   	38.000000	100.657   	38.000000	87.1653   	38.000000	102.23    	
41.000000	6866.31   	41.000000	6667.08   	41.000000	6780.18   	41.000000	6782.1    	41.000000	129.859   	41.000000	69.5987   	41.000000	114.174   	41.000000	98.3343   	41.000000	116.009   	
44.000000	7754.31   	44.000000	7532.71   	44.000000	7652.77   	44.000000	7655.2    	44.000000	146.518   	44.000000	77.9699   	44.000000	128.413   	44.000000	110.048   	44.000000	130.539   	
47.000000	8687.52   	47.000000	8444.09   	47.000000	8570.58   	47.000000	8573.54   	47.000000	164.032   	47.000000	86.7093   	47.000000	143.36    	47.000000	122.294   	47.000000	145.803   	
50.000000	9665.05   	50.000000	9400.41   	50.000000	9532.76   	50.000000	9536.27   	50.000000	182.379   	50.000000	95.8067   	50.000000	158.998   	50.000000	135.06    	50.000000	161.789   	
55.000000	11390.5   	55.000000	11092.1   	55.000000	11232.9   	55.000000	11237.4   	55.000000	214.751   	55.000000	111.738   	55.000000	186.556   	55.000000	157.46    	55.000000	189.997   	
60.000000	13233     	60.000000	12903     	60.000000	13050.8   	60.000000	13056.2   	60.000000	249.288   	60.000000	128.599   	60.000000	215.925   	60.000000	181.22    	60.000000	220.109   	
65.000000	15189.3   	65.000000	14830     	65.000000	14982.9   	65.000000	14989.7   	65.000000	285.889   	65.000000	146.331   	65.000000	247.035   	65.000000	206.285   	65.000000	252.062   	
70.000000	17256.4   	70.000000	16870.1   	70.000000	17026.5   	70.000000	17034.8   	70.000000	324.492   	70.000000	164.919   	70.000000	279.83    	70.000000	232.614   	70.000000	285.806   	
75.000000	19431.4   	75.000000	19020.3   	75.000000	19179.1   	75.000000	19188.9   	75.000000	365.027   	75.000000	184.32    	75.000000	314.256   	75.000000	260.167   	75.000000	321.292   	
80.000000	21711.6   	80.000000	21277.9   	80.000000	21437.9   	80.000000	21449.2   	80.000000	407.426   	80.000000	204.518   	80.000000	350.259   	80.000000	288.904   	80.000000	358.475   	
85.000000	24094.7   	85.000000	23640.4   	85.000000	23800.5   	85.000000	23813.5   	85.000000	451.623   	85.000000	225.49    	85.000000	387.79    	85.000000	318.791   	85.000000	397.309   	
90.000000	26578.2   	90.000000	26105.2   	90.000000	26264.5   	90.000000	26279.2   	90.000000	497.559   	90.000000	247.202   	90.000000	426.802   	90.000000	349.793   	90.000000	437.753   	
95.000000	29160     	95.000000	28670     	95.000000	28827.6   	95.000000	28844.2   	95.000000	545.159   	95.000000	269.614   	95.000000	467.241   	95.000000	381.872   	95.000000	479.759   	
100.000000	31838     	100.000000	31332.4   	100.000000	31487.5   	100.000000	31506.4   	100.000000	594.369   	100.000000	292.706   	100.000000	509.065   	100.000000	414.998   	100.000000	523.287   	
105.000000	34610.3   	105.000000	34090.4   	105.000000	34242.4   	105.000000	34263.6   	105.000000	645.151   	105.000000	316.482   	105.000000	552.234   	105.000000	449.144   	105.000000	568.305   	
110.000000	37475     	110.000000	36941.7   	110.000000	37090.4   	110.000000	37114     	110.000000	697.449   	110.000000	340.92    	110.000000	596.71    	110.000000	484.283   	110.000000	614.778   	
115.000000	40430.3   	115.000000	39884.4   	115.000000	40029.5   	115.000000	40055.5   	115.000000	751.215   	115.000000	365.998   	115.000000	642.454   	115.000000	520.387   	115.000000	662.671   	
120.000000	43474.6   	120.000000	42916.5   	120.000000	43058     	120.000000	43086.5   	120.000000	806.399   	120.000000	391.681   	120.000000	689.427   	120.000000	557.432   	120.000000	711.951   	
125.000000	46606.2   	125.000000	46036.1   	125.000000	46174     	125.000000	46205     	125.000000	862.956   	125.000000	417.954   	125.000000	737.595   	125.000000	595.391   	125.000000	762.585   	
130.000000	49823.5   	130.000000	49241.5   	130.000000	49375.8   	130.000000	49409.4   	130.000000	920.841   	130.000000	444.821   	130.000000	786.921   	130.000000	634.241   	130.000000	814.542   	
135.000000	53125.1   	135.000000	52530.8   	135.000000	52661.9   	135.000000	52698.1   	135.000000	980.014   	135.000000	472.264   	135.000000	837.375   	135.000000	673.961   	135.000000	867.794   	
140.000000	56509.6   	140.000000	55902.4   	140.000000	56030.5   	140.000000	56069.5   	140.000000	1040.43   	140.000000	500.25    	140.000000	888.918   	140.000000	714.525   	140.000000	922.306   	
145.000000	59975.6   	145.000000	59354.6   	145.000000	59479.7   	145.000000	59521.9   	145.000000	1102.02   	145.000000	528.762   	145.000000	941.513   	145.000000	755.908   	145.000000	978.044   	
150.000000	63521.8   	150.000000	62885.9   	150.000000	63008.3   	150.000000	63053.9   	150.000000	1164.77   	150.000000	557.792   	150.000000	995.136   	150.000000	798.091   	150.000000	1034.99   	
155.000000	67198.1   	155.000000	66494.7   	155.000000	66615     	155.000000	66664     	155.000000	1228.66   	155.000000	587.333   	155.000000	1049.76   	155.000000	841.059   	155.000000	1093.11   	
160.000000	70950.8   	160.000000	70179.5   	160.000000	70298.3   	160.000000	70350.8   	160.000000	1293.63   	160.000000	617.373   	160.000000	1105.35   	160.000000	884.792   	160.000000	1152.38   	
165.000000	74776.7   	165.000000	73938.8   	165.000000	74056.9   	165.000000	74112.8   	165.000000	1359.66   	165.000000	647.903   	165.000000	1161.89   	165.000000	929.269   	165.000000	1212.78   	
170.000000	78674.5   	170.000000	77771.4   	170.000000	77889.3   	170.000000	77948.9   	170.000000	1426.71   	170.000000	678.903   	170.000000	1219.35   	170.000000	974.474   	170.000000	1274.29   	
175.000000	82642.8   	175.000000	81675.7   	175.000000	81794.4   	175.000000	81857.6   	175.000000	1494.76   	175.000000	710.347   	175.000000	1277.7    	175.000000	1020.39   	175.000000	1336.88   	
180.000000	86680.5   	180.000000	85650.5   	180.000000	85770.7   	180.000000	85837.6   	180.000000	1563.76   	180.000000	742.235   	180.000000	1336.91   	180.000000	1066.99   	180.000000	1400.52   	
185.000000	90786.3   	185.000000	89694.4   	185.000000	89817.1   	185.000000	89887.7   	185.000000	1633.68   	185.000000	774.571   	185.000000	1396.96   	185.000000	1114.28   	185.000000	1465.2    	
190.000000	94959     	190.000000	93806.3   	190.000000	93932.4   	190.000000	94006.8   	190.000000	1704.51   	190.000000	807.328   	190.000000	1457.83   	190.000000	1162.22   	190.000000	1530.88   	
195.000000	99197.6   	195.000000	97984.9   	195.000000	98115.3   	195.000000	98193.5   	195.000000	1776.2    	195.000000	840.491   	195.000000	1519.5    	195.000000	1210.81   	195.000000	1597.56   	
200.000000	103501    	200.000000	102229    	200.000000	102365    	200.000000	102447    	200.000000	1848.73   	200.000000	874.07    	200.000000	1581.93   	200.000000	1260.03   	200.000000	1665.2    	
210.000000	112297    	210.000000	110909    	210.000000	111058    	210.000000	111149    	210.000000	1996.17   	210.000000	942.419   	210.000000	1709.02   	210.000000	1360.28   	210.000000	1803.3    	
220.000000	121340    	220.000000	119838    	220.000000	120003    	220.000000	120103    	220.000000	2146.6    	220.000000	1012.23   	220.000000	1838.91   	220.000000	1462.86   	220.000000	1945.01   	
230.000000	130622    	230.000000	129007    	230.000000	129193    	230.000000	129303    	230.000000	2299.88   	230.000000	1083.48   	230.000000	1971.47   	230.000000	1567.67   	230.000000	2090.19   	
240.000000	140134    	240.000000	138408    	240.000000	138619    	240.000000	138739    	240.000000	2455.82   	240.000000	1156.1    	240.000000	2106.55   	240.000000	1674.62   	240.000000	2238.7    	
250.000000	149871    	250.000000	148034    	250.000000	148275    	250.000000	148404    	250.000000	2614.23   	250.000000	1230.03   	250.000000	2244      	250.000000	1783.59   	250.000000	2390.39   	
260.000000	159826    	260.000000	157876    	260.000000	158151    	260.000000	158291    	260.000000	2774.96   	260.000000	1305.24   	260.000000	2383.68   	260.000000	1894.51   	260.000000	2545.15   	
270.000000	169991    	270.000000	167929    	270.000000	168242    	270.000000	168392    	270.000000	2937.84   	270.000000	1381.66   	270.000000	2525.47   	270.000000	2007.27   	270.000000	2702.83   	
280.000000	180361    	280.000000	178186    	280.000000	178541    	280.000000	178702    	280.000000	3102.72   	280.000000	1459.25   	280.000000	2669.25   	280.000000	2121.8    	280.000000	2863.32   	
290.000000	190930    	290.000000	188639    	290.000000	189042    	290.000000	189213    	290.000000	3269.48   	290.000000	1537.94   	290.000000	2814.89   	290.000000	2238.02   	290.000000	3026.5    	
300.000000	201692    	300.000000	199284    	300.000000	199737    	300.000000	199919    	300.000000	3437.96   	300.000000	1617.65   	300.000000	2962.3    	300.000000	2355.84   	300.000000	3192.25   	
310.000000	212643    	310.000000	210114    	310.000000	210621    	310.000000	210815    	310.000000	3608      	310.000000	1698.37   	310.000000	3111.33   	310.000000	2475.17   	310.000000	3360.45   	
320.000000	223776    	320.000000	221123    	320.000000	221688    	320.000000	221895    	320.000000	3779.51   	320.000000	1780.06   	320.000000	3261.91   	320.000000	2595.97   	320.000000	3531.01   	
330.000000	235087    	330.000000	232307    	330.000000	232933    	330.000000	233152    	330.000000	3952.41   	330.000000	1862.64   	330.000000	3413.94   	330.000000	2718.16   	330.000000	3703.83   	
340.000000	246571    	340.000000	243660    	340.000000	244350    	340.000000	244583    	340.000000	4126.58   	340.000000	1946.09   	340.000000	3567.35   	340.000000	2841.68   	340.000000	3878.83   	
350.000000	258223    	350.000000	255177    	350.000000	255935    	350.000000	256181    	350.000000	4301.92   	350.000000	2030.43   	350.000000	3722.03   	350.000000	2966.47   	350.000000	4055.9    	
360.000000	270039    	360.000000	266854    	360.000000	267683    	360.000000	267942    	360.000000	4478.33   	360.000000	2115.64   	360.000000	3877.91   	360.000000	3092.47   	360.000000	4234.96   	
370.000000	282015    	370.000000	278685    	370.000000	279588    	370.000000	279861    	370.000000	4655.74   	370.000000	2201.65   	370.000000	4034.92   	370.000000	3219.62   	370.000000	4415.92   	
380.000000	294146    	380.000000	290667    	380.000000	291647    	380.000000	291934    	380.000000	4834.04   	380.000000	2288.4    	380.000000	4192.97   	380.000000	3347.86   	380.000000	4598.72   	
390.000000	306429    	390.000000	302795    	390.000000	303855    	390.000000	304155    	390.000000	5013.16   	390.000000	2375.88   	390.000000	4352      	390.000000	3477.16   	390.000000	4783.25   	
400.000000	318860    	400.000000	315065    	400.000000	316208    	400.000000	316521    	400.000000	5193.02   	400.000000	2464.07   	400.000000	4511.94   	400.000000	3607.45   	400.000000	4969.46   	
410.000000	331435    	410.000000	327474    	410.000000	328701    	410.000000	329028    	410.000000	5373.56   	410.000000	2552.95   	410.000000	4672.73   	410.000000	3738.69   	410.000000	5157.27   	
420.000000	344149    	420.000000	340016    	420.000000	341330    	420.000000	341672    	420.000000	5554.69   	420.000000	2642.45   	420.000000	4834.29   	420.000000	3870.83   	420.000000	5346.61   	
430.000000	357001    	430.000000	352689    	430.000000	354092    	430.000000	354448    	430.000000	5736.35   	430.000000	2732.52   	430.000000	4996.59   	430.000000	4003.83   	430.000000	5537.41   	
440.000000	369986    	440.000000	365490    	440.000000	366984    	440.000000	367353    	440.000000	5918.49   	440.000000	2823.17   	440.000000	5159.55   	440.000000	4137.64   	440.000000	5729.62   	
450.000000	383102    	450.000000	378414    	450.000000	380000    	450.000000	380384    	450.000000	6101.05   	450.000000	2914.42   	450.000000	5323.14   	450.000000	4272.23   	450.000000	5923.15   	
460.000000	396344    	460.000000	391459    	460.000000	393139    	460.000000	393537    	460.000000	6283.95   	460.000000	3006.26   	460.000000	5487.29   	460.000000	4407.55   	460.000000	6117.96   	
470.000000	409710    	470.000000	404621    	470.000000	406395    	470.000000	406809    	470.000000	6467.12   	470.000000	3098.65   	470.000000	5651.94   	470.000000	4543.56   	470.000000	6313.97   	
480.000000	423197    	480.000000	417897    	480.000000	419765    	480.000000	420195    	480.000000	6650.52   	480.000000	3191.55   	480.000000	5817.05   	480.000000	4680.21   	480.000000	6511.13   	
490.000000	436802    	490.000000	431284    	490.000000	433247    	490.000000	433694    	490.000000	6834.08   	490.000000	3284.92   	490.000000	5982.57   	490.000000	4817.48   	490.000000	6709.38   	
500.000000	450522    	500.000000	444780    	500.000000	446837    	500.000000	447301    	500.000000	7017.8    	500.000000	3378.73   	500.000000	6148.47   	500.000000	4955.34   	500.000000	6908.67   	
520.000000	478297    	520.000000	472084    	520.000000	474332    	520.000000	474829    	520.000000	7385.5    	520.000000	3567.74   	520.000000	6481.24   	520.000000	5232.68   	520.000000	7310.19   	
540.000000	506501    	540.000000	499790    	540.000000	502228    	540.000000	502758    	540.000000	7753.3    	540.000000	3758.57   	540.000000	6815.07   	540.000000	5511.99   	540.000000	7715.31   	
560.000000	535114    	560.000000	527876    	560.000000	530502    	560.000000	531067    	560.000000	8120.93   	560.000000	3950.95   	560.000000	7149.69   	560.000000	5793.05   	560.000000	8123.7    	
580.000000	564116    	580.000000	556324    	580.000000	559137    	580.000000	559735    	580.000000	8488.16   	580.000000	4144.78   	580.000000	7484.84   	580.000000	6075.64   	580.000000	8535.02   	
600.000000	593491    	600.000000	585115    	600.000000	588112    	600.000000	588746    	600.000000	8854.76   	600.000000	4340      	600.000000	7820.32   	600.000000	6359.59   	600.000000	8948.98   	
620.000000	623220    	620.000000	614234    	620.000000	617411    	620.000000	618080    	620.000000	9220.53   	620.000000	4536.53   	620.000000	8155.93   	620.000000	6644.71   	620.000000	9365.3    	
640.000000	653289    	640.000000	643664    	640.000000	647018    	640.000000	647721    	640.000000	9585.29   	640.000000	4734.29   	640.000000	8491.47   	640.000000	6930.83   	640.000000	9783.72   	
660.000000	683681    	660.000000	673391    	660.000000	676917    	660.000000	677655    	660.000000	9948.89   	660.000000	4933.24   	660.000000	8826.79   	660.000000	7217.82   	660.000000	10204     	
680.000000	714382    	680.000000	703400    	680.000000	707093    	680.000000	707867    	680.000000	10311.2   	680.000000	5133.3    	680.000000	9161.74   	680.000000	7505.53   	680.000000	10625.9   	
700.000000	745379    	700.000000	733678    	700.000000	737533    	700.000000	738342    	700.000000	10672.1   	700.000000	5334.42   	700.000000	9496.16   	700.000000	7793.82   	700.000000	11049.2   	
720.000000	776657    	720.000000	764212    	720.000000	768222    	720.000000	769068    	720.000000	11031.4   	720.000000	5536.56   	720.000000	9829.93   	720.000000	8082.55   	720.000000	11473.8   	
740.000000	808204    	740.000000	794991    	740.000000	799147    	740.000000	800032    	740.000000	11389     	740.000000	5739.61   	740.000000	10162.9   	740.000000	8371.61   	740.000000	11899.3   	
760.000000	840008    	760.000000	826002    	760.000000	830297    	760.000000	831223    	760.000000	11744.8   	760.000000	5943.48   	760.000000	10495     	760.000000	8660.91   	760.000000	12325.7   	
780.000000	872057    	780.000000	857236    	780.000000	861664    	780.000000	862630    	780.000000	12098.8   	780.000000	6148.1    	780.000000	10826.2   	780.000000	8950.35   	780.000000	12752.7   	
800.000000	904340    	800.000000	888681    	800.000000	893235    	800.000000	894242    	800.000000	12451     	800.000000	6353.45   	800.000000	11156.3   	800.000000	9239.85   	800.000000	13180.4   	
820.000000	936847    	820.000000	920328    	820.000000	925002    	820.000000	926049    	820.000000	12801.2   	820.000000	6559.6    	820.000000	11485.3   	820.000000	9529.32   	820.000000	13608.4   	
840.000000	969567    	840.000000	952168    	840.000000	956955    	840.000000	958042    	840.000000	13149.4   	840.000000	6766.55   	840.000000	11813.2   	840.000000	9818.68   	840.000000	14036.8   	
860.000000	1.00249e+06	860.000000	984191    	860.000000	989084    	860.000000	990212    	860.000000	13495.7   	860.000000	6974.28   	860.000000	12139.8   	860.000000	10107.9   	860.000000	14465.3   	
880.000000	1.03561e+06	880.000000	1.01639e+06	880.000000	1.02138e+06	880.000000	1.02255e+06	880.000000	13839.8   	880.000000	7182.73   	880.000000	12465.1   	880.000000	10396.8   	880.000000	14893.8   	
900.000000	1.06891e+06	900.000000	1.04876e+06	900.000000	1.05384e+06	900.000000	1.05505e+06	900.000000	14181.9   	900.000000	7391.84   	900.000000	12789     	900.000000	10685.4   	900.000000	15322.3   	
920.000000	1.10239e+06	920.000000	1.08128e+06	920.000000	1.08645e+06	920.000000	1.0877e+06	920.000000	14521.8   	920.000000	7601.54   	920.000000	13111.6   	920.000000	10973.7   	920.000000	15750.7   	
940.000000	1.13604e+06	940.000000	1.11396e+06	940.000000	1.11921e+06	940.000000	1.1205e+06	940.000000	14859.5   	940.000000	7811.78   	940.000000	13432.7   	940.000000	11261.5   	940.000000	16178.8   	
960.000000	1.16985e+06	960.000000	1.14678e+06	960.000000	1.1521e+06	960.000000	1.15344e+06	960.000000	15195.1   	960.000000	8022.51   	960.000000	13752.4   	960.000000	11548.9   	960.000000	16606.6   	
980.000000	1.20381e+06	980.000000	1.17974e+06	980.000000	1.18513e+06	980.000000	1.1865e+06	980.000000	15528.5   	980.000000	8233.73   	980.000000	14070.6   	980.000000	11835.7   	980.000000	17033.9   	
1000.000000	1.23792e+06	1000.000000	1.21283e+06	1000.000000	1.21828e+06	1000.000000	1.2197e+06	1000.000000	15859.8   	1000.000000	8445.43   	1000.000000	14387.2   	1000.000000	12122     	1000.000000	17460.8   	
1020.000000	1.27216e+06	1020.000000	1.24605e+06	1020.000000	1.25156e+06	1020.000000	1.25301e+06	1020.000000	16188.8   	1020.000000	8657.61   	1020.000000	14702.3   	1020.000000	12407.7   	1020.000000	17887.1   	
1040.000000	1.30654e+06	1040.000000	1.27939e+06	1040.000000	1.28494e+06	1040.000000	1.28644e+06	1040.000000	16515.6   	1040.000000	8870.23   	1040.000000	15015.9   	1040.000000	12692.7   	1040.000000	18312.8   	
1060.000000	1.34104e+06	1060.000000	1.31284e+06	1060.000000	1.31844e+06	1060.000000	1.31998e+06	1060.000000	16840.2   	1060.000000	9083.3    	1060.000000	15327.8   	1060.000000	12977.1   	1060.000000	18737.8   	
1080.000000	1.37566e+06	1080.000000	1.3464e+06	1080.000000	1.35204e+06	1080.000000	1.35362e+06	1080.000000	17162.5   	1080.000000	9296.8    	1080.000000	15638.1   	1080.000000	13260.7   	1080.000000	19162.1   	
1100.000000	1.41039e+06	1100.000000	1.38007e+06	1100.000000	1.38574e+06	1100.000000	1.38736e+06	1100.000000	17482.7   	1100.000000	9510.71   	1100.000000	15946.9   	1100.000000	13543.6   	1100.000000	19585.6   	
1120.000000	1.44523e+06	1120.000000	1.41383e+06	1120.000000	1.41953e+06	1120.000000	1.42119e+06	1120.000000	17800.7   	1120.000000	9725.02   	1120.000000	16254     	1120.000000	13825.8   	1120.000000	20008.2   	
1140.000000	1.48017e+06	1140.000000	1.44769e+06	1140.000000	1.45341e+06	1140.000000	1.45511e+06	1140.000000	18116.5   	1140.000000	9939.72   	1140.000000	16559.4   	1140.000000	14107.1   	1140.000000	20429.9   	
1160.000000	1.51521e+06	1160.000000	1.48163e+06	1160.000000	1.48738e+06	1160.000000	1.48912e+06	1160.000000	18430     	1160.000000	10154.8   	1160.000000	16863.2   	1160.000000	14387.7   	1160.000000	20850.7   	
1180.000000	1.55033e+06	1180.000000	1.51566e+06	1180.000000	1.52143e+06	1180.000000	1.52321e+06	1180.000000	18741.5   	1180.000000	10370.3   	1180.000000	17165.4   	1180.000000	14667.4   	1180.000000	21270.6   	
1200.000000	1.58554e+06	1200.000000	1.54977e+06	1200.000000	1.55555e+06	1200.000000	1.55738e+06	1200.000000	19050.7   	1200.000000	10586.1   	1200.000000	17465.9   	1200.000000	14946.3   	1200.000000	21689.4   	
1220.000000	1.62083e+06	1220.000000	1.58396e+06	1220.000000	1.58975e+06	1220.000000	1.59162e+06	1220.000000	19357.8   	1220.000000	10802.3   	1220.000000	17764.8   	1220.000000	15224.2   	1220.000000	22107.2   	
1240.000000	1.6562e+06	1240.000000	1.61822e+06	1240.000000	1.62402e+06	1240.000000	1.62593e+06	1240.000000	19662.7   	1240.000000	11018.8   	1240.000000	18062     	1240.000000	15501.3   	1240.000000	22523.9   	
1260.000000	1.69164e+06	1260.000000	1.65255e+06	1260.000000	1.65836e+06	1260.000000	1.66031e+06	1260.000000	19965.6   	1260.000000	11235.7   	1260.000000	18357.6   	1260.000000	15777.4   	1260.000000	22939.4   	
1280.000000	1.72714e+06	1280.000000	1.68694e+06	1280.000000	1.69276e+06	1280.000000	1.69475e+06	1280.000000	20266.3   	1280.000000	11452.9   	1280.000000	18651.5   	1280.000000	16052.6   	1280.000000	23353.9   	
1300.000000	1.76271e+06	1300.000000	1.7214e+06	1300.000000	1.72722e+06	1300.000000	1.72925e+06	1300.000000	20564.9   	1300.000000	11670.4   	1300.000000	18943.8   	1300.000000	16326.9   	1300.000000	23767.2   	
1320.000000	1.79833e+06	1320.000000	1.75591e+06	1320.000000	1.76173e+06	1320.000000	1.76381e+06	1320.000000	20861.4   	1320.000000	11888.3   	1320.000000	19234.5   	1320.000000	16600.3   	1320.000000	24179.3   	
1340.000000	1.83401e+06	1340.000000	1.79048e+06	1340.000000	1.79631e+06	1340.000000	1.79842e+06	1340.000000	21155.9   	1340.000000	12106.5   	1340.000000	19523.5   	1340.000000	16872.7   	1340.000000	24590.2   	
1360.000000	1.86974e+06	1360.000000	1.8251e+06	1360.000000	1.83093e+06	1360.000000	1.83309e+06	1360.000000	21448.3   	1360.000000	12324.9   	1360.000000	19810.8   	1360.000000	17144.1   	1360.000000	24999.9   	
1380.000000	1.90551e+06	1380.000000	1.85977e+06	1380.000000	1.8656e+06	1380.000000	1.8678e+06	1380.000000	21738.6   	1380.000000	12543.7   	1380.000000	20096.5   	1380.000000	17414.5   	1380.000000	25408.3   	
1400.000000	1.94133e+06	1400.000000	1.89448e+06	1400.000000	1.90031e+06	1400.000000	1.90256e+06	1400.000000	22027     	1400.000000	12762.7   	1400.000000	20380.7   	1400.000000	17684     	1400.000000	25815.5   	
1420.000000	1.97718e+06	1420.000000	1.92924e+06	1420.000000	1.93507e+06	1420.000000	1.93736e+06	1420.000000	22313.3   	1420.000000	12982.1   	1420.000000	20663.1   	1420.000000	17952.5   	1420.000000	26221.3   	
1440.000000	2.01308e+06	1440.000000	1.96404e+06	1440.000000	1.96988e+06	1440.000000	1.97221e+06	1440.000000	22597.6   	1440.000000	13201.7   	1440.000000	20944     	1440.000000	18219.9   	1440.000000	26625.9   	
1460.000000	2.049e+06 	1460.000000	1.99888e+06	1460.000000	2.00472e+06	1460.000000	2.00709e+06	1460.000000	22880     	1460.000000	13421.6   	1460.000000	21223.3   	1460.000000	18486.4   	1460.000000	27029.2   	
1480.000000	2.08496e+06	1480.000000	2.03375e+06	1480.000000	2.03959e+06	1480.000000	2.04202e+06	1480.000000	23160.4   	1480.000000	13641.7   	1480.000000	21501     	1480.000000	18751.9   	1480.000000	27431.1   	
1500.000000	2.12094e+06	1500.000000	2.06865e+06	1500.000000	2.07451e+06	1500.000000	2.07698e+06	1500.000000	23438.9   	1500.000000	13862.2   	1500.000000	21777.2   	1500.000000	19016.4   	1500.000000	27831.8   	
1520.000000	2.15695e+06	1520.000000	2.10359e+06	1520.000000	2.10945e+06	1520.000000	2.11197e+06	1520.000000	23715.5   	1520.000000	14082.9   	1520.000000	22051.7   	1520.000000	19279.8   	1520.000000	28231.1   	
1540.000000	2.19297e+06	1540.000000	2.13855e+06	1540.000000	2.14443e+06	1540.000000	2.14699e+06	1540.000000	23990.3   	1540.000000	14303.9   	1540.000000	22324.7   	1540.000000	19542.3   	1540.000000	28629     	
1560.000000	2.22902e+06	1560.000000	2.17354e+06	1560.000000	2.17944e+06	1560.000000	2.18205e+06	1560.000000	24263.2   	1560.000000	14525.2   	1560.000000	22596.2   	1560.000000	19803.8   	1560.000000	29025.7   	
1580.000000	2.26507e+06	1580.000000	2.20856e+06	1580.000000	2.21448e+06	1580.000000	2.21713e+06	1580.000000	24534.2   	1580.000000	14746.7   	1580.000000	22866.2   	1580.000000	20064.2   	1580.000000	29420.9   	
1600.000000	2.30115e+06	1600.000000	2.24359e+06	1600.000000	2.24954e+06	1600.000000	2.25224e+06	1600.000000	24803.5   	1600.000000	14968.5   	1600.000000	23134.6   	1600.000000	20323.7   	1600.000000	29814.8   	
1620.000000	2.33723e+06	1620.000000	2.27865e+06	1620.000000	2.28463e+06	1620.000000	2.28737e+06	1620.000000	25071     	1620.000000	15190.6   	1620.000000	23401.5   	1620.000000	20582.1   	1620.000000	30207.4   	
1640.000000	2.37332e+06	1640.000000	2.31372e+06	1640.000000	2.31974e+06	1640.000000	2.32253e+06	1640.000000	25336.6   	1640.000000	15413     	1640.000000	23667     	1640.000000	20839.5   	1640.000000	30598.6   	
1660.000000	2.40941e+06	1660.000000	2.34881e+06	1660.000000	2.35487e+06	1660.000000	2.3577e+06	1660.000000	25600.6   	1660.000000	15635.6   	1660.000000	23930.9   	1660.000000	21095.9   	1660.000000	30988.4   	
1680.000000	2.44551e+06	1680.000000	2.38392e+06	1680.000000	2.39003e+06	1680.000000	2.3929e+06	1680.000000	25862.8   	1680.000000	15858.5   	1680.000000	24193.4   	1680.000000	21351.4   	1680.000000	31376.9   	
1700.000000	2.48161e+06	1700.000000	2.41904e+06	1700.000000	2.4252e+06	1700.000000	2.42812e+06	1700.000000	26123.2   	1700.000000	16081.7   	1700.000000	24454.4   	1700.000000	21605.8   	1700.000000	31764     	
1750.000000	2.57185e+06	1750.000000	2.50688e+06	1750.000000	2.51321e+06	1750.000000	2.51624e+06	1750.000000	26767     	1750.000000	16640.7   	1750.000000	25100.6   	1750.000000	22237.4   	1750.000000	32725.7   	
1800.000000	2.66205e+06	1800.000000	2.59476e+06	1800.000000	2.60132e+06	1800.000000	2.60446e+06	1800.000000	27400.5   	1800.000000	17201.2   	1800.000000	25738     	1800.000000	22862.7   	1800.000000	33678.9   	
1850.000000	2.75218e+06	1850.000000	2.68267e+06	1850.000000	2.68949e+06	1850.000000	2.69274e+06	1850.000000	28023.9   	1850.000000	17763.1   	1850.000000	26366.7   	1850.000000	23481.9   	1850.000000	34623.5   	
1900.000000	2.84221e+06	1900.000000	2.77058e+06	1900.000000	2.77773e+06	1900.000000	2.78109e+06	1900.000000	28637.6   	1900.000000	18326.3   	1900.000000	26987     	1900.000000	24094.9   	1900.000000	35559.6   	
1950.000000	2.93212e+06	1950.000000	2.85847e+06	1950.000000	2.86602e+06	1950.000000	2.86949e+06	1950.000000	29241.8   	1950.000000	18890.7   	1950.000000	27599     	1950.000000	24701.9   	1950.000000	36487.2   	
2000.000000	3.02189e+06	2000.000000	2.94633e+06	2000.000000	2.95434e+06	2000.000000	2.95792e+06	2000.000000	29836.8   	2000.000000	19456.4   	2000.000000	28202.9   	2000.000000	25302.8   	2000.000000	37406.4   	
2100.000000	3.2009e+06	2100.000000	3.12187e+06	2100.000000	3.13103e+06	2100.000000	3.13483e+06	2100.000000	31000.2   	2100.000000	20591.9   	2100.000000	29387.2   	2100.000000	26486.9   	2100.000000	39219.9   	
2200.000000	3.3791e+06	2200.000000	3.2971e+06	2200.000000	3.30773e+06	2200.000000	3.31174e+06	2200.000000	32129.9   	2200.000000	21733     	2200.000000	30541.5   	2200.000000	27647.8   	2200.000000	41000.6   	
2300.000000	3.55636e+06	2300.000000	3.4719e+06	2300.000000	3.48436e+06	2300.000000	3.48859e+06	2300.000000	33227.7   	2300.000000	22880.1   	2300.000000	31667.1   	2300.000000	28786.2   	2300.000000	42749.4   	
2400.000000	3.73255e+06	2400.000000	3.64619e+06	2400.000000	3.66089e+06	2400.000000	3.66533e+06	2400.000000	34295.3   	2400.000000	24032.9   	2400.000000	32765.4   	2400.000000	29902.7   	2400.000000	44467     	
2500.000000	3.90759e+06	2500.000000	3.81991e+06	2500.000000	3.83724e+06	2500.000000	3.8419e+06	2500.000000	35334.5   	2500.000000	25191.1   	2500.000000	33837.8   	2500.000000	30998     	2500.000000	46154.1   	
2600.000000	4.08139e+06	2600.000000	3.99298e+06	2600.000000	4.01339e+06	2600.000000	4.01825e+06	2600.000000	36346.5   	2600.000000	26354.1   	2600.000000	34885.3   	2600.000000	32072.7   	2600.000000	47811.6   	
2700.000000	4.25388e+06	2700.000000	4.16535e+06	2700.000000	4.18928e+06	2700.000000	4.19435e+06	2700.000000	37332.6   	2700.000000	27521.8   	2700.000000	35909.1   	2700.000000	33127.5   	2700.000000	49440.3   	
2800.000000	4.42502e+06	2800.000000	4.33698e+06	2800.000000	4.36489e+06	2800.000000	4.37017e+06	2800.000000	38294.1   	2800.000000	28694.3   	2800.000000	36910.3   	2800.000000	34162.9   	2800.000000	51040.8   	
2900.000000	4.59474e+06	2900.000000	4.50783e+06	2900.000000	4.5402e+06	2900.000000	4.54569e+06	2900.000000	39232.4   	2900.000000	29871.7   	2900.000000	37889.9   	2900.000000	35179.7   	2900.000000	52614.2   	
3000.000000	4.76301e+06	3000.000000	4.67785e+06	3000.000000	4.7152e+06	3000.000000	4.72089e+06	3000.000000	40148.7   	3000.000000	31054.1   	3000.000000	38848.9   	3000.000000	36178.5   	3000.000000	54161.3   	
3200.000000	5.09506e+06	3200.000000	5.01535e+06	3200.000000	5.06419e+06	3200.000000	5.07029e+06	3200.000000	41919.3   	3200.000000	33434.6   	3200.000000	40709.1   	3200.000000	38124.3   	3200.000000	57179.9   	
3400.000000	5.42099e+06	3400.000000	5.34929e+06	3400.000000	5.41179e+06	3400.000000	5.41828e+06	3400.000000	43613.8   	3400.000000	35836.2   	3400.000000	42497.7   	3400.000000	40005.2   	3400.000000	60102.8   	
3600.000000	5.74069e+06	3600.000000	5.67955e+06	3600.000000	5.75794e+06	3600.000000	5.76483e+06	3600.000000	45239.1   	3600.000000	38258.6   	3600.000000	44220.8   	3600.000000	41825.5   	3600.000000	62936.3   	
3800.000000	6.05409e+06	3800.000000	6.00605e+06	3800.000000	6.10264e+06	3800.000000	6.10992e+06	3800.000000	46801.3   	3800.000000	40701.8   	3800.000000	45884     	3800.000000	43589.2   	3800.000000	65685.8   	
4000.000000	6.3612e+06	4000.000000	6.32875e+06	4000.000000	6.44586e+06	4000.000000	6.45353e+06	4000.000000	48305.7   	4000.000000	43165.2   	4000.000000	47492.3   	4000.000000	45299.9   	4000.000000	68356.7   	
4200.000000	6.66205e+06	4200.000000	6.64762e+06	4200.000000	6.78762e+06	4200.000000	6.79567e+06	4200.000000	49756.8   	4200.000000	45648.5   	4200.000000	49050.1   	4200.000000	46961.2   	4200.000000	70953.6   	
4400.000000	6.9567e+06	4400.000000	6.96267e+06	4400.000000	7.12793e+06	4400.000000	7.13635e+06	4400.000000	51158.9   	4400.000000	48151.7   	4400.000000	50561.3   	4400.000000	48576     	4400.000000	73481.3   	
4600.000000	7.24523e+06	4600.000000	7.27391e+06	4600.000000	7.46681e+06	4600.000000	7.47561e+06	4600.000000	52515.7   	4600.000000	50674.5   	4600.000000	52029.7   	4600.000000	50147.4   	4600.000000	75943.8   	
4800.000000	7.52774e+06	4800.000000	7.58137e+06	4800.000000	7.80429e+06	4800.000000	7.81345e+06	4800.000000	53830.4   	4800.000000	53217     	4800.000000	53458.3   	4800.000000	51677.9   	4800.000000	78344.9   	
5000.000000	7.80434e+06	5000.000000	7.88509e+06	5000.000000	8.14039e+06	5000.000000	8.14992e+06	5000.000000	55106     	5000.000000	55778.9   	5000.000000	54850.3   	5000.000000	53169.9   	5000.000000	80688.2   	
5250.000000	8.14196e+06	5250.000000	8.25953e+06	5250.000000	8.55863e+06	5250.000000	8.5686e+06	5250.000000	56649.4   	5250.000000	59008.5   	5250.000000	56542.7   	5250.000000	54984.3   	5250.000000	83540.9   	
5500.000000	8.47077e+06	5500.000000	8.6283e+06	5500.000000	8.97482e+06	5500.000000	8.98524e+06	5500.000000	58140.5   	5500.000000	62268.3   	5500.000000	58177.6   	5500.000000	56746.2   	5500.000000	86314.5   	
6000.000000	9.103e+06 	6000.000000	9.34924e+06	6000.000000	9.80132e+06	6000.000000	9.81262e+06	6000.000000	60981.2   	6000.000000	68877.4   	6000.000000	61309.1   	6000.000000	60126.6   	6000.000000	91644.6   	
6500.000000	9.7031e+06	6500.000000	1.00488e+07	6500.000000	1.06204e+07	6500.000000	1.06325e+07	6500.000000	63655.6   	6500.000000	75604.2   	6500.000000	64282.1   	6500.000000	63336.4   	6500.000000	96716.4   	
7000.000000	1.02731e+07	7000.000000	1.07281e+07	7000.000000	1.14325e+07	7000.000000	1.14455e+07	7000.000000	66185.6   	7000.000000	82446.4   	7000.000000	67119.3   	7000.000000	66396.5   	7000.000000	101562    	
7500.000000	1.0815e+07	7500.000000	1.13879e+07	7500.000000	1.22381e+07	7500.000000	1.22519e+07	7500.000000	68589.1   	7500.000000	89401.7   	7500.000000	69838.9   	7500.000000	69324.7   	7500.000000	106207    	
8000.000000	1.13306e+07	8000.000000	1.20293e+07	8000.000000	1.30375e+07	8000.000000	1.30521e+07	8000.000000	70880.7   	8000.000000	96467.7   	8000.000000	72456.2   	8000.000000	72135.9   	8000.000000	110676    	
8500.000000	1.18217e+07	8500.000000	1.26532e+07	8500.000000	1.38312e+07	8500.000000	1.38466e+07	8500.000000	73072.7   	8500.000000	103642    	8500.000000	74983.8   	8500.000000	74842.8   	8500.000000	114988    	
9000.000000	1.22899e+07	9000.000000	1.32604e+07	9000.000000	1.46195e+07	9000.000000	1.46357e+07	9000.000000	75175.4   	9000.000000	110923    	9000.000000	77432.4   	9000.000000	77456.3   	9000.000000	119160    	
9500.000000	1.27367e+07	9500.000000	1.38517e+07	9500.000000	1.54027e+07	9500.000000	1.54197e+07	9500.000000	77197.3   	9500.000000	118308    	9500.000000	79811.1   	9500.000000	79985.9   	9500.000000	123207    	
10000.000000	1.31634e+07	10000.000000	1.4428e+07	10000.000000	1.6181e+07	10000.000000	1.61988e+07	10000.000000	79146     	10000.000000	125795    	10000.000000	82127.8   	10000.000000	82439.7   	10000.000000	127142    	
11000.000000	1.39618e+07	11000.000000	1.55383e+07	11000.000000	1.77244e+07	11000.000000	1.77437e+07	11000.000000	82848.8   	11000.000000	141066    	11000.000000	86600.5   	11000.000000	87147.9   	11000.000000	134720    	
12000.000000	1.46943e+07	12000.000000	1.65965e+07	12000.000000	1.92513e+07	12000.000000	1.92721e+07	12000.000000	86326.4   	12000.000000	156726    	12000.000000	90894.1   	12000.000000	91628.3   	12000.000000	141971    	
13000.000000	1.53685e+07	13000.000000	1.76072e+07	13000.000000	2.07634e+07	13000.000000	2.07856e+07	13000.000000	89611.4   	13000.000000	172762    	13000.000000	95041.2   	13000.000000	95918.1   	13000.000000	148956    	
14000.000000	1.5991e+07	14000.000000	1.85745e+07	14000.000000	2.2262e+07	14000.000000	2.22855e+07	14000.000000	92729     	14000.000000	189152    	14000.000000	99066.7   	14000.000000	100046    	14000.000000	155613    	
15000.000000	1.65676e+07	15000.000000	1.95021e+07	15000.000000	2.37481e+07	15000.000000	2.37731e+07	15000.000000	95699.8   	15000.000000	205875    	15000.000000	102990    	15000.000000	104036    	15000.000000	162036    	
16000.000000	1.7103e+07	16000.000000	2.0393e+07	16000.000000	2.52226e+07	16000.000000	2.52492e+07	16000.000000	98540.8   	16000.000000	222920    	16000.000000	106827    	16000.000000	107908    	16000.000000	168273    	
17000.000000	1.76015e+07	17000.000000	2.12501e+07	17000.000000	2.66865e+07	17000.000000	2.67147e+07	17000.000000	101266    	17000.000000	240282    	17000.000000	110590    	17000.000000	111675    	17000.000000	174347    	
18000.000000	1.80668e+07	18000.000000	2.2076e+07	18000.000000	2.81407e+07	18000.000000	2.81704e+07	18000.000000	103889    	18000.000000	257957    	18000.000000	114288    	18000.000000	115353    	18000.000000	180279    	
19000.000000	1.85019e+07	19000.000000	2.28729e+07	19000.000000	2.95858e+07	19000.000000	2.96169e+07	19000.000000	106418    	19000.000000	275942    	19000.000000	117929    	19000.000000	118951    	19000.000000	186087    	
20000.000000	1.89098e+07	20000.000000	2.36427e+07	20000.000000	3.10224e+07	20000.000000	3.10549e+07	20000.000000	108862    	20000.000000	294234    	20000.000000	121521    	20000.000000	122479    	20000.000000	191784    	
21000.000000	1.92929e+07	21000.000000	2.43874e+07	21000.000000	3.24511e+07	21000.000000	3.24849e+07	21000.000000	111230    	21000.000000	312826    	21000.000000	125066    	21000.000000	125944    	21000.000000	197382    	
22000.000000	1.96533e+07	22000.000000	2.51084e+07	22000.000000	3.38723e+07	22000.000000	3.39072e+07	22000.000000	113527    	22000.000000	331708    	22000.000000	128570    	22000.000000	129352    	22000.000000	202891    	
23000.000000	1.9993e+07	23000.000000	2.58074e+07	23000.000000	3.52864e+07	23000.000000	3.53225e+07	23000.000000	115758    	23000.000000	350872    	23000.000000	132036    	23000.000000	132709    	23000.000000	208320    	
24000.000000	2.03136e+07	24000.000000	2.64857e+07	24000.000000	3.66938e+07	24000.000000	3.6731e+07	24000.000000	117928    	24000.000000	370313    	24000.000000	135467    	24000.000000	136019    	24000.000000	213676    	
25000.000000	2.06168e+07	25000.000000	2.71445e+07	25000.000000	3.80948e+07	25000.000000	3.81331e+07	25000.000000	120042    	25000.000000	390010    	25000.000000	138864    	25000.000000	139285    	25000.000000	218965    	
26000.000000	2.09038e+07	26000.000000	2.77848e+07	26000.000000	3.94897e+07	26000.000000	3.95291e+07	26000.000000	122103    	26000.000000	409948    	26000.000000	142229    	26000.000000	142512    	26000.000000	224192    	
27000.000000	2.11759e+07	27000.000000	2.84078e+07	27000.000000	4.08788e+07	27000.000000	4.09193e+07	27000.000000	124115    	27000.000000	430134    	27000.000000	145565    	27000.000000	145703    	27000.000000	229363    	
28000.000000	2.14343e+07	28000.000000	2.90144e+07	28000.000000	4.22624e+07	28000.000000	4.2304e+07	28000.000000	126081    	28000.000000	450572    	28000.000000	148872    	28000.000000	148859    	28000.000000	234480    	
29000.000000	2.16798e+07	29000.000000	2.96054e+07	29000.000000	4.36408e+07	29000.000000	4.36835e+07	29000.000000	128004    	29000.000000	471262    	29000.000000	152151    	29000.000000	151983    	29000.000000	239548    	
30000.000000	2.19135e+07	30000.000000	3.01817e+07	30000.000000	4.50141e+07	30000.000000	4.50579e+07	30000.000000	129886    	30000.000000	492200    	30000.000000	155404    	30000.000000	155076    	30000.000000	244570    	
32000.000000	2.23483e+07	32000.000000	3.12929e+07	32000.000000	4.77467e+07	32000.000000	4.77925e+07	32000.000000	133538    	32000.000000	534792    	32000.000000	161831    	32000.000000	161179    	32000.000000	254485    	
34000.000000	2.27445e+07	34000.000000	3.23532e+07	34000.000000	5.04616e+07	34000.000000	5.05092e+07	34000.000000	137054    	34000.000000	578292    	34000.000000	168159    	34000.000000	167177    	34000.000000	264241    	
36000.000000	2.31069e+07	36000.000000	3.33673e+07	36000.000000	5.31602e+07	36000.000000	5.32095e+07	36000.000000	140445    	36000.000000	622654    	36000.000000	174391    	36000.000000	173079    	36000.000000	273853    	
38000.000000	2.34395e+07	38000.000000	3.43391e+07	38000.000000	5.58435e+07	38000.000000	5.58945e+07	38000.000000	143725    	38000.000000	667848    	38000.000000	180529    	38000.000000	178892    	38000.000000	283330    	
40000.000000	2.37456e+07	40000.000000	3.52721e+07	40000.000000	5.85126e+07	40000.000000	5.85652e+07	40000.000000	146902    	40000.000000	713852    	40000.000000	186576    	40000.000000	184619    	40000.000000	292681    	
42000.000000	2.40283e+07	42000.000000	3.61694e+07	42000.000000	6.11684e+07	42000.000000	6.12225e+07	42000.000000	149985    	42000.000000	760652    	42000.000000	192533    	42000.000000	190267    	42000.000000	301912    	
44000.000000	2.429e+07 	44000.000000	3.70336e+07	44000.000000	6.38117e+07	44000.000000	6.38672e+07	44000.000000	152982    	44000.000000	808232    	44000.000000	198403    	44000.000000	195837    	44000.000000	311028    	
46000.000000	2.45329e+07	46000.000000	3.78673e+07	46000.000000	6.64431e+07	46000.000000	6.65001e+07	46000.000000	155899    	46000.000000	856581    	46000.000000	204187    	46000.000000	201333    	46000.000000	320033    	
48000.000000	2.47589e+07	48000.000000	3.86724e+07	48000.000000	6.90635e+07	48000.000000	6.91218e+07	48000.000000	158742    	48000.000000	905687    	48000.000000	209887    	48000.000000	206756    	48000.000000	328932    	
50000.000000	2.49695e+07	50000.000000	3.94511e+07	50000.000000	7.16733e+07	50000.000000	7.17329e+07	50000.000000	161516    	50000.000000	955530    	50000.000000	215504    	50000.000000	212110    	50000.000000	337727    	
