*Energy (MeV/u)1	0 - [He-base] F.Hubert et al, AD&ND Tables 46(1990)1	Energy (MeV/u)2	1 - [H -base] J.F.Ziegler et al, Pergamon Press, NY (low energy)	Energy (MeV/u)3	2 - ATIMA 1.2  LS-theory (recommended for high energy)	Energy (MeV/u)4	3 - ATIMA 1.2  without LS-correction	Energy (MeV/u)5	4 - electrical component of [1] - J.F.Ziegler et al	Energy (MeV/u)6	5 - nuclear component of [1] - J.F.Ziegler et al	
0.001000	5.05062   	0.001000	1.85894   	0.001000	1.83694   	0.001000	1.83694   	0.001000	0.342507  	0.001000	1.51644
0.002000	5.10849   	0.002000	1.92546   	0.002000	1.90429   	0.002000	1.90429   	0.002000	0.474409  	0.002000	1.45105
0.005000	5.30107   	0.005000	1.91619   	0.005000	1.90303   	0.005000	1.90303   	0.005000	0.729768  	0.005000	1.18642
0.008000	5.58016   	0.008000	1.93687   	0.008000	1.92796   	0.008000	1.92796   	0.008000	0.934081  	0.008000	1.00279
0.010000	5.77489   	0.010000	1.97867   	0.010000	1.97053   	0.010000	1.97053   	0.010000	1.06611   	0.010000	0.912566
0.015000	6.53224   	0.015000	2.16795   	0.015000	2.12858   	0.015000	2.12858   	0.015000	1.41565   	0.015000	0.752299
0.020000	7.25786   	0.020000	2.41142   	0.020000	2.33531   	0.020000	2.33531   	0.020000	1.76557   	0.020000	0.645845
0.025000	8.12104   	0.025000	2.65924   	0.025000	2.57437   	0.025000	2.57437   	0.025000	2.09005   	0.025000	0.569194
0.030000	8.91399   	0.030000	2.91357   	0.030000	2.82082   	0.030000	2.82082   	0.030000	2.40263   	0.030000	0.510934
0.035000	9.61342   	0.035000	3.1658    	0.035000	3.06945   	0.035000	3.06945   	0.035000	2.70088   	0.035000	0.46491
0.040000	10.2186   	0.040000	3.4107    	0.040000	3.31456   	0.040000	3.31456   	0.040000	2.98321   	0.040000	0.427485
0.045000	10.7179   	0.045000	3.64538   	0.045000	3.55257   	0.045000	3.55257   	0.045000	3.24902   	0.045000	0.396359
0.050000	11.1102   	0.050000	3.86867   	0.050000	3.78159   	0.050000	3.78159   	0.050000	3.49867   	0.050000	0.37
0.055000	11.7455   	0.055000	4.08666   	0.055000	4.00083   	0.055000	4.00083   	0.055000	3.73932   	0.055000	0.347348
0.060000	12.3179   	0.060000	4.29451   	0.060000	4.21029   	0.060000	4.21029   	0.060000	3.96687   	0.060000	0.327639
0.070000	13.2803   	0.070000	4.68314   	0.070000	4.60181   	0.070000	4.60181   	0.070000	4.3882    	0.070000	0.29494
0.080000	14.3037   	0.080000	5.05757   	0.080000	4.96167   	0.080000	4.96167   	0.080000	4.78874   	0.080000	0.26883
0.090000	15.1706   	0.090000	5.41072   	0.090000	5.29586   	0.090000	5.29586   	0.090000	5.16329   	0.090000	0.247432
0.100000	15.9132   	0.100000	5.74489   	0.100000	5.60723   	0.100000	5.60723   	0.100000	5.51747   	0.100000	0.227423
0.120000	16.739    	0.120000	6.32582   	0.120000	6.186     	0.120000	6.186     	0.120000	6.12643   	0.120000	0.199388
0.140000	17.3843   	0.140000	6.8644    	0.140000	6.71367   	0.140000	6.71367   	0.140000	6.68635   	0.140000	0.178056
0.160000	17.9752   	0.160000	7.36437   	0.160000	7.19938   	0.160000	7.19938   	0.160000	7.20315   	0.160000	0.161219
0.180000	18.5393   	0.180000	7.82146   	0.180000	7.64828   	0.180000	7.64828   	0.180000	7.6739    	0.180000	0.147556
0.200000	19.1027   	0.200000	8.23956   	0.200000	8.06391   	0.200000	8.06391   	0.200000	8.10334   	0.200000	0.136222
0.250000	19.8912   	0.250000	9.13651   	0.250000	8.97552   	0.250000	8.97552   	0.250000	9.02173   	0.250000	0.114775
0.300000	20.9139   	0.300000	9.98794   	0.300000	9.73385   	0.300000	9.73385   	0.300000	9.88834   	0.300000	0.0995934
0.350000	21.8681   	0.350000	10.6974   	0.350000	10.3688   	0.350000	10.3688   	0.350000	10.6091   	0.350000	0.0882264
0.400000	22.6621   	0.400000	11.2655   	0.400000	11.0635   	0.400000	11.0635   	0.400000	11.1861   	0.400000	0.0793664
0.450000	23.3138   	0.450000	11.721    	0.450000	11.9643   	0.450000	11.9643   	0.450000	11.6487   	0.450000	0.0722479
0.500000	24.0102   	0.500000	12.1776   	0.500000	12.5813   	0.500000	12.5813   	0.500000	12.1112   	0.500000	0.0663918
0.600000	24.4648   	0.600000	13.036    	0.600000	13.3257   	0.600000	13.3257   	0.600000	12.9787   	0.600000	0.0573002
0.700000	24.4057   	0.700000	13.6302   	0.700000	13.8509   	0.700000	13.8509   	0.700000	13.5796   	0.700000	0.0505448
0.800000	24.9687   	0.800000	14.156    	0.800000	14.2217   	0.800000	14.2217   	0.800000	14.1107   	0.800000	0.0453108
0.900000	25.1909   	0.900000	14.4794   	0.900000	14.4806   	0.900000	14.4806   	0.900000	14.4383   	0.900000	0.0411263
1.000000	25.2561   	1.000000	14.7063   	1.000000	14.657    	1.000000	14.657    	1.000000	14.6686   	1.000000	0.037698
1.250000	24.997    	1.250000	14.9386   	1.250000	14.8568   	1.250000	14.8568   	1.250000	14.9073   	1.250000	0.0313179
1.500000	24.3254   	1.500000	14.8783   	1.500000	14.7811   	1.500000	14.7811   	1.500000	14.8514   	1.500000	0.0268877
1.750000	23.4728   	1.750000	14.6668   	1.750000	14.5653   	1.750000	14.5653   	1.750000	14.6432   	1.750000	0.0236187
2.000000	22.5488   	2.000000	14.3704   	2.000000	14.3244   	2.000000	14.3244   	2.000000	14.3493   	2.000000	0.0211001
2.250000	21.7238   	2.250000	14.0786   	2.250000	14.0716   	2.250000	14.0716   	2.250000	14.0595   	2.250000	0.0190956
2.500000	24.0002   	2.500000	13.7526   	2.500000	13.8146   	2.500000	13.8146   	2.500000	13.7351   	2.500000	0.0174598
3.000000	22.4021   	3.000000	13.1676   	3.000000	13.3052   	3.000000	13.3052   	3.000000	13.1527   	3.000000	0.0149446
3.500000	20.9734   	3.500000	12.7357   	3.500000	12.8161   	3.500000	12.8161   	3.500000	12.7227   	3.500000	0.0130957
4.000000	19.7067   	4.000000	12.351    	4.000000	12.3542   	4.000000	12.3542   	4.000000	12.3394   	4.000000	0.0116756
4.500000	18.5833   	4.500000	11.994    	4.500000	11.9213   	4.500000	11.9213   	4.500000	11.9835   	4.500000	0.0105483
5.000000	17.5837   	5.000000	11.6596   	5.000000	11.5166   	5.000000	11.5166   	5.000000	11.65     	5.000000	0.00963031
5.500000	16.6902   	5.500000	11.262    	5.500000	11.1386   	5.500000	11.1386   	5.500000	11.2531   	5.500000	0.00886739
6.000000	15.8875   	6.000000	10.8883   	6.000000	10.7853   	6.000000	10.7853   	6.000000	10.8801   	6.000000	0.00822263
6.500000	15.1629   	6.500000	10.5368   	6.500000	10.4548   	6.500000	10.4548   	6.500000	10.5292   	6.500000	0.0076701
7.000000	14.5057   	7.000000	10.206    	7.000000	10.1451   	7.000000	10.1451   	7.000000	10.1988   	7.000000	0.007191
7.500000	13.9069   	7.500000	9.90247   	7.500000	9.85445   	7.500000	9.85445   	7.500000	9.8957    	7.500000	0.00677135
8.000000	13.3591   	8.000000	9.6163    	8.000000	9.58123   	8.000000	9.58123   	8.000000	9.6099    	8.000000	0.00640054
8.500000	12.8561   	8.500000	9.34615   	8.500000	9.32393   	8.500000	9.32393   	8.500000	9.34008   	8.500000	0.00607036
9.000000	12.3925   	9.000000	9.09081   	9.000000	9.08123   	9.000000	9.08123   	9.000000	9.08504   	9.000000	0.00577437
9.500000	11.9639   	9.500000	8.84915   	9.500000	8.85191   	9.500000	8.85191   	9.500000	8.84364   	9.500000	0.00550742
10.000000	11.5663   	10.000000	8.67157   	10.000000	8.6349    	10.000000	8.6349    	10.000000	8.66631   	10.000000	0.00526537
11.000000	10.8517   	11.000000	8.27494   	11.000000	8.22112   	11.000000	8.27938   	11.000000	8.27009   	11.000000	0.00484298
12.000000	10.2272   	12.000000	7.90874   	12.000000	7.84436   	12.000000	7.94662   	12.000000	7.90425   	12.000000	0.00448649
13.000000	9.67652   	13.000000	7.57122   	13.000000	7.50222   	13.000000	7.63773   	13.000000	7.56704   	13.000000	0.00418137
14.000000	9.18719   	14.000000	7.26011   	14.000000	7.18935   	14.000000	7.34994   	14.000000	7.2562    	14.000000	0.00391708
15.000000	8.7493    	15.000000	6.97306   	15.000000	6.90188   	15.000000	7.08146   	15.000000	6.96938   	15.000000	0.00368582
16.000000	8.35502   	16.000000	6.70778   	16.000000	6.63677   	16.000000	6.83057   	16.000000	6.7043    	16.000000	0.00348165
17.000000	7.99803   	17.000000	6.46215   	17.000000	6.39147   	17.000000	6.59571   	17.000000	6.45885   	17.000000	0.00330001
18.000000	7.67321   	18.000000	6.23425   	18.000000	6.16383   	18.000000	6.37546   	18.000000	6.23111   	18.000000	0.0031373
19.000000	7.37631   	19.000000	6.02236   	19.000000	5.95195   	19.000000	6.16854   	19.000000	6.01937   	19.000000	0.00299066
20.000000	7.10381   	20.000000	5.82495   	20.000000	5.75416   	20.000000	5.97381   	20.000000	5.8221    	20.000000	0.00285779
21.000000	6.85279   	21.000000	5.64066   	21.000000	5.56905   	21.000000	5.79024   	21.000000	5.63792   	21.000000	0.00273679
22.000000	6.62075   	22.000000	5.46826   	22.000000	5.39538   	22.000000	5.61691   	22.000000	5.46563   	22.000000	0.00262613
23.000000	6.40558   	23.000000	5.30668   	23.000000	5.23204   	23.000000	5.45299   	23.000000	5.30416   	23.000000	0.0025245
24.000000	6.20547   	24.000000	5.15497   	24.000000	5.078     	24.000000	5.29775   	24.000000	5.15254   	24.000000	0.00243083
25.000000	6.01886   	25.000000	5.01227   	25.000000	4.93255   	25.000000	5.15052   	25.000000	5.00993   	25.000000	0.00234421
27.000000	5.68096   	27.000000	4.75093   	27.000000	4.66544   	27.000000	4.87774   	27.000000	4.74874   	27.000000	0.00218907
29.000000	5.38303   	29.000000	4.51749   	29.000000	4.42528   	29.000000	4.63053   	29.000000	4.51544   	29.000000	0.00205411
31.000000	5.11826   	31.000000	4.30776   	31.000000	4.21796   	31.000000	4.40657   	31.000000	4.30583   	31.000000	0.00193556
33.000000	4.88131   	33.000000	4.11835   	33.000000	4.04012   	33.000000	4.20559   	33.000000	4.11652   	33.000000	0.00183056
35.000000	4.66795   	35.000000	3.94647   	35.000000	3.87862   	35.000000	4.02421   	35.000000	3.94473   	35.000000	0.00173687
38.000000	4.38484   	38.000000	3.71657   	38.000000	3.66236   	38.000000	3.78297   	38.000000	3.71496   	38.000000	0.00161381
41.000000	4.13826   	41.000000	3.51477   	41.000000	3.47165   	41.000000	3.57237   	41.000000	3.51326   	41.000000	0.00150776
44.000000	3.92146   	44.000000	3.33623   	44.000000	3.30175   	44.000000	3.38688   	44.000000	3.33482   	44.000000	0.00141539
47.000000	3.72927   	47.000000	3.17717   	47.000000	3.15027   	47.000000	3.22222   	47.000000	3.17584   	47.000000	0.00133416
50.000000	3.55764   	50.000000	3.03457   	50.000000	3.0143    	50.000000	3.07502   	50.000000	3.03331   	50.000000	0.00126214
55.000000	3.30891   	55.000000	2.82712   	55.000000	2.81556   	55.000000	2.86153   	55.000000	2.82596   	55.000000	0.00115866
60.000000	3.09755   	60.000000	2.6502    	60.000000	2.64517   	60.000000	2.67999   	60.000000	2.64913   	60.000000	0.00107152
65.000000	2.91557   	65.000000	2.49755   	65.000000	2.49759   	65.000000	2.52367   	65.000000	2.49655   	65.000000	0.000997098
70.000000	2.75715   	70.000000	2.36449   	70.000000	2.36858   	70.000000	2.38762   	70.000000	2.36355   	70.000000	0.000932753
75.000000	2.61791   	75.000000	2.24747   	75.000000	2.25446   	75.000000	2.2681    	75.000000	2.24659   	75.000000	0.000876544
80.000000	2.4945    	80.000000	2.14376   	80.000000	2.15316   	80.000000	2.16225   	80.000000	2.14293   	80.000000	0.000827
85.000000	2.38431   	85.000000	2.0512    	85.000000	2.06232   	85.000000	2.06782   	85.000000	2.05041   	85.000000	0.000782985
90.000000	2.28529   	90.000000	1.96808   	90.000000	1.98067   	90.000000	1.98305   	90.000000	1.96734   	90.000000	0.000743611
95.000000	2.19578   	95.000000	1.89303   	95.000000	1.90685   	95.000000	1.90651   	95.000000	1.89232   	95.000000	0.00070817
100.000000	2.11446   	100.000000	1.82492   	100.000000	1.83952   	100.000000	1.83706   	100.000000	1.82424   	100.000000	0.000676093
105.000000	2.04022   	105.000000	1.76283   	105.000000	1.7781    	105.000000	1.77374   	105.000000	1.76218   	105.000000	0.000646917
110.000000	1.97216   	110.000000	1.70599   	110.000000	1.72161   	110.000000	1.71578   	110.000000	1.70537   	110.000000	0.000620258
115.000000	1.90951   	115.000000	1.65377   	115.000000	1.66961   	115.000000	1.6625    	115.000000	1.65317   	115.000000	0.000595801
120.000000	1.85165   	120.000000	1.60561   	120.000000	1.62164   	120.000000	1.61338   	120.000000	1.60504   	120.000000	0.00057328
125.000000	1.79803   	125.000000	1.56107   	125.000000	1.57724   	125.000000	1.56792   	125.000000	1.56051   	125.000000	0.00055247
130.000000	1.7482    	130.000000	1.51974   	130.000000	1.53599   	130.000000	1.52575   	130.000000	1.51921   	130.000000	0.00053318
135.000000	1.70175   	135.000000	1.4813    	135.000000	1.49743   	135.000000	1.4865    	135.000000	1.48078   	135.000000	0.000515249
140.000000	1.65834   	140.000000	1.44544   	140.000000	1.46152   	140.000000	1.44989   	140.000000	1.44494   	140.000000	0.000498534
145.000000	1.61769   	145.000000	1.41192   	145.000000	1.42801   	145.000000	1.41566   	145.000000	1.41144   	145.000000	0.000482915
150.000000	1.57952   	150.000000	1.38051   	150.000000	1.39644   	150.000000	1.38358   	150.000000	1.38005   	150.000000	0.000468286
155.000000	1.52558   	155.000000	1.35103   	155.000000	1.36665   	155.000000	1.35345   	155.000000	1.35057   	155.000000	0.000454554
160.000000	1.49406   	160.000000	1.32329   	160.000000	1.33864   	160.000000	1.32511   	160.000000	1.32285   	160.000000	0.000441638
165.000000	1.46431   	165.000000	1.29715   	165.000000	1.31234   	165.000000	1.29839   	165.000000	1.29672   	165.000000	0.000429466
170.000000	1.4362    	170.000000	1.27247   	170.000000	1.28741   	170.000000	1.27317   	170.000000	1.27205   	170.000000	0.000417976
175.000000	1.40958   	175.000000	1.24914   	175.000000	1.26378   	175.000000	1.24932   	175.000000	1.24873   	175.000000	0.000407109
180.000000	1.38435   	180.000000	1.22704   	180.000000	1.24149   	180.000000	1.22673   	180.000000	1.22664   	180.000000	0.000396817
185.000000	1.36039   	185.000000	1.20608   	185.000000	1.22035   	185.000000	1.2053    	185.000000	1.20569   	185.000000	0.000387054
190.000000	1.33761   	190.000000	1.18618   	190.000000	1.20017   	190.000000	1.18495   	190.000000	1.1858    	190.000000	0.00037778
195.000000	1.31592   	195.000000	1.16726   	195.000000	1.18097   	195.000000	1.1656    	195.000000	1.16689   	195.000000	0.000368959
200.000000	1.29525   	200.000000	1.14924   	200.000000	1.16269   	200.000000	1.14717   	200.000000	1.14888   	200.000000	0.000360557
210.000000	1.25668   	210.000000	1.11568   	210.000000	1.12863   	210.000000	1.11285   	210.000000	1.11533   	210.000000	0.000344897
220.000000	1.22141   	220.000000	1.08506   	220.000000	1.09756   	220.000000	1.08153   	220.000000	1.08472   	220.000000	0.000330593
230.000000	1.18903   	230.000000	1.057     	230.000000	1.06894   	230.000000	1.05284   	230.000000	1.05668   	230.000000	0.000317475
240.000000	1.1592    	240.000000	1.03121   	240.000000	1.04271   	240.000000	1.02647   	240.000000	1.0309    	240.000000	0.000305399
250.000000	1.13162   	250.000000	1.00742   	250.000000	1.01846   	250.000000	1.00214   	250.000000	1.00712   	250.000000	0.000294243
260.000000	1.10605   	260.000000	0.985405  	260.000000	0.995998  	260.000000	0.979638  	260.000000	0.985121  	260.000000	0.000283906
270.000000	1.08228   	270.000000	0.964979  	270.000000	0.975215  	270.000000	0.958763  	270.000000	0.964705  	270.000000	0.000274299
280.000000	1.06013   	280.000000	0.945977  	280.000000	0.955831  	280.000000	0.939348  	280.000000	0.945711  	280.000000	0.000265346
290.000000	1.03943   	290.000000	0.928256  	290.000000	0.937731  	290.000000	0.921248  	290.000000	0.927999  	290.000000	0.000256982
300.000000	1.02004   	300.000000	0.911694  	300.000000	0.920813  	300.000000	0.904337  	300.000000	0.911445  	300.000000	0.00024915
310.000000	1.00186   	310.000000	0.896182  	310.000000	0.904973  	310.000000	0.888507  	310.000000	0.895941  	310.000000	0.0002418
320.000000	0.984758  	320.000000	0.881625  	320.000000	0.890086  	320.000000	0.873631  	320.000000	0.88139   	320.000000	0.000234888
330.000000	0.968657  	330.000000	0.86794   	330.000000	0.876093  	330.000000	0.859652  	330.000000	0.867711  	330.000000	0.000228376
340.000000	0.953468  	340.000000	0.855051  	340.000000	0.862916  	340.000000	0.846492  	340.000000	0.854829  	340.000000	0.000222229
350.000000	0.939116  	350.000000	0.842893  	350.000000	0.850487  	350.000000	0.834083  	350.000000	0.842677  	350.000000	0.000216418
360.000000	0.925537  	360.000000	0.831407  	360.000000	0.838761  	360.000000	0.822367  	360.000000	0.831196  	360.000000	0.000210915
370.000000	0.91267   	370.000000	0.820541  	370.000000	0.827664  	370.000000	0.811287  	370.000000	0.820335  	370.000000	0.000205695
380.000000	0.900462  	380.000000	0.810247  	380.000000	0.817105  	380.000000	0.800797  	380.000000	0.810046  	380.000000	0.000200738
390.000000	0.888864  	390.000000	0.800482  	390.000000	0.807078  	390.000000	0.790852  	390.000000	0.800286  	390.000000	0.000196023
400.000000	0.877834  	400.000000	0.791208  	400.000000	0.797599  	400.000000	0.781412  	400.000000	0.791017  	400.000000	0.000191534
410.000000	0.867332  	410.000000	0.782391  	410.000000	0.78862   	410.000000	0.772442  	410.000000	0.782204  	410.000000	0.000187254
420.000000	0.857323  	420.000000	0.773998  	420.000000	0.78008   	420.000000	0.763909  	420.000000	0.773815  	420.000000	0.000183168
430.000000	0.847773  	430.000000	0.766002  	430.000000	0.771925  	430.000000	0.755783  	430.000000	0.765823  	430.000000	0.000179263
440.000000	0.838652  	440.000000	0.758376  	440.000000	0.764114  	440.000000	0.748039  	440.000000	0.7582    	440.000000	0.000175529
450.000000	0.829935  	450.000000	0.751095  	450.000000	0.756656  	450.000000	0.74065   	450.000000	0.750923  	450.000000	0.000171952
460.000000	0.821595  	460.000000	0.744139  	460.000000	0.749568  	460.000000	0.733595  	460.000000	0.74397   	460.000000	0.000168525
470.000000	0.81361   	470.000000	0.737487  	470.000000	0.742812  	470.000000	0.726852  	470.000000	0.737322  	470.000000	0.000165236
480.000000	0.805959  	480.000000	0.731121  	480.000000	0.736329  	480.000000	0.720403  	480.000000	0.730958  	480.000000	0.000162079
490.000000	0.798623  	490.000000	0.725023  	490.000000	0.730094  	490.000000	0.71423   	490.000000	0.724864  	490.000000	0.000159044
500.000000	0.791583  	500.000000	0.719178  	500.000000	0.724123  	500.000000	0.708317  	500.000000	0.719022  	500.000000	0.000156126
520.000000	0.778328  	520.000000	0.708192  	520.000000	0.712975  	520.000000	0.697212  	520.000000	0.708041  	520.000000	0.000150611
540.000000	0.766077  	540.000000	0.698058  	540.000000	0.702682  	540.000000	0.686981  	540.000000	0.697913  	540.000000	0.000145487
560.000000	0.754727  	560.000000	0.688689  	560.000000	0.693121  	560.000000	0.677532  	560.000000	0.688548  	560.000000	0.000140712
580.000000	0.74419   	580.000000	0.680006  	580.000000	0.684278  	580.000000	0.668787  	580.000000	0.67987   	580.000000	0.000136253
600.000000	0.734389  	600.000000	0.671944  	600.000000	0.67612   	600.000000	0.660674  	600.000000	0.671812  	600.000000	0.000132079
620.000000	0.725256  	620.000000	0.664444  	620.000000	0.66855   	620.000000	0.653135  	620.000000	0.664316  	620.000000	0.000128161
640.000000	0.716732  	640.000000	0.657455  	640.000000	0.661461  	640.000000	0.646116  	640.000000	0.657331  	640.000000	0.000124479
660.000000	0.708765  	660.000000	0.650932  	660.000000	0.654833  	660.000000	0.63957   	660.000000	0.650811  	660.000000	0.000121009
680.000000	0.701308  	680.000000	0.644834  	680.000000	0.648648  	680.000000	0.633455  	680.000000	0.644716  	680.000000	0.000117735
700.000000	0.694319  	700.000000	0.639126  	700.000000	0.642861  	700.000000	0.627735  	700.000000	0.639011  	700.000000	0.000114641
720.000000	0.687763  	720.000000	0.633777  	720.000000	0.637436  	720.000000	0.622377  	720.000000	0.633665  	720.000000	0.00011171
740.000000	0.681604  	740.000000	0.628758  	740.000000	0.632356  	740.000000	0.617352  	740.000000	0.628649  	740.000000	0.000108931
760.000000	0.675815  	760.000000	0.624044  	760.000000	0.6276    	760.000000	0.612632  	760.000000	0.623938  	760.000000	0.000106293
780.000000	0.670368  	780.000000	0.619612  	780.000000	0.623133  	780.000000	0.608196  	780.000000	0.619508  	780.000000	0.000103784
800.000000	0.665239  	800.000000	0.615441  	800.000000	0.618921  	800.000000	0.604021  	800.000000	0.61534   	800.000000	0.000101395
820.000000	0.660405  	820.000000	0.611513  	820.000000	0.614946  	820.000000	0.600087  	820.000000	0.611414  	820.000000	9.91171e-05
840.000000	0.655848  	840.000000	0.607811  	840.000000	0.611192  	840.000000	0.596379  	840.000000	0.607714  	840.000000	9.69435e-05
860.000000	0.651548  	860.000000	0.604319  	860.000000	0.607646  	860.000000	0.592879  	860.000000	0.604224  	860.000000	9.48667e-05
880.000000	0.647489  	880.000000	0.601023  	880.000000	0.604295  	880.000000	0.589573  	880.000000	0.600931  	880.000000	9.28804e-05
900.000000	0.643657  	900.000000	0.597912  	900.000000	0.601127  	900.000000	0.586448  	900.000000	0.597821  	900.000000	9.09785e-05
920.000000	0.640037  	920.000000	0.594972  	920.000000	0.59813   	920.000000	0.583492  	920.000000	0.594883  	920.000000	8.91559e-05
940.000000	0.636616  	940.000000	0.592194  	940.000000	0.595292  	940.000000	0.580694  	940.000000	0.592106  	940.000000	8.74076e-05
960.000000	0.633382  	960.000000	0.589567  	960.000000	0.592604  	960.000000	0.578043  	960.000000	0.589481  	960.000000	8.5729e-05
980.000000	0.630326  	980.000000	0.587082  	980.000000	0.590056  	980.000000	0.575531  	980.000000	0.586998  	980.000000	8.41161e-05
1000.000000	0.627436  	1000.000000	0.584731  	1000.000000	0.587639  	1000.000000	0.573149  	1000.000000	0.584649  	1000.000000	8.2565e-05
1020.000000	0.624705  	1020.000000	0.582507  	1020.000000	0.585345  	1020.000000	0.570889  	1020.000000	0.582426  	1020.000000	8.10722e-05
1040.000000	0.622122  	1040.000000	0.580402  	1040.000000	0.583168  	1040.000000	0.568744  	1040.000000	0.580322  	1040.000000	7.96344e-05
1060.000000	0.61968   	1060.000000	0.578409  	1060.000000	0.581099  	1060.000000	0.566706  	1060.000000	0.578331  	1060.000000	7.82486e-05
1080.000000	0.617373  	1080.000000	0.576523  	1080.000000	0.579133  	1080.000000	0.564771  	1080.000000	0.576446  	1080.000000	7.69119e-05
1100.000000	0.615192  	1100.000000	0.574737  	1100.000000	0.577264  	1100.000000	0.562931  	1100.000000	0.574662  	1100.000000	7.56219e-05
1120.000000	0.613132  	1120.000000	0.573047  	1120.000000	0.575487  	1120.000000	0.561181  	1120.000000	0.572973  	1120.000000	7.4376e-05
1140.000000	0.611187  	1140.000000	0.571448  	1140.000000	0.573796  	1140.000000	0.559517  	1140.000000	0.571375  	1140.000000	7.3172e-05
1160.000000	0.60935   	1160.000000	0.569934  	1160.000000	0.572187  	1160.000000	0.557934  	1160.000000	0.569862  	1160.000000	7.20078e-05
1180.000000	0.607618  	1180.000000	0.568503  	1180.000000	0.570655  	1180.000000	0.556428  	1180.000000	0.568432  	1180.000000	7.08814e-05
1200.000000	0.605985  	1200.000000	0.567148  	1200.000000	0.569196  	1200.000000	0.554993  	1200.000000	0.567079  	1200.000000	6.9791e-05
1220.000000	0.604446  	1220.000000	0.565868  	1220.000000	0.567807  	1220.000000	0.553628  	1220.000000	0.5658    	1220.000000	6.87349e-05
1240.000000	0.602998  	1240.000000	0.564659  	1240.000000	0.566484  	1240.000000	0.552327  	1240.000000	0.564591  	1240.000000	6.77115e-05
1260.000000	0.601635  	1260.000000	0.563516  	1260.000000	0.565224  	1260.000000	0.551089  	1260.000000	0.563449  	1260.000000	6.67191e-05
1280.000000	0.600356  	1280.000000	0.562437  	1280.000000	0.564022  	1280.000000	0.549909  	1280.000000	0.562372  	1280.000000	6.57566e-05
1300.000000	0.599155  	1300.000000	0.56142   	1300.000000	0.562877  	1300.000000	0.548784  	1300.000000	0.561355  	1300.000000	6.48224e-05
1320.000000	0.59803   	1320.000000	0.560461  	1320.000000	0.561785  	1320.000000	0.547713  	1320.000000	0.560397  	1320.000000	6.39154e-05
1340.000000	0.596977  	1340.000000	0.559558  	1340.000000	0.560744  	1340.000000	0.546692  	1340.000000	0.559495  	1340.000000	6.30343e-05
1360.000000	0.595994  	1360.000000	0.558708  	1360.000000	0.559752  	1360.000000	0.545719  	1360.000000	0.558646  	1360.000000	6.21781e-05
1380.000000	0.595077  	1380.000000	0.557909  	1380.000000	0.558806  	1380.000000	0.544792  	1380.000000	0.557848  	1380.000000	6.13457e-05
1400.000000	0.594225  	1400.000000	0.557159  	1400.000000	0.557905  	1400.000000	0.543909  	1400.000000	0.557099  	1400.000000	6.0536e-05
1420.000000	0.593434  	1420.000000	0.556457  	1420.000000	0.557046  	1420.000000	0.543067  	1420.000000	0.556397  	1420.000000	5.97483e-05
1440.000000	0.592702  	1440.000000	0.555799  	1440.000000	0.556229  	1440.000000	0.542265  	1440.000000	0.55574   	1440.000000	5.89816e-05
1460.000000	0.592027  	1460.000000	0.555184  	1460.000000	0.55545   	1460.000000	0.541501  	1460.000000	0.555126  	1460.000000	5.82349e-05
1480.000000	0.591407  	1480.000000	0.554611  	1480.000000	0.554708  	1480.000000	0.540772  	1480.000000	0.554554  	1480.000000	5.75077e-05
1500.000000	0.59084   	1500.000000	0.554078  	1500.000000	0.554001  	1500.000000	0.540079  	1500.000000	0.554021  	1500.000000	5.67991e-05
1520.000000	0.590323  	1520.000000	0.553583  	1520.000000	0.553326  	1520.000000	0.539419  	1520.000000	0.553527  	1520.000000	5.61083e-05
1540.000000	0.589856  	1540.000000	0.553125  	1540.000000	0.552684  	1540.000000	0.53879   	1540.000000	0.553069  	1540.000000	5.54347e-05
1560.000000	0.589436  	1560.000000	0.552702  	1560.000000	0.55207   	1560.000000	0.538191  	1560.000000	0.552647  	1560.000000	5.47778e-05
1580.000000	0.589061  	1580.000000	0.552313  	1580.000000	0.551485  	1580.000000	0.537622  	1580.000000	0.552259  	1580.000000	5.41368e-05
1600.000000	0.58873   	1600.000000	0.551957  	1600.000000	0.550926  	1600.000000	0.53708   	1600.000000	0.551904  	1600.000000	5.35111e-05
1620.000000	0.588442  	1620.000000	0.551633  	1620.000000	0.550393  	1620.000000	0.536565  	1620.000000	0.55158   	1620.000000	5.29003e-05
1640.000000	0.588196  	1640.000000	0.551339  	1640.000000	0.549884  	1640.000000	0.536075  	1640.000000	0.551287  	1640.000000	5.23037e-05
1660.000000	0.587989  	1660.000000	0.551075  	1660.000000	0.5494    	1660.000000	0.535609  	1660.000000	0.551023  	1660.000000	5.1721e-05
1680.000000	0.58782   	1680.000000	0.550839  	1680.000000	0.548938  	1680.000000	0.535167  	1680.000000	0.550787  	1680.000000	5.11516e-05
1700.000000	0.587689  	1700.000000	0.55063   	1700.000000	0.5485    	1700.000000	0.534748  	1700.000000	0.550579  	1700.000000	5.0595e-05
1750.000000	0.587516  	1750.000000	0.550222  	1750.000000	0.547499  	1750.000000	0.533792  	1750.000000	0.550173  	1750.000000	4.9257e-05
1800.000000	0.587551  	1800.000000	0.549965  	1800.000000	0.546627  	1800.000000	0.532958  	1800.000000	0.549917  	1800.000000	4.79904e-05
1850.000000	0.58778   	1850.000000	0.549848  	1850.000000	0.545874  	1850.000000	0.532234  	1850.000000	0.549801  	1850.000000	4.67896e-05
1900.000000	0.588188  	1900.000000	0.549859  	1900.000000	0.545226  	1900.000000	0.53161   	1900.000000	0.549814  	1900.000000	4.56495e-05
1950.000000	0.588763  	1950.000000	0.549989  	1950.000000	0.544674  	1950.000000	0.531078  	1950.000000	0.549944  	1950.000000	4.45655e-05
2000.000000	0.589493  	2000.000000	0.550229  	2000.000000	0.544206  	2000.000000	0.530628  	2000.000000	0.550185  	2000.000000	4.35336e-05
2100.000000	0.591381  	2100.000000	0.551006  	2100.000000	0.543491  	2100.000000	0.529948  	2100.000000	0.550964  	2100.000000	4.16114e-05
2200.000000	0.59378   	2200.000000	0.552136  	2200.000000	0.543029  	2200.000000	0.529521  	2200.000000	0.552096  	2200.000000	3.98574e-05
2300.000000	0.596633  	2300.000000	0.553572  	2300.000000	0.542782  	2300.000000	0.529306  	2300.000000	0.553533  	2300.000000	3.825e-05
2400.000000	0.599889  	2400.000000	0.555276  	2400.000000	0.542717  	2400.000000	0.529268  	2400.000000	0.555239  	2400.000000	3.67714e-05
2500.000000	0.603507  	2500.000000	0.557216  	2500.000000	0.542807  	2500.000000	0.529381  	2500.000000	0.55718   	2500.000000	3.54066e-05
2600.000000	0.607451  	2600.000000	0.559364  	2600.000000	0.543026  	2600.000000	0.52962   	2600.000000	0.559329  	2600.000000	3.41428e-05
2700.000000	0.61169   	2700.000000	0.561697  	2700.000000	0.543353  	2700.000000	0.529967  	2700.000000	0.561664  	2700.000000	3.2969e-05
2800.000000	0.616198  	2800.000000	0.564194  	2800.000000	0.54377   	2800.000000	0.530406  	2800.000000	0.564162  	2800.000000	3.18759e-05
2900.000000	0.620952  	2900.000000	0.56684   	2900.000000	0.544265  	2900.000000	0.530923  	2900.000000	0.566809  	2900.000000	3.08553e-05
3000.000000	0.625933  	3000.000000	0.569617  	3000.000000	0.544825  	3000.000000	0.531505  	3000.000000	0.569588  	3000.000000	2.99002e-05
3200.000000	0.636505  	3200.000000	0.57552   	3200.000000	0.546106  	3200.000000	0.532831  	3200.000000	0.575491  	3200.000000	2.81625e-05
3400.000000	0.647799  	3400.000000	0.581814  	3400.000000	0.547554  	3400.000000	0.53432   	3400.000000	0.581788  	3400.000000	2.66217e-05
3600.000000	0.659723  	3600.000000	0.588434  	3600.000000	0.549126  	3600.000000	0.535925  	3600.000000	0.588409  	3600.000000	2.52458e-05
3800.000000	0.672205  	3800.000000	0.595325  	3800.000000	0.550787  	3800.000000	0.537611  	3800.000000	0.595301  	3800.000000	2.40095e-05
4000.000000	0.685186  	4000.000000	0.602445  	4000.000000	0.552508  	4000.000000	0.539353  	4000.000000	0.602422  	4000.000000	2.28923e-05
4200.000000	0.698618  	4200.000000	0.60976   	4200.000000	0.554267  	4200.000000	0.54113   	4200.000000	0.609738  	4200.000000	2.18776e-05
4400.000000	0.712462  	4400.000000	0.61724   	4400.000000	0.556048  	4400.000000	0.542926  	4400.000000	0.617219  	4400.000000	2.09519e-05
4600.000000	0.726685  	4600.000000	0.624864  	4600.000000	0.557837  	4600.000000	0.54473   	4600.000000	0.624844  	4600.000000	2.01037e-05
4800.000000	0.741261  	4800.000000	0.632611  	4800.000000	0.559625  	4800.000000	0.546534  	4800.000000	0.632591  	4800.000000	1.93236e-05
5000.000000	0.756165  	5000.000000	0.640465  	5000.000000	0.561405  	5000.000000	0.54833   	5000.000000	0.640446  	5000.000000	1.86037e-05
5250.000000	0.775227  	5250.000000	0.650413  	5250.000000	0.563612  	5250.000000	0.550556  	5250.000000	0.650395  	5250.000000	1.77782e-05
5500.000000	0.79474   	5500.000000	0.660485  	5500.000000	0.565791  	5500.000000	0.552754  	5500.000000	0.660468  	5500.000000	1.7025e-05
6000.000000	0.835013  	6000.000000	0.680931  	6000.000000	0.570048  	6000.000000	0.557048  	6000.000000	0.680915  	6000.000000	1.57005e-05
6500.000000	0.876816  	6500.000000	0.701689  	6500.000000	0.574155  	6500.000000	0.561186  	6500.000000	0.701674  	6500.000000	1.45727e-05
7000.000000	0.920027  	7000.000000	0.722679  	7000.000000	0.578102  	7000.000000	0.56516   	7000.000000	0.722666  	7000.000000	1.36006e-05
7500.000000	0.964557  	7500.000000	0.743845  	7500.000000	0.581875  	7500.000000	0.568968  	7500.000000	0.743832  	7500.000000	1.27536e-05
8000.000000	1.01034   	8000.000000	0.765142  	8000.000000	0.585507  	8000.000000	0.572615  	8000.000000	0.76513   	8000.000000	1.20089e-05
8500.000000	1.05732   	8500.000000	0.78654   	8500.000000	0.588978  	8500.000000	0.576107  	8500.000000	0.786529  	8500.000000	1.13488e-05
9000.000000	1.10546   	9000.000000	0.808013  	9000.000000	0.592287  	9000.000000	0.579453  	9000.000000	0.808002  	9000.000000	1.07596e-05
9500.000000	1.15472   	9500.000000	0.829542  	9500.000000	0.595457  	9500.000000	0.582659  	9500.000000	0.829532  	9500.000000	1.02303e-05
10000.000000	1.20509   	10000.000000	0.851114  	10000.000000	0.598505  	10000.000000	0.585736  	10000.000000	0.851104  	10000.000000	9.75207e-06
11000.000000	1.30905   	11000.000000	0.894337  	11000.000000	0.604252  	11000.000000	0.591529  	11000.000000	0.894328  	11000.000000	8.92179e-06
12000.000000	1.41722   	12000.000000	0.937616  	12000.000000	0.609569  	12000.000000	0.596891  	12000.000000	0.937608  	12000.000000	8.22541e-06
13000.000000	1.52951   	13000.000000	0.980905  	13000.000000	0.61449   	13000.000000	0.601873  	13000.000000	0.980898  	13000.000000	7.63268e-06
14000.000000	1.64587   	14000.000000	1.02418   	14000.000000	0.619059  	14000.000000	0.60652   	14000.000000	1.02417   	14000.000000	7.12187e-06
15000.000000	1.76626   	15000.000000	1.06741   	15000.000000	0.623321  	15000.000000	0.610871  	15000.000000	1.0674    	15000.000000	6.67695e-06
16000.000000	1.89067   	16000.000000	1.1106    	16000.000000	0.627315  	16000.000000	0.614956  	16000.000000	1.11059   	16000.000000	6.28584e-06
17000.000000	2.01907   	17000.000000	1.15372   	17000.000000	0.631074  	17000.000000	0.618805  	17000.000000	1.15372   	17000.000000	5.93925e-06
18000.000000	2.15147   	18000.000000	1.19678   	18000.000000	0.634626  	18000.000000	0.622441  	18000.000000	1.19678   	18000.000000	5.62991e-06
19000.000000	2.28785   	19000.000000	1.23978   	19000.000000	0.63799   	19000.000000	0.625886  	19000.000000	1.23977   	19000.000000	5.35209e-06
20000.000000	2.42822   	20000.000000	1.2827    	20000.000000	0.641187  	20000.000000	0.629156  	20000.000000	1.2827    	20000.000000	5.10114e-06
21000.000000	2.57259   	21000.000000	1.32555   	21000.000000	0.64422   	21000.000000	0.632267  	21000.000000	1.32555   	21000.000000	4.87332e-06
22000.000000	2.72097   	22000.000000	1.36834   	22000.000000	0.647081  	22000.000000	0.635234  	22000.000000	1.36833   	22000.000000	4.66554e-06
23000.000000	2.87336   	23000.000000	1.41105   	23000.000000	0.6498    	23000.000000	0.638068  	23000.000000	1.41104   	23000.000000	4.47524e-06
24000.000000	3.02978   	24000.000000	1.45369   	24000.000000	0.652406  	24000.000000	0.640781  	24000.000000	1.45368   	24000.000000	4.30029e-06
25000.000000	3.19024   	25000.000000	1.49626   	25000.000000	0.654914  	25000.000000	0.643381  	25000.000000	1.49625   	25000.000000	4.13889e-06
26000.000000	3.35475   	26000.000000	1.53876   	26000.000000	0.657308  	26000.000000	0.645877  	26000.000000	1.53876   	26000.000000	3.9895e-06
27000.000000	3.52334   	27000.000000	1.58119   	27000.000000	0.659583  	27000.000000	0.648277  	27000.000000	1.58119   	27000.000000	3.85082e-06
28000.000000	3.69602   	28000.000000	1.62356   	28000.000000	0.661759  	28000.000000	0.650587  	28000.000000	1.62356   	28000.000000	3.72172e-06
29000.000000	3.8728    	29000.000000	1.66587   	29000.000000	0.663849  	29000.000000	0.652814  	29000.000000	1.66586   	29000.000000	3.60125e-06
30000.000000	4.05371   	30000.000000	1.70811   	30000.000000	0.665864  	30000.000000	0.654962  	30000.000000	1.70811   	30000.000000	3.48855e-06
32000.000000	4.42797   	32000.000000	1.79241   	32000.000000	0.669689  	32000.000000	0.659046  	32000.000000	1.7924    	32000.000000	3.28361e-06
34000.000000	4.81897   	34000.000000	1.87647   	34000.000000	0.673262  	34000.000000	0.662872  	34000.000000	1.87646   	34000.000000	3.10204e-06
36000.000000	5.22686   	36000.000000	1.9603    	36000.000000	0.676581  	36000.000000	0.66647   	36000.000000	1.9603    	36000.000000	2.94002e-06
38000.000000	5.65181   	38000.000000	2.04392   	38000.000000	0.67966   	38000.000000	0.669865  	38000.000000	2.04392   	38000.000000	2.79452e-06
40000.000000	6.094     	40000.000000	2.12733   	40000.000000	0.682534  	40000.000000	0.673077  	40000.000000	2.12733   	40000.000000	2.66312e-06
42000.000000	6.55361   	42000.000000	2.21054   	42000.000000	0.685241  	42000.000000	0.676124  	42000.000000	2.21054   	42000.000000	2.54385e-06
44000.000000	7.03081   	44000.000000	2.29357   	44000.000000	0.687807  	44000.000000	0.679023  	44000.000000	2.29356   	44000.000000	2.43509e-06
46000.000000	7.52579   	46000.000000	2.37641   	46000.000000	0.690252  	46000.000000	0.681785  	46000.000000	2.3764    	46000.000000	2.33549e-06
48000.000000	8.03873   	48000.000000	2.45907   	48000.000000	0.692581  	48000.000000	0.684423  	48000.000000	2.45907   	48000.000000	2.24394e-06
50000.000000	8.56982   	50000.000000	2.54157   	50000.000000	0.694776  	50000.000000	0.686947  	50000.000000	2.54157   	50000.000000	2.15948e-06
