*Energy (MeV/u)1	0 - [He-base] F.Hubert et al, AD&ND Tables 46(1990)1	Energy (MeV/u)2	1 - [H -base] J.F.Ziegler et al, Pergamon Press, NY (low energy)	Energy (MeV/u)3	2 - ATIMA 1.2  LS-theory (recommended for high energy)	Energy (MeV/u)4	3 - ATIMA 1.2  without LS-correction	Energy (MeV/u)5	4 - electrical component of [1] - J.F.Ziegler et al	Energy (MeV/u)6	5 - nuclear component of [1] - J.F.Ziegler et al	
0.001000	0.0622351 	0.001000	0.0298814 	0.001000	0.0361179 	0.001000	0.0361179 	0.001000	0.0180655 	0.001000	0.011816  	
0.002000	0.0812415 	0.002000	0.040927  	0.002000	0.0517191 	0.002000	0.0517191 	0.002000	0.0312625 	0.002000	0.00966454	
0.005000	0.127185  	0.005000	0.0676917 	0.005000	0.0888322 	0.005000	0.0888322 	0.005000	0.061241  	0.005000	0.00645072	
0.008000	0.161315  	0.008000	0.0888603 	0.008000	0.117816  	0.008000	0.117816  	0.008000	0.0838813 	0.008000	0.00497895	
0.010000	0.18001   	0.010000	0.100983  	0.010000	0.134338  	0.010000	0.134338  	0.010000	0.0966249 	0.010000	0.00435842	
0.015000	0.229847  	0.015000	0.13733   	0.015000	0.169535  	0.015000	0.169535  	0.015000	0.133957  	0.015000	0.0033728 	
0.020000	0.271508  	0.020000	0.169819  	0.020000	0.199253  	0.020000	0.199253  	0.020000	0.167035  	0.020000	0.00278384	
0.025000	0.307019  	0.025000	0.198826  	0.025000	0.225667  	0.025000	0.225667  	0.025000	0.196439  	0.025000	0.00238675	
0.030000	0.337455  	0.030000	0.224581  	0.030000	0.246239  	0.030000	0.246239  	0.030000	0.222502  	0.030000	0.00207896	
0.035000	0.363467  	0.035000	0.247318  	0.035000	0.264024  	0.035000	0.264024  	0.035000	0.245456  	0.035000	0.00186155	
0.040000	0.385501  	0.040000	0.267193  	0.040000	0.279444  	0.040000	0.279444  	0.040000	0.265504  	0.040000	0.00168918	
0.045000	0.403916  	0.045000	0.284395  	0.045000	0.292824  	0.045000	0.292824  	0.045000	0.282846  	0.045000	0.00154878	
0.050000	0.419032  	0.050000	0.299123  	0.050000	0.304414  	0.050000	0.304414  	0.050000	0.297691  	0.050000	0.00143198	
0.055000	0.431162  	0.055000	0.311591  	0.055000	0.314418  	0.055000	0.314418  	0.055000	0.310258  	0.055000	0.00133312	
0.060000	0.440613  	0.060000	0.322017  	0.060000	0.323008  	0.060000	0.323008  	0.060000	0.320769  	0.060000	0.00124823	
0.070000	0.452703  	0.070000	0.337615  	0.070000	0.336527  	0.070000	0.336527  	0.070000	0.336505  	0.070000	0.0011097 	
0.080000	0.457649  	0.080000	0.347573  	0.080000	0.345987  	0.080000	0.345987  	0.080000	0.346572  	0.080000	0.00100115	
0.090000	0.457532  	0.090000	0.353327  	0.090000	0.352213  	0.090000	0.352213  	0.090000	0.352414  	0.090000	0.000913558	
0.100000	0.454055  	0.100000	0.35604   	0.100000	0.355886  	0.100000	0.355886  	0.100000	0.355199  	0.100000	0.00084124	
0.120000	0.44185   	0.120000	0.355687  	0.120000	0.357709  	0.120000	0.357709  	0.120000	0.354959  	0.120000	0.000728488	
0.140000	0.427433  	0.140000	0.35117   	0.140000	0.354773  	0.140000	0.354773  	0.140000	0.350525  	0.140000	0.000644314	
0.160000	0.413532  	0.160000	0.344848  	0.160000	0.34918   	0.160000	0.34918   	0.160000	0.344269  	0.160000	0.000578855	
0.180000	0.401003  	0.180000	0.337846  	0.180000	0.342215  	0.180000	0.342215  	0.180000	0.33732   	0.180000	0.000526362	
0.200000	0.389912  	0.200000	0.330676  	0.200000	0.334633  	0.200000	0.334633  	0.200000	0.330193  	0.200000	0.000483245	
0.250000	0.367016  	0.250000	0.313179  	0.250000	0.315374  	0.250000	0.315374  	0.250000	0.312776  	0.250000	0.000402724	
0.300000	0.348318  	0.300000	0.296819  	0.300000	0.297373  	0.300000	0.297373  	0.300000	0.296472  	0.300000	0.000346585	
0.350000	0.331833  	0.350000	0.281657  	0.350000	0.281103  	0.350000	0.281103  	0.350000	0.281352  	0.350000	0.000305031	
0.400000	0.316734  	0.400000	0.267653  	0.400000	0.266473  	0.400000	0.266473  	0.400000	0.26738   	0.400000	0.000272935	
0.450000	0.302712  	0.450000	0.254763  	0.450000	0.253298  	0.450000	0.253298  	0.450000	0.254516  	0.450000	0.000247338	
0.500000	0.289649  	0.500000	0.24293   	0.500000	0.241396  	0.500000	0.241396  	0.500000	0.242704  	0.500000	0.000226412	
0.600000	0.266175  	0.600000	0.222151  	0.600000	0.220808  	0.600000	0.220808  	0.600000	0.221957  	0.600000	0.000194167	
0.700000	0.245908  	0.700000	0.204691  	0.700000	0.203695  	0.700000	0.203695  	0.700000	0.204521  	0.700000	0.000170408	
0.800000	0.22841   	0.800000	0.189934  	0.800000	0.189291  	0.800000	0.189291  	0.800000	0.189782  	0.800000	0.000152123	
0.900000	0.213243  	0.900000	0.17735   	0.900000	0.177017  	0.900000	0.177017  	0.900000	0.177212  	0.900000	0.000137586	
1.000000	0.200012  	1.000000	0.166509  	1.000000	0.166435  	1.000000	0.166435  	1.000000	0.166384  	1.000000	0.000125731	
1.250000	0.173389  	1.250000	0.145011  	1.250000	0.145379  	1.250000	0.145379  	1.250000	0.144907  	1.250000	0.00010381	
1.500000	0.153286  	1.500000	0.128986  	1.500000	0.129597  	1.500000	0.129597  	1.500000	0.128897  	1.500000	8.87049e-05	
1.750000	0.137542  	1.750000	0.116514  	1.750000	0.117249  	1.750000	0.117249  	1.750000	0.116436  	1.750000	7.76245e-05	
2.000000	0.124853  	2.000000	0.106486  	2.000000	0.107277  	2.000000	0.107277  	2.000000	0.106417  	2.000000	6.91279e-05	
2.250000	0.114394  	2.250000	0.0982233 	2.250000	0.0990306 	2.250000	0.0990306 	2.250000	0.0981609 	2.250000	6.23929e-05	
2.500000	0.10385   	2.500000	0.0912815 	2.500000	0.092082  	2.500000	0.092082  	2.500000	0.0912246 	2.500000	5.69151e-05	
3.000000	0.0906449 	3.000000	0.0802399 	3.000000	0.0809924 	3.000000	0.0809924 	3.000000	0.0801914 	3.000000	4.85274e-05	
3.500000	0.0806354 	3.500000	0.0718256 	3.500000	0.072513  	3.500000	0.072513  	3.500000	0.0717832 	3.500000	4.23908e-05	
4.000000	0.0727631 	4.000000	0.0651841 	4.000000	0.0658043 	4.000000	0.0658043 	4.000000	0.0651464 	4.000000	3.76952e-05	
4.500000	0.0663958 	4.500000	0.059798  	4.500000	0.0603547 	4.500000	0.0603547 	4.500000	0.0597641 	4.500000	3.39798e-05	
5.000000	0.0611309 	5.000000	0.0553347 	5.000000	0.0558332 	5.000000	0.0558332 	5.000000	0.0553038 	5.000000	3.09625e-05	
5.500000	0.056699  	5.500000	0.05157   	5.500000	0.052016  	5.500000	0.052016  	5.500000	0.0515416 	5.500000	2.84609e-05	
6.000000	0.0529131 	6.000000	0.0483473 	6.000000	0.0487462 	6.000000	0.0487462 	6.000000	0.048321  	6.000000	2.63512e-05	
6.500000	0.0496386 	6.500000	0.045554  	6.500000	0.0459107 	6.500000	0.0459107 	6.500000	0.0455294 	6.500000	2.45467e-05	
7.000000	0.0467764 	7.000000	0.0431067 	7.000000	0.0434256 	7.000000	0.0434256 	7.000000	0.0430837 	7.000000	2.29847e-05	
7.500000	0.0442517 	7.500000	0.0409426 	7.500000	0.0412277 	7.500000	0.0412277 	7.500000	0.040921  	7.500000	2.16186e-05	
8.000000	0.042007  	8.000000	0.0390136 	8.000000	0.0392682 	8.000000	0.0392682 	8.000000	0.0389932 	8.000000	2.04132e-05	
8.500000	0.0399972 	8.500000	0.0372818 	8.500000	0.0375088 	8.500000	0.0375088 	8.500000	0.0372624 	8.500000	1.93413e-05	
9.000000	0.0381865 	9.000000	0.0357172 	9.000000	0.0359193 	9.000000	0.0359193 	9.000000	0.0356988 	9.000000	1.83815e-05	
9.500000	0.0365462 	9.500000	0.0342958 	9.500000	0.0344753 	9.500000	0.0344753 	9.500000	0.0342783 	9.500000	1.75169e-05	
10.000000	0.0350528 	10.000000	0.0331465 	10.000000	0.0331569 	10.000000	0.0331569 	10.000000	0.0331298 	10.000000	1.67338e-05	
11.000000	0.032433  	11.000000	0.0308317 	11.000000	0.0307807 	11.000000	0.0307828 	11.000000	0.0308164 	11.000000	1.53691e-05	
12.000000	0.0302082 	12.000000	0.0288404 	12.000000	0.028748  	12.000000	0.0287514 	12.000000	0.0288262 	12.000000	1.42193e-05	
13.000000	0.0282938 	13.000000	0.0271087 	13.000000	0.026987  	13.000000	0.0269908 	13.000000	0.0270954 	13.000000	1.32368e-05	
14.000000	0.026628  	14.000000	0.0255884 	14.000000	0.0254445 	14.000000	0.0254481 	14.000000	0.025576  	14.000000	1.2387e-05	
15.000000	0.0251644 	15.000000	0.0242427 	15.000000	0.02408   	15.000000	0.0240836 	15.000000	0.0242311 	15.000000	1.16443e-05	
16.000000	0.0238678 	16.000000	0.0230428 	16.000000	0.0228634 	16.000000	0.0228669 	16.000000	0.0230318 	16.000000	1.09894e-05	
17.000000	0.0227106 	17.000000	0.0219659 	17.000000	0.0217713 	17.000000	0.0217743 	17.000000	0.0219555 	17.000000	1.04074e-05	
18.000000	0.0216711 	18.000000	0.0209939 	18.000000	0.0207848 	18.000000	0.0207871 	18.000000	0.020984  	18.000000	9.88659e-06	
19.000000	0.0207319 	19.000000	0.0201118 	19.000000	0.0198884 	19.000000	0.0198901 	19.000000	0.0201024 	19.000000	9.41767e-06	
20.000000	0.0198788 	20.000000	0.0193076 	20.000000	0.0190694 	20.000000	0.0190711 	20.000000	0.0192987 	20.000000	8.99313e-06	
21.000000	0.0191004 	21.000000	0.0185714 	21.000000	0.0183182 	21.000000	0.0183201 	21.000000	0.0185628 	21.000000	8.60686e-06	
22.000000	0.0183871 	22.000000	0.0178946 	22.000000	0.0176272 	22.000000	0.0176286 	22.000000	0.0178864 	22.000000	8.25385e-06	
23.000000	0.0177308 	23.000000	0.0172703 	23.000000	0.0169893 	23.000000	0.0169897 	23.000000	0.0172624 	23.000000	7.92991e-06	
24.000000	0.0171249 	24.000000	0.0166926 	24.000000	0.016398  	24.000000	0.0163974 	24.000000	0.0166849 	24.000000	7.63154e-06	
25.000000	0.0165637 	25.000000	0.0161562 	25.000000	0.0158482 	25.000000	0.0158467 	25.000000	0.0161489 	25.000000	7.35579e-06	
27.000000	0.0155565 	27.000000	0.015191  	27.000000	0.0148571 	27.000000	0.0148535 	27.000000	0.0151842 	27.000000	6.86242e-06	
29.000000	0.014678  	29.000000	0.0143464 	29.000000	0.0139865 	29.000000	0.0139819 	29.000000	0.01434   	29.000000	6.43367e-06	
31.000000	0.0139045 	31.000000	0.0136007 	31.000000	0.0132439 	31.000000	0.0132391 	31.000000	0.0135947 	31.000000	6.05747e-06	
33.000000	0.013218  	33.000000	0.0129374 	33.000000	0.0126104 	33.000000	0.0126041 	33.000000	0.0129317 	33.000000	5.72459e-06	
35.000000	0.0126044 	35.000000	0.0123434 	35.000000	0.0120409 	35.000000	0.0120349 	35.000000	0.0123379 	35.000000	5.42784e-06	
38.000000	0.0117965 	38.000000	0.0115598 	38.000000	0.0112901 	38.000000	0.0112832 	38.000000	0.0115548 	38.000000	5.03844e-06	
41.000000	0.0110986 	41.000000	0.0108818 	41.000000	0.0106388 	41.000000	0.0106317 	41.000000	0.0108771 	41.000000	4.70326e-06	
44.000000	0.0104893 	44.000000	0.0102891 	44.000000	0.0100676 	44.000000	0.0100614 	44.000000	0.0102847 	44.000000	4.41158e-06	
47.000000	0.00995254	47.000000	0.00976637	47.000000	0.00956462	47.000000	0.00955754	47.000000	0.00976222	47.000000	4.15535e-06	
50.000000	0.00947574	50.000000	0.00930175	50.000000	0.00911623	50.000000	0.00910908	50.000000	0.00929783	50.000000	3.92839e-06	
55.000000	0.00878896	55.000000	0.00863216	55.000000	0.00846937	55.000000	0.00846159	55.000000	0.00862856	55.000000	3.60258e-06	
60.000000	0.0082091 	60.000000	0.00806669	60.000000	0.00792073	60.000000	0.00791357	60.000000	0.00806336	60.000000	3.32857e-06	
65.000000	0.00771254	65.000000	0.00758254	65.000000	0.00745076	65.000000	0.00744341	65.000000	0.00757945	65.000000	3.09477e-06	
70.000000	0.00728221	70.000000	0.00716317	70.000000	0.00704285	70.000000	0.00703539	70.000000	0.00716028	70.000000	2.89285e-06	
75.000000	0.00690544	75.000000	0.00679626	75.000000	0.00668465	75.000000	0.00667779	75.000000	0.00679354	75.000000	2.71661e-06	
80.000000	0.00657261	80.000000	0.00647244	80.000000	0.00636915	80.000000	0.00636168	80.000000	0.00646988	80.000000	2.5614e-06	
85.000000	0.0062763 	85.000000	0.00618447	85.000000	0.00608725	85.000000	0.00608016	85.000000	0.00618205	85.000000	2.42362e-06	
90.000000	0.00601068	90.000000	0.00592665	90.000000	0.00583455	90.000000	0.00582777	90.000000	0.00592435	90.000000	2.30045e-06	
95.000000	0.00577112	95.000000	0.00569443	95.000000	0.00560742	95.000000	0.00560017	95.000000	0.00569224	95.000000	2.18966e-06	
100.000000	0.00555388	100.000000	0.00548414	100.000000	0.00540076	100.000000	0.00539383	100.000000	0.00548205	100.000000	2.08944e-06	
105.000000	0.00535591	105.000000	0.00529279	105.000000	0.00521253	105.000000	0.00520587	105.000000	0.00529079	105.000000	1.99834e-06	
110.000000	0.00517469	110.000000	0.0051179 	110.000000	0.00504026	110.000000	0.00503394	110.000000	0.00511599	110.000000	1.91515e-06	
115.000000	0.00500814	115.000000	0.00495743	115.000000	0.00488258	115.000000	0.00487603	115.000000	0.00495559	115.000000	1.83887e-06	
120.000000	0.00485449	120.000000	0.00480964	120.000000	0.00473718	120.000000	0.00473049	120.000000	0.00480787	120.000000	1.76866e-06	
125.000000	0.00471228	125.000000	0.00467308	125.000000	0.00460226	125.000000	0.00459592	125.000000	0.00467138	125.000000	1.70381e-06	
130.000000	0.00458023	130.000000	0.00454651	130.000000	0.00447726	130.000000	0.0044711 	130.000000	0.00454486	130.000000	1.64373e-06	
135.000000	0.00445727	135.000000	0.00442885	135.000000	0.00436144	135.000000	0.00435501	135.000000	0.00442726	135.000000	1.58791e-06	
140.000000	0.00434246	140.000000	0.0043192 	140.000000	0.00425321	140.000000	0.00424676	140.000000	0.00431766	140.000000	1.53589e-06	
145.000000	0.00423501	145.000000	0.00421676	145.000000	0.00415179	145.000000	0.00414558	145.000000	0.00421527	145.000000	1.4873e-06	
150.000000	0.0041342 	150.000000	0.00412083	150.000000	0.00405685	150.000000	0.00405079	150.000000	0.00411939	150.000000	1.44181e-06	
155.000000	0.00399227	155.000000	0.00403081	155.000000	0.00396766	155.000000	0.00396181	155.000000	0.00402942	155.000000	1.39912e-06	
160.000000	0.00390907	160.000000	0.00394618	160.000000	0.00388392	160.000000	0.00387812	160.000000	0.00394482	160.000000	1.35898e-06	
165.000000	0.00383062	165.000000	0.00386645	165.000000	0.00380528	165.000000	0.00379926	165.000000	0.00386513	165.000000	1.32117e-06	
170.000000	0.00375651	170.000000	0.00379121	170.000000	0.00373086	170.000000	0.00372482	170.000000	0.00378992	170.000000	1.28549e-06	
175.000000	0.00368639	175.000000	0.00372009	175.000000	0.0036603 	175.000000	0.00365445	175.000000	0.00371884	175.000000	1.25175e-06	
180.000000	0.00361993	180.000000	0.00365277	180.000000	0.00359354	180.000000	0.00358781	180.000000	0.00365155	180.000000	1.21981e-06	
185.000000	0.00355686	185.000000	0.00358894	185.000000	0.00353023	185.000000	0.00352463	185.000000	0.00358775	185.000000	1.18952e-06	
190.000000	0.00349692	190.000000	0.00352834	190.000000	0.00347008	190.000000	0.00346463	190.000000	0.00352718	190.000000	1.16075e-06	
195.000000	0.00343988	195.000000	0.00347073	195.000000	0.00341307	195.000000	0.00340759	195.000000	0.00346959	195.000000	1.13339e-06	
200.000000	0.00338553	200.000000	0.00341589	200.000000	0.00335894	200.000000	0.00335329	200.000000	0.00341478	200.000000	1.10735e-06	
210.000000	0.00328416	210.000000	0.00331377	210.000000	0.00325772	210.000000	0.00325217	210.000000	0.00331271	210.000000	1.05881e-06	
220.000000	0.00319152	220.000000	0.00322063	220.000000	0.0031653 	220.000000	0.00315995	220.000000	0.00321962	220.000000	1.01451e-06	
230.000000	0.00310651	230.000000	0.00313533	230.000000	0.00308063	230.000000	0.00307549	230.000000	0.00313436	230.000000	9.7389e-07	
240.000000	0.00302823	240.000000	0.00305693	240.000000	0.00300316	240.000000	0.00299788	240.000000	0.003056  	240.000000	9.36516e-07	
250.000000	0.00295589	250.000000	0.00298463	250.000000	0.00293162	250.000000	0.00292633	250.000000	0.00298373	250.000000	9.02006e-07	
260.000000	0.00288885	260.000000	0.00291774	260.000000	0.00286527	260.000000	0.00286015	260.000000	0.00291687	260.000000	8.70039e-07	
270.000000	0.00282655	270.000000	0.00285569	270.000000	0.00280376	270.000000	0.00279879	270.000000	0.00285485	270.000000	8.40341e-07	
280.000000	0.00276849	280.000000	0.00279798	280.000000	0.00274659	280.000000	0.00274173	280.000000	0.00279717	280.000000	8.12676e-07	
290.000000	0.00271426	290.000000	0.00274417	290.000000	0.00269356	290.000000	0.00268856	290.000000	0.00274338	290.000000	7.86839e-07	
300.000000	0.00266349	300.000000	0.00269388	300.000000	0.00264391	300.000000	0.0026389 	300.000000	0.00269311	300.000000	7.62653e-07	
310.000000	0.00261587	310.000000	0.00264678	310.000000	0.00259729	310.000000	0.00259241	310.000000	0.00264604	310.000000	7.39963e-07	
320.000000	0.00257111	320.000000	0.00260259	320.000000	0.0025536 	320.000000	0.00254882	320.000000	0.00260187	320.000000	7.18632e-07	
330.000000	0.00252896	330.000000	0.00256105	330.000000	0.00251253	330.000000	0.00250786	330.000000	0.00256035	330.000000	6.9854e-07	
340.000000	0.00248922	340.000000	0.00252193	340.000000	0.00247394	340.000000	0.00246932	340.000000	0.00252125	340.000000	6.79581e-07	
350.000000	0.00245166	350.000000	0.00248503	350.000000	0.00243773	350.000000	0.00243299	350.000000	0.00248437	350.000000	6.61661e-07	
360.000000	0.00241614	360.000000	0.00245018	360.000000	0.00240347	360.000000	0.0023987 	360.000000	0.00244954	360.000000	6.44696e-07	
370.000000	0.00238248	370.000000	0.00241721	370.000000	0.00237095	370.000000	0.00236628	370.000000	0.00241658	370.000000	6.28609e-07	
380.000000	0.00235055	380.000000	0.00238597	380.000000	0.00234018	380.000000	0.00233559	380.000000	0.00238536	380.000000	6.13335e-07	
390.000000	0.00232022	390.000000	0.00235635	390.000000	0.00231102	390.000000	0.0023065 	390.000000	0.00235575	390.000000	5.98812e-07	
400.000000	0.00229138	400.000000	0.00232821	400.000000	0.00228333	400.000000	0.0022789 	400.000000	0.00232763	400.000000	5.84986e-07	
410.000000	0.00226392	410.000000	0.00230146	410.000000	0.00225706	410.000000	0.00225267	410.000000	0.00230089	410.000000	5.71806e-07	
420.000000	0.00223775	420.000000	0.002276  	420.000000	0.00223218	420.000000	0.00222773	420.000000	0.00227545	420.000000	5.59228e-07	
430.000000	0.00221279	430.000000	0.00225175	430.000000	0.00220852	430.000000	0.00220399	430.000000	0.0022512 	430.000000	5.47212e-07	
440.000000	0.00218895	440.000000	0.00222861	440.000000	0.00218587	440.000000	0.00218136	440.000000	0.00222808	440.000000	5.35719e-07	
450.000000	0.00216616	450.000000	0.00220653	450.000000	0.00216421	450.000000	0.00215977	450.000000	0.00220601	450.000000	5.24717e-07	
460.000000	0.00214436	460.000000	0.00218543	460.000000	0.00214354	460.000000	0.00213916	460.000000	0.00218492	460.000000	5.14173e-07	
470.000000	0.0021235 	470.000000	0.00216526	470.000000	0.0021238 	470.000000	0.00211947	470.000000	0.00216475	470.000000	5.0406e-07	
480.000000	0.0021035 	480.000000	0.00214595	480.000000	0.00210491	480.000000	0.00210064	480.000000	0.00214545	480.000000	4.94351e-07	
490.000000	0.00208433	490.000000	0.00212746	490.000000	0.00208682	490.000000	0.00208261	490.000000	0.00212697	490.000000	4.85023e-07	
500.000000	0.00206594	500.000000	0.00210973	500.000000	0.00206953	500.000000	0.00206535	500.000000	0.00210925	500.000000	4.76053e-07	
520.000000	0.00203131	520.000000	0.00207641	520.000000	0.00203721	520.000000	0.00203293	520.000000	0.00207595	520.000000	4.59106e-07	
540.000000	0.0019993 	540.000000	0.00204568	540.000000	0.00200736	540.000000	0.00200307	540.000000	0.00204524	540.000000	4.43365e-07	
560.000000	0.00196965	560.000000	0.00201726	560.000000	0.00197969	560.000000	0.0019755 	560.000000	0.00201684	560.000000	4.28704e-07	
580.000000	0.00194213	580.000000	0.00199093	580.000000	0.00195411	580.000000	0.00194998	580.000000	0.00199052	580.000000	4.15014e-07	
600.000000	0.00191653	600.000000	0.00196648	600.000000	0.00193035	600.000000	0.00192631	600.000000	0.00196608	600.000000	4.02201e-07	
620.000000	0.00189268	620.000000	0.00194374	620.000000	0.00190831	620.000000	0.00190431	620.000000	0.00194335	620.000000	3.90183e-07	
640.000000	0.00187042	640.000000	0.00192254	640.000000	0.00188789	640.000000	0.00188383	640.000000	0.00192216	640.000000	3.78886e-07	
660.000000	0.00184961	660.000000	0.00190276	660.000000	0.00186884	660.000000	0.00186473	660.000000	0.00190239	660.000000	3.68247e-07	
680.000000	0.00183014	680.000000	0.00188426	680.000000	0.00185095	680.000000	0.00184688	680.000000	0.00188391	680.000000	3.58209e-07	
700.000000	0.00181189	700.000000	0.00186695	700.000000	0.00183419	700.000000	0.00183018	700.000000	0.0018666 	700.000000	3.48723e-07	
720.000000	0.00179477	720.000000	0.00185073	720.000000	0.0018185 	720.000000	0.00181454	720.000000	0.00185039	720.000000	3.39743e-07	
740.000000	0.00177869	740.000000	0.0018355 	740.000000	0.00180378	740.000000	0.00179987	740.000000	0.00183517	740.000000	3.3123e-07	
760.000000	0.00176357	760.000000	0.0018212 	760.000000	0.00178994	760.000000	0.00178608	760.000000	0.00182088	760.000000	3.23148e-07	
780.000000	0.00174935	780.000000	0.00180776	780.000000	0.00177694	780.000000	0.00177312	780.000000	0.00180744	780.000000	3.15464e-07	
800.000000	0.00173596	800.000000	0.00179511	800.000000	0.00176477	800.000000	0.00176091	800.000000	0.0017948 	800.000000	3.08149e-07	
820.000000	0.00172334	820.000000	0.00178319	820.000000	0.00175338	820.000000	0.00174947	820.000000	0.00178289	820.000000	3.01177e-07	
840.000000	0.00171144	840.000000	0.00177195	840.000000	0.00174288	840.000000	0.00173894	840.000000	0.00177166	840.000000	2.94525e-07	
860.000000	0.00170022	860.000000	0.00176136	860.000000	0.00173292	860.000000	0.001729  	860.000000	0.00176107	860.000000	2.8817e-07	
880.000000	0.00168962	880.000000	0.00175136	880.000000	0.00172349	880.000000	0.00171962	880.000000	0.00175107	880.000000	2.82092e-07	
900.000000	0.00167962	900.000000	0.00174191	900.000000	0.00171457	900.000000	0.00171074	900.000000	0.00174163	900.000000	2.76275e-07	
920.000000	0.00167017	920.000000	0.00173299	920.000000	0.00170614	920.000000	0.00170234	920.000000	0.00173272	920.000000	2.70701e-07	
940.000000	0.00166124	940.000000	0.00172455	940.000000	0.00169816	940.000000	0.00169439	940.000000	0.00172429	940.000000	2.65354e-07	
960.000000	0.0016528 	960.000000	0.00171657	960.000000	0.00169061	960.000000	0.00168686	960.000000	0.00171631	960.000000	2.60222e-07	
980.000000	0.00164482	980.000000	0.00170903	980.000000	0.00168345	980.000000	0.00167971	980.000000	0.00170877	980.000000	2.55292e-07	
1000.000000	0.00163728	1000.000000	0.00170189	1000.000000	0.00167665	1000.000000	0.00167294	1000.000000	0.00170164	1000.000000	2.50551e-07	
1020.000000	0.00163014	1020.000000	0.00169513	1020.000000	0.0016702 	1020.000000	0.00166651	1020.000000	0.00169489	1020.000000	2.45989e-07	
1040.000000	0.0016234 	1040.000000	0.00168874	1040.000000	0.00166406	1040.000000	0.00166041	1040.000000	0.00168849	1040.000000	2.41596e-07	
1060.000000	0.00161703	1060.000000	0.00168268	1060.000000	0.00165823	1060.000000	0.00165461	1060.000000	0.00168244	1060.000000	2.37362e-07	
1080.000000	0.00161101	1080.000000	0.00167695	1080.000000	0.0016527 	1080.000000	0.0016491 	1080.000000	0.00167671	1080.000000	2.3328e-07	
1100.000000	0.00160531	1100.000000	0.00167152	1100.000000	0.00164745	1100.000000	0.00164386	1100.000000	0.00167129	1100.000000	2.29339e-07	
1120.000000	0.00159994	1120.000000	0.00166638	1120.000000	0.00164248	1120.000000	0.00163888	1120.000000	0.00166615	1120.000000	2.25535e-07	
1140.000000	0.00159486	1140.000000	0.00166152	1140.000000	0.00163776	1140.000000	0.00163414	1140.000000	0.00166129	1140.000000	2.21859e-07	
1160.000000	0.00159007	1160.000000	0.00165691	1160.000000	0.00163327	1160.000000	0.00162963	1160.000000	0.00165669	1160.000000	2.18304e-07	
1180.000000	0.00158554	1180.000000	0.00165255	1180.000000	0.00162901	1180.000000	0.00162534	1180.000000	0.00165234	1180.000000	2.14866e-07	
1200.000000	0.00158128	1200.000000	0.00164843	1200.000000	0.00162493	1200.000000	0.00162125	1200.000000	0.00164822	1200.000000	2.11538e-07	
1220.000000	0.00157727	1220.000000	0.00164453	1220.000000	0.00162104	1220.000000	0.00161736	1220.000000	0.00164433	1220.000000	2.08315e-07	
1240.000000	0.00157348	1240.000000	0.00164085	1240.000000	0.00161732	1240.000000	0.00161365	1240.000000	0.00164064	1240.000000	2.05192e-07	
1260.000000	0.00156993	1260.000000	0.00163737	1260.000000	0.00161377	1260.000000	0.00161011	1260.000000	0.00163717	1260.000000	2.02165e-07	
1280.000000	0.00156659	1280.000000	0.00163408	1280.000000	0.00161038	1280.000000	0.00160675	1280.000000	0.00163388	1280.000000	1.99228e-07	
1300.000000	0.00156345	1300.000000	0.00163098	1300.000000	0.00160715	1300.000000	0.00160354	1300.000000	0.00163078	1300.000000	1.96378e-07	
1320.000000	0.00156052	1320.000000	0.00162805	1320.000000	0.00160408	1320.000000	0.00160048	1320.000000	0.00162786	1320.000000	1.93612e-07	
1340.000000	0.00155777	1340.000000	0.0016253 	1340.000000	0.00160115	1340.000000	0.00159756	1340.000000	0.0016251 	1340.000000	1.90925e-07	
1360.000000	0.0015552 	1360.000000	0.0016227 	1360.000000	0.00159835	1360.000000	0.00159478	1360.000000	0.00162251	1360.000000	1.88314e-07	
1380.000000	0.00155281	1380.000000	0.00162026	1380.000000	0.00159569	1380.000000	0.00159213	1380.000000	0.00162007	1380.000000	1.85776e-07	
1400.000000	0.00155059	1400.000000	0.00161797	1400.000000	0.00159316	1400.000000	0.0015896 	1400.000000	0.00161779	1400.000000	1.83308e-07	
1420.000000	0.00154852	1420.000000	0.00161582	1420.000000	0.00159074	1420.000000	0.00158719	1420.000000	0.00161564	1420.000000	1.80907e-07	
1440.000000	0.00154661	1440.000000	0.00161381	1440.000000	0.00158843	1440.000000	0.0015849 	1440.000000	0.00161363	1440.000000	1.7857e-07	
1460.000000	0.00154485	1460.000000	0.00161192	1460.000000	0.00158622	1460.000000	0.00158271	1460.000000	0.00161175	1460.000000	1.76294e-07	
1480.000000	0.00154323	1480.000000	0.00161016	1480.000000	0.00158412	1480.000000	0.00158062	1480.000000	0.00160999	1480.000000	1.74078e-07	
1500.000000	0.00154175	1500.000000	0.00160853	1500.000000	0.00158212	1500.000000	0.00157863	1500.000000	0.00160836	1500.000000	1.71919e-07	
1520.000000	0.0015404 	1520.000000	0.00160701	1520.000000	0.00158021	1520.000000	0.00157674	1520.000000	0.00160684	1520.000000	1.69814e-07	
1540.000000	0.00153918	1540.000000	0.0016056 	1540.000000	0.0015784 	1540.000000	0.00157494	1540.000000	0.00160543	1540.000000	1.67762e-07	
1560.000000	0.00153809	1560.000000	0.0016043 	1560.000000	0.00157667	1560.000000	0.00157322	1560.000000	0.00160413	1560.000000	1.65761e-07	
1580.000000	0.00153711	1580.000000	0.0016031 	1580.000000	0.00157503	1580.000000	0.00157158	1580.000000	0.00160293	1580.000000	1.63808e-07	
1600.000000	0.00153625	1600.000000	0.001602  	1600.000000	0.00157347	1600.000000	0.00157002	1600.000000	0.00160184	1600.000000	1.61902e-07	
1620.000000	0.00153549	1620.000000	0.00160099	1620.000000	0.00157199	1620.000000	0.00156854	1620.000000	0.00160083	1620.000000	1.60042e-07	
1640.000000	0.00153485	1640.000000	0.00160008	1640.000000	0.00157059	1640.000000	0.00156713	1640.000000	0.00159992	1640.000000	1.58226e-07	
1660.000000	0.00153431	1660.000000	0.00159926	1660.000000	0.00156926	1660.000000	0.00156579	1660.000000	0.0015991 	1660.000000	1.56451e-07	
1680.000000	0.00153387	1680.000000	0.00159852	1680.000000	0.001568  	1680.000000	0.00156451	1680.000000	0.00159837	1680.000000	1.54718e-07	
1700.000000	0.00153353	1700.000000	0.00159787	1700.000000	0.0015668 	1700.000000	0.0015633 	1700.000000	0.00159771	1700.000000	1.53023e-07	
1750.000000	0.00153307	1750.000000	0.00159658	1750.000000	0.00156406	1750.000000	0.00156054	1750.000000	0.00159643	1750.000000	1.4895e-07	
1800.000000	0.00153317	1800.000000	0.00159574	1800.000000	0.00156165	1800.000000	0.00155812	1800.000000	0.0015956 	1800.000000	1.45096e-07	
1850.000000	0.00153376	1850.000000	0.00159533	1850.000000	0.00155954	1850.000000	0.00155601	1850.000000	0.00159519	1850.000000	1.41442e-07	
1900.000000	0.00153483	1900.000000	0.00159531	1900.000000	0.00155771	1900.000000	0.00155419	1900.000000	0.00159517	1900.000000	1.37973e-07	
1950.000000	0.00153633	1950.000000	0.00159565	1950.000000	0.00155612	1950.000000	0.00155262	1950.000000	0.00159551	1950.000000	1.34676e-07	
2000.000000	0.00153823	2000.000000	0.00159631	2000.000000	0.00155477	2000.000000	0.00155129	2000.000000	0.00159618	2000.000000	1.31538e-07	
2100.000000	0.00154316	2100.000000	0.00159856	2100.000000	0.0015527 	2100.000000	0.00154925	2100.000000	0.00159843	2100.000000	1.25694e-07	
2200.000000	0.00154942	2200.000000	0.00160186	2200.000000	0.00155136	2200.000000	0.00154793	2200.000000	0.00160174	2200.000000	1.20363e-07	
2300.000000	0.00155686	2300.000000	0.0016061 	2300.000000	0.00155062	2300.000000	0.0015472 	2300.000000	0.00160598	2300.000000	1.15479e-07	
2400.000000	0.00156536	2400.000000	0.00161114	2400.000000	0.00155037	2400.000000	0.00154698	2400.000000	0.00161103	2400.000000	1.10988e-07	
2500.000000	0.0015748 	2500.000000	0.0016169 	2500.000000	0.00155055	2500.000000	0.00154719	2500.000000	0.00161679	2500.000000	1.06843e-07	
2600.000000	0.00158509	2600.000000	0.00162329	2600.000000	0.00155109	2600.000000	0.00154775	2600.000000	0.00162318	2600.000000	1.03007e-07	
2700.000000	0.00159615	2700.000000	0.00163023	2700.000000	0.00155195	2700.000000	0.00154861	2700.000000	0.00163014	2700.000000	9.9444e-08	
2800.000000	0.00160791	2800.000000	0.00163768	2800.000000	0.00155306	2800.000000	0.00154974	2800.000000	0.00163759	2800.000000	9.61272e-08	
2900.000000	0.00162032	2900.000000	0.00164558	2900.000000	0.00155441	2900.000000	0.00155108	2900.000000	0.00164548	2900.000000	9.30311e-08	
3000.000000	0.00163332	3000.000000	0.00165387	3000.000000	0.00155594	3000.000000	0.00155261	3000.000000	0.00165378	3000.000000	9.01342e-08	
3200.000000	0.0016609 	3200.000000	0.00167151	3200.000000	0.00155948	3200.000000	0.00155613	3200.000000	0.00167142	3200.000000	8.48653e-08	
3400.000000	0.00169037	3400.000000	0.00169033	3400.000000	0.00156348	3400.000000	0.0015601 	3400.000000	0.00169025	3400.000000	8.01954e-08	
3600.000000	0.00172149	3600.000000	0.00171014	3600.000000	0.0015678 	3600.000000	0.0015644 	3600.000000	0.00171007	3600.000000	7.6027e-08	
3800.000000	0.00175406	3800.000000	0.00173077	3800.000000	0.00157233	3800.000000	0.00156893	3800.000000	0.0017307 	3800.000000	7.22827e-08	
4000.000000	0.00178793	4000.000000	0.0017521 	4000.000000	0.00157701	4000.000000	0.00157361	4000.000000	0.00175203	4000.000000	6.89002e-08	
4200.000000	0.00182298	4200.000000	0.00177401	4200.000000	0.00158179	4200.000000	0.00157839	4200.000000	0.00177394	4200.000000	6.58292e-08	
4400.000000	0.0018591 	4400.000000	0.00179643	4400.000000	0.00158661	4400.000000	0.00158323	4400.000000	0.00179636	4400.000000	6.3028e-08	
4600.000000	0.00189622	4600.000000	0.00181927	4600.000000	0.00159146	4600.000000	0.00158809	4600.000000	0.00181921	4600.000000	6.04623e-08	
4800.000000	0.00193425	4800.000000	0.0018425 	4800.000000	0.00159631	4800.000000	0.00159294	4800.000000	0.00184244	4800.000000	5.81032e-08	
5000.000000	0.00197314	5000.000000	0.00186604	5000.000000	0.00160113	5000.000000	0.00159778	5000.000000	0.00186599	5000.000000	5.59266e-08	
5250.000000	0.00202288	5250.000000	0.00189587	5250.000000	0.00160711	5250.000000	0.00160377	5250.000000	0.00189582	5250.000000	5.34314e-08	
5500.000000	0.0020738 	5500.000000	0.00192608	5500.000000	0.00161302	5500.000000	0.00160968	5500.000000	0.00192603	5500.000000	5.11555e-08	
6000.000000	0.00217889	6000.000000	0.0019874 	6000.000000	0.00162454	6000.000000	0.00162121	6000.000000	0.00198735	6000.000000	4.71546e-08	
6500.000000	0.00228797	6500.000000	0.00204967	6500.000000	0.00163563	6500.000000	0.00163231	6500.000000	0.00204962	6500.000000	4.37498e-08	
7000.000000	0.00240073	7000.000000	0.00211264	7000.000000	0.00164627	7000.000000	0.00164295	7000.000000	0.0021126 	7000.000000	4.08161e-08	
7500.000000	0.00251692	7500.000000	0.00217615	7500.000000	0.00165644	7500.000000	0.00165314	7500.000000	0.00217611	7500.000000	3.82613e-08	
8000.000000	0.00263639	8000.000000	0.00224006	8000.000000	0.00166619	8000.000000	0.00166287	8000.000000	0.00224002	8000.000000	3.60157e-08	
8500.000000	0.00275898	8500.000000	0.00230427	8500.000000	0.00167547	8500.000000	0.00167218	8500.000000	0.00230423	8500.000000	3.4026e-08	
9000.000000	0.00288459	9000.000000	0.00236871	9000.000000	0.0016843 	9000.000000	0.00168109	9000.000000	0.00236867	9000.000000	3.22505e-08	
9500.000000	0.00301315	9500.000000	0.00243332	9500.000000	0.00169276	9500.000000	0.00168961	9500.000000	0.00243329	9500.000000	3.06559e-08	
10000.000000	0.00314458	10000.000000	0.00249806	10000.000000	0.0017009 	10000.000000	0.00169777	10000.000000	0.00249803	10000.000000	2.92158e-08	
11000.000000	0.00341585	11000.000000	0.00262779	11000.000000	0.00171626	11000.000000	0.00171312	11000.000000	0.00262776	11000.000000	2.67164e-08	
12000.000000	0.0036981 	12000.000000	0.00275769	12000.000000	0.00173044	12000.000000	0.00172728	12000.000000	0.00275767	12000.000000	2.4621e-08	
13000.000000	0.00399111	13000.000000	0.00288763	13000.000000	0.00174357	13000.000000	0.00174041	13000.000000	0.00288761	13000.000000	2.28384e-08	
14000.000000	0.00429475	14000.000000	0.00301752	14000.000000	0.00175577	14000.000000	0.00175263	14000.000000	0.0030175 	14000.000000	2.13027e-08	
15000.000000	0.00460891	15000.000000	0.0031473 	15000.000000	0.00176716	15000.000000	0.00176405	15000.000000	0.00314728	15000.000000	1.99656e-08	
16000.000000	0.00493353	16000.000000	0.00327693	16000.000000	0.00177783	16000.000000	0.00177475	16000.000000	0.00327691	16000.000000	1.87907e-08	
17000.000000	0.00526859	17000.000000	0.00340639	17000.000000	0.00178787	17000.000000	0.00178482	17000.000000	0.00340637	17000.000000	1.77498e-08	
18000.000000	0.00561406	18000.000000	0.00353566	18000.000000	0.00179733	18000.000000	0.00179431	18000.000000	0.00353564	18000.000000	1.68211e-08	
19000.000000	0.00596994	19000.000000	0.00366472	19000.000000	0.00180629	19000.000000	0.00180329	19000.000000	0.00366471	19000.000000	1.59872e-08	
20000.000000	0.00633623	20000.000000	0.00379358	20000.000000	0.00181479	20000.000000	0.0018118 	20000.000000	0.00379357	20000.000000	1.52341e-08	
21000.000000	0.00671295	21000.000000	0.00392223	21000.000000	0.00182288	21000.000000	0.00181989	21000.000000	0.00392221	21000.000000	1.45507e-08	
22000.000000	0.00710012	22000.000000	0.00405066	22000.000000	0.0018306 	22000.000000	0.0018276 	22000.000000	0.00405064	22000.000000	1.39275e-08	
23000.000000	0.00749777	23000.000000	0.00417888	23000.000000	0.00183787	23000.000000	0.00183495	23000.000000	0.00417886	23000.000000	1.33569e-08	
24000.000000	0.00790593	24000.000000	0.00430689	24000.000000	0.00184482	24000.000000	0.00184197	24000.000000	0.00430687	24000.000000	1.28324e-08	
25000.000000	0.00832464	25000.000000	0.00443469	25000.000000	0.00185155	25000.000000	0.0018487 	25000.000000	0.00443467	25000.000000	1.23486e-08	
26000.000000	0.00875393	26000.000000	0.00456228	26000.000000	0.001858  	26000.000000	0.00185516	26000.000000	0.00456227	26000.000000	1.19009e-08	
27000.000000	0.00919384	27000.000000	0.00468967	27000.000000	0.00186415	27000.000000	0.00186136	27000.000000	0.00468966	27000.000000	1.14854e-08	
28000.000000	0.00964443	28000.000000	0.00481687	28000.000000	0.00187005	28000.000000	0.00186732	28000.000000	0.00481686	28000.000000	1.10987e-08	
29000.000000	0.0101057 	29000.000000	0.00494387	29000.000000	0.00187574	29000.000000	0.00187306	29000.000000	0.00494386	29000.000000	1.07378e-08	
30000.000000	0.0105778 	30000.000000	0.00507069	30000.000000	0.00188124	30000.000000	0.0018786 	30000.000000	0.00507068	30000.000000	1.04003e-08	
32000.000000	0.0115544 	32000.000000	0.00532376	32000.000000	0.00189167	32000.000000	0.00188911	32000.000000	0.00532375	32000.000000	9.78674e-09	
34000.000000	0.0125747 	34000.000000	0.00557612	34000.000000	0.00190139	34000.000000	0.00189895	34000.000000	0.00557611	34000.000000	9.24327e-09	
36000.000000	0.013639  	36000.000000	0.00582781	36000.000000	0.00191052	36000.000000	0.00190819	36000.000000	0.0058278 	36000.000000	8.75844e-09	
38000.000000	0.0147479 	38000.000000	0.00607884	38000.000000	0.00191913	38000.000000	0.0019169 	38000.000000	0.00607883	38000.000000	8.32318e-09	
40000.000000	0.0159018 	40000.000000	0.00632926	40000.000000	0.00192727	40000.000000	0.00192513	40000.000000	0.00632925	40000.000000	7.93019e-09	
42000.000000	0.017101  	42000.000000	0.00657907	42000.000000	0.00193498	42000.000000	0.00193294	42000.000000	0.00657907	42000.000000	7.57356e-09	
44000.000000	0.0183463 	44000.000000	0.00682832	44000.000000	0.0019423 	44000.000000	0.00194036	44000.000000	0.00682832	44000.000000	7.24841e-09	
46000.000000	0.0196379 	46000.000000	0.00707703	46000.000000	0.00194925	46000.000000	0.00194742	46000.000000	0.00707702	46000.000000	6.95072e-09	
48000.000000	0.0209763 	48000.000000	0.0073252 	48000.000000	0.00195587	48000.000000	0.00195417	48000.000000	0.0073252 	48000.000000	6.67713e-09	
50000.000000	0.0223622 	50000.000000	0.00757288	50000.000000	0.00196218	50000.000000	0.00196062	50000.000000	0.00757287	50000.000000	6.4248e-09	
