*Energy (MeV/u)1	0 - [He-base] F.Hubert et al, AD&ND Tables 46(1990)1	Energy (MeV/u)2	1 - [H -base] J.F.Ziegler et al, Pergamon Press, NY (low energy)	Energy (MeV/u)3	2 - ATIMA 1.2  LS-theory (recommended for high energy)	Energy (MeV/u)4	3 - ATIMA 1.2  without LS-correction	Energy (MeV/u)5	4 - electrical component of [1] - J.F.Ziegler et al	Energy (MeV/u)6	5 - nuclear component of [1] - J.F.Ziegler et al	
0.001000	0.259459  	0.001000	0.054452  	0.001000	0.0576027 	0.001000	0.0576027 	0.001000	0.0390255 	0.001000	0.0154264
0.002000	0.301249  	0.002000	0.0715454 	0.002000	0.0740548 	0.002000	0.0740548 	0.002000	0.0571367 	0.002000	0.0144086
0.005000	0.422041  	0.005000	0.105956  	0.005000	0.105689  	0.005000	0.105689  	0.005000	0.0945763 	0.005000	0.0113802
0.008000	0.523867  	0.008000	0.131935  	0.008000	0.128751  	0.008000	0.128751  	0.008000	0.122475  	0.008000	0.00945945
0.010000	0.584502  	0.010000	0.147013  	0.010000	0.141918  	0.010000	0.141918  	0.010000	0.138468  	0.010000	0.0085454
0.015000	0.686235  	0.015000	0.180021  	0.015000	0.170307  	0.015000	0.170307  	0.015000	0.173061  	0.015000	0.00695952
0.020000	0.766028  	0.020000	0.208658  	0.020000	0.194546  	0.020000	0.194546  	0.020000	0.202729  	0.020000	0.00592911
0.025000	0.852847  	0.025000	0.23347   	0.025000	0.215827  	0.025000	0.215827  	0.025000	0.228273  	0.025000	0.00519727
0.030000	0.92324   	0.030000	0.254709  	0.030000	0.25552   	0.030000	0.25552   	0.030000	0.250063  	0.030000	0.00464633
0.035000	0.979548  	0.035000	0.275026  	0.035000	0.281452  	0.035000	0.281452  	0.035000	0.270812  	0.035000	0.0042142
0.040000	1.02275   	0.040000	0.293144  	0.040000	0.299825  	0.040000	0.299825  	0.040000	0.289279  	0.040000	0.00386478
0.045000	1.05353   	0.045000	0.309433  	0.045000	0.31487   	0.045000	0.31487   	0.045000	0.305858  	0.045000	0.00357548
0.050000	1.07277   	0.050000	0.324412  	0.050000	0.328335  	0.050000	0.328335  	0.050000	0.321081  	0.050000	0.00333143
0.055000	1.11545   	0.055000	0.338134  	0.055000	0.3408    	0.055000	0.3408    	0.055000	0.335011  	0.055000	0.00312237
0.060000	1.15094   	0.060000	0.350673  	0.060000	0.352425  	0.060000	0.352425  	0.060000	0.347732  	0.060000	0.00294098
0.070000	1.20264   	0.070000	0.372524  	0.070000	0.373277  	0.070000	0.373277  	0.070000	0.369883  	0.070000	0.00264107
0.080000	1.25806   	0.080000	0.390552  	0.080000	0.390999  	0.080000	0.390999  	0.080000	0.388172  	0.080000	0.00238023
0.090000	1.29801   	0.090000	0.405343  	0.090000	0.405839  	0.090000	0.405839  	0.090000	0.403155  	0.090000	0.00218766
0.100000	1.32749   	0.100000	0.417341  	0.100000	0.418058  	0.100000	0.418058  	0.100000	0.415314  	0.100000	0.00202677
0.120000	1.34622   	0.120000	0.43872   	0.120000	0.435878  	0.120000	0.435878  	0.120000	0.436948  	0.120000	0.00177245
0.140000	1.34947   	0.140000	0.454496  	0.140000	0.446809  	0.140000	0.446809  	0.140000	0.452917  	0.140000	0.00157973
0.160000	1.34958   	0.160000	0.466274  	0.160000	0.452794  	0.160000	0.452794  	0.160000	0.464846  	0.160000	0.00142811
0.180000	1.34793   	0.180000	0.472859  	0.180000	0.455316  	0.180000	0.455316  	0.180000	0.471554  	0.180000	0.00130538
0.200000	1.3515    	0.200000	0.477627  	0.200000	0.455465  	0.200000	0.455465  	0.200000	0.476423  	0.200000	0.00120378
0.250000	1.32384   	0.250000	0.480471  	0.250000	0.450013  	0.250000	0.450013  	0.250000	0.479459  	0.250000	0.00101206
0.300000	1.31952   	0.300000	0.492858  	0.300000	0.443589  	0.300000	0.443589  	0.300000	0.491982  	0.300000	0.000876772
0.350000	1.30418   	0.350000	0.496209  	0.350000	0.436967  	0.350000	0.436967  	0.350000	0.495433  	0.350000	0.000775715
0.400000	1.28216   	0.400000	0.496234  	0.400000	0.428918  	0.400000	0.428918  	0.400000	0.495536  	0.400000	0.00069709
0.450000	1.25319   	0.450000	0.491591  	0.450000	0.41959   	0.450000	0.41959   	0.450000	0.490957  	0.450000	0.000634015
0.500000	1.22501   	0.500000	0.486834  	0.500000	0.410561  	0.500000	0.410561  	0.500000	0.486252  	0.500000	0.00058219
0.600000	1.12423   	0.600000	0.475732  	0.600000	0.39371   	0.600000	0.39371   	0.600000	0.47523   	0.600000	0.000501852
0.700000	1.02332   	0.700000	0.45814   	0.700000	0.378424  	0.700000	0.378424  	0.700000	0.457698  	0.700000	0.000442257
0.800000	0.978731  	0.800000	0.453424  	0.800000	0.364474  	0.800000	0.364474  	0.800000	0.453028  	0.800000	0.000396144
0.900000	0.931224  	0.900000	0.444119  	0.900000	0.351631  	0.900000	0.351631  	0.900000	0.443759  	0.900000	0.000359318
1.000000	0.884073  	1.000000	0.429909  	1.000000	0.338795  	1.000000	0.338795  	1.000000	0.42958   	1.000000	0.000329174
1.250000	0.775927  	1.250000	0.387771  	1.250000	0.311253  	1.250000	0.311253  	1.250000	0.387498  	1.250000	0.000273146
1.500000	0.673677  	1.500000	0.320427  	1.500000	0.288373  	1.500000	0.288373  	1.500000	0.320193  	1.500000	0.000234299
1.750000	0.598738  	1.750000	0.28044   	1.750000	0.268572  	1.750000	0.268572  	1.750000	0.280234  	1.750000	0.000205667
2.000000	0.540792  	2.000000	0.253926  	2.000000	0.25119   	2.000000	0.25119   	2.000000	0.253742  	2.000000	0.000183627
2.250000	0.495043  	2.250000	0.234448  	2.250000	0.235751  	2.250000	0.235751  	2.250000	0.234282  	2.250000	0.0001661
2.500000	0.441819  	2.500000	0.21905   	2.500000	0.222007  	2.500000	0.222007  	2.500000	0.218899  	2.500000	0.000151805
3.000000	0.388211  	3.000000	0.195297  	3.000000	0.198766  	3.000000	0.198766  	3.000000	0.195167  	3.000000	0.000129843
3.500000	0.3469    	3.500000	0.177168  	3.500000	0.180035  	3.500000	0.180035  	3.500000	0.177054  	3.500000	0.000113713
4.000000	0.314035  	4.000000	0.162607  	4.000000	0.164729  	4.000000	0.164729  	4.000000	0.162506  	4.000000	0.000101333
4.500000	0.287231  	4.500000	0.150581  	4.500000	0.152043  	4.500000	0.152043  	4.500000	0.15049   	4.500000	9.15119e-05
5.000000	0.264927  	5.000000	0.140459  	5.000000	0.141382  	5.000000	0.141382  	5.000000	0.140375  	5.000000	8.35183e-05
5.500000	0.24606   	5.500000	0.131811  	5.500000	0.132305  	5.500000	0.132305  	5.500000	0.131734  	5.500000	7.68778e-05
6.000000	0.229882  	6.000000	0.124331  	6.000000	0.124487  	6.000000	0.124487  	6.000000	0.12426   	6.000000	7.1268e-05
6.500000	0.215845  	6.500000	0.117791  	6.500000	0.117679  	6.500000	0.117679  	6.500000	0.117725  	6.500000	6.64623e-05
7.000000	0.203545  	7.000000	0.112021  	7.000000	0.111694  	7.000000	0.111694  	7.000000	0.111958  	7.000000	6.22966e-05
7.500000	0.192673  	7.500000	0.106886  	7.500000	0.106387  	7.500000	0.106387  	7.500000	0.106827  	7.500000	5.86489e-05
8.000000	0.18299   	8.000000	0.102283  	8.000000	0.101646  	8.000000	0.101646  	8.000000	0.102228  	8.000000	5.54265e-05
8.500000	0.174307  	8.500000	0.0981311 	8.500000	0.0973814 	8.500000	0.0973814 	8.500000	0.0980785 	8.500000	5.2558e-05
9.000000	0.166474  	9.000000	0.0943629 	9.000000	0.0935209 	9.000000	0.0935209 	9.000000	0.0943129 	9.000000	4.9987e-05
9.500000	0.159371  	9.500000	0.0909253 	9.500000	0.0900072 	9.500000	0.0900072 	9.500000	0.0908776 	9.500000	4.76687e-05
10.000000	0.152898  	10.000000	0.0883561 	10.000000	0.0867933 	10.000000	0.0867933 	10.000000	0.0883105 	10.000000	4.55671e-05
11.000000	0.14153   	11.000000	0.0832688 	11.000000	0.081331  	11.000000	0.0813514 	11.000000	0.0832269 	11.000000	4.19006e-05
12.000000	0.131863  	12.000000	0.0787318 	12.000000	0.0766335 	12.000000	0.0766669 	12.000000	0.078693  	12.000000	3.88073e-05
13.000000	0.123537  	13.000000	0.0746726 	13.000000	0.0725422 	13.000000	0.0725833 	13.000000	0.0746365 	13.000000	3.61603e-05
14.000000	0.116287  	14.000000	0.071026  	14.000000	0.068941  	14.000000	0.0689852 	14.000000	0.0709922 	14.000000	3.38683e-05
15.000000	0.109913  	15.000000	0.067736  	15.000000	0.0657419 	15.000000	0.065786  	15.000000	0.0677041 	15.000000	3.18631e-05
16.000000	0.104263  	16.000000	0.0647548 	16.000000	0.0628762 	16.000000	0.0629196 	16.000000	0.0647247 	16.000000	3.00932e-05
17.000000	0.0992183 	17.000000	0.0620422 	17.000000	0.0602914 	17.000000	0.0603338 	17.000000	0.0620137 	17.000000	2.85189e-05
18.000000	0.0946851 	18.000000	0.0595644 	18.000000	0.0579477 	18.000000	0.0579873 	18.000000	0.0595372 	18.000000	2.7109e-05
19.000000	0.090588  	19.000000	0.0572924 	19.000000	0.0558105 	19.000000	0.0558468 	19.000000	0.0572666 	19.000000	2.58385e-05
20.000000	0.0868659 	20.000000	0.055202  	20.000000	0.0538502 	20.000000	0.053885  	20.000000	0.0551773 	20.000000	2.46875e-05
21.000000	0.0834687 	21.000000	0.0532724 	21.000000	0.0520422 	21.000000	0.0520759 	21.000000	0.0532487 	21.000000	2.36396e-05
22.000000	0.0803549 	22.000000	0.0514857 	22.000000	0.0503747 	22.000000	0.0504042 	22.000000	0.0514631 	22.000000	2.26812e-05
23.000000	0.0774897 	23.000000	0.0498268 	23.000000	0.0488346 	23.000000	0.0488582 	23.000000	0.049805  	23.000000	2.18012e-05
24.000000	0.0748442 	24.000000	0.0482823 	24.000000	0.0474014 	24.000000	0.0474206 	24.000000	0.0482613 	24.000000	2.09903e-05
25.000000	0.0723934 	25.000000	0.0468408 	25.000000	0.0460633 	25.000000	0.04608   	25.000000	0.0468205 	25.000000	2.02404e-05
27.000000	0.0679946 	27.000000	0.0442279 	27.000000	0.0436402 	27.000000	0.0436518 	27.000000	0.044209  	27.000000	1.88977e-05
29.000000	0.0641571 	29.000000	0.0419221 	29.000000	0.0415046 	29.000000	0.0415096 	29.000000	0.0419044 	29.000000	1.77298e-05
31.000000	0.060778  	31.000000	0.0398719 	31.000000	0.0395497 	31.000000	0.0395483 	31.000000	0.0398552 	31.000000	1.67041e-05
33.000000	0.0577785 	33.000000	0.0380367 	33.000000	0.0377494 	33.000000	0.0377422 	33.000000	0.0380209 	33.000000	1.57958e-05
35.000000	0.055097  	35.000000	0.0363841 	35.000000	0.0361307 	35.000000	0.0361185 	35.000000	0.0363692 	35.000000	1.49855e-05
38.000000	0.0515664 	38.000000	0.0341917 	38.000000	0.0339853 	38.000000	0.033967  	38.000000	0.0341778 	38.000000	1.39214e-05
41.000000	0.0485166 	41.000000	0.032283  	41.000000	0.0321187 	41.000000	0.0320952 	41.000000	0.03227   	41.000000	1.30045e-05
44.000000	0.0458538 	44.000000	0.0306057 	44.000000	0.030478  	44.000000	0.0304506 	44.000000	0.0305935 	44.000000	1.2206e-05
47.000000	0.0435075 	47.000000	0.0291199 	47.000000	0.0290248 	47.000000	0.0289931 	47.000000	0.0291084 	47.000000	1.1504e-05
50.000000	0.0414235 	50.000000	0.027794  	50.000000	0.0277231 	50.000000	0.0276918 	50.000000	0.0277832 	50.000000	1.08818e-05
55.000000	0.0384215 	55.000000	0.0258749 	55.000000	0.0258389 	55.000000	0.0258059 	55.000000	0.0258649 	55.000000	9.98772e-06
60.000000	0.0358868 	60.000000	0.0242466 	60.000000	0.0242385 	60.000000	0.024203  	60.000000	0.0242373 	60.000000	9.23508e-06
65.000000	0.0337162 	65.000000	0.0228469 	65.000000	0.0228571 	65.000000	0.0228226 	65.000000	0.0228383 	65.000000	8.59234e-06
70.000000	0.0318351 	70.000000	0.0216304 	70.000000	0.0216585 	70.000000	0.0216206 	70.000000	0.0216224 	70.000000	8.03676e-06
75.000000	0.030188  	75.000000	0.0205631 	75.000000	0.0205999 	75.000000	0.020564  	75.000000	0.0205555 	75.000000	7.55151e-06
80.000000	0.028733  	80.000000	0.0196187 	80.000000	0.0196648 	80.000000	0.0196273 	80.000000	0.0196116 	80.000000	7.12386e-06
85.000000	0.0274377 	85.000000	0.0187771 	85.000000	0.0188267 	85.000000	0.0187911 	85.000000	0.0187703 	85.000000	6.74399e-06
90.000000	0.0262766 	90.000000	0.0180221 	90.000000	0.0180766 	90.000000	0.0180396 	90.000000	0.0180157 	90.000000	6.40422e-06
95.000000	0.0252293 	95.000000	0.0173409 	95.000000	0.0173958 	95.000000	0.0173606 	95.000000	0.0173348 	95.000000	6.09842e-06
100.000000	0.0242796 	100.000000	0.0167231 	100.000000	0.0167802 	100.000000	0.0167437 	100.000000	0.0167172 	100.000000	5.82168e-06
105.000000	0.0234142 	105.000000	0.0161601 	105.000000	0.0162158 	105.000000	0.0161809 	105.000000	0.0161545 	105.000000	5.56998e-06
110.000000	0.022622  	110.000000	0.0156449 	110.000000	0.0157008 	110.000000	0.0156652 	110.000000	0.0156396 	110.000000	5.34003e-06
115.000000	0.0218939 	115.000000	0.0151717 	115.000000	0.0152257 	115.000000	0.0151908 	115.000000	0.0151666 	115.000000	5.12909e-06
120.000000	0.0212222 	120.000000	0.0147354 	120.000000	0.0147875 	120.000000	0.014753  	120.000000	0.0147304 	120.000000	4.93487e-06
125.000000	0.0206005 	125.000000	0.0143318 	125.000000	0.0143828 	125.000000	0.0143476 	125.000000	0.0143271 	125.000000	4.75541e-06
130.000000	0.0200232 	130.000000	0.0139574 	130.000000	0.014005  	130.000000	0.0139712 	130.000000	0.0139529 	130.000000	4.58909e-06
135.000000	0.0194857 	135.000000	0.0136092 	135.000000	0.0136531 	135.000000	0.0136206 	135.000000	0.0136047 	135.000000	4.43448e-06
140.000000	0.0189838 	140.000000	0.0132843 	140.000000	0.0133262 	140.000000	0.0132934 	140.000000	0.01328   	140.000000	4.29037e-06
145.000000	0.018514  	145.000000	0.0129806 	145.000000	0.0130204 	145.000000	0.0129873 	145.000000	0.0129765 	145.000000	4.15573e-06
150.000000	0.0180733 	150.000000	0.0126961 	150.000000	0.0127322 	150.000000	0.0127002 	150.000000	0.0126921 	150.000000	4.02962e-06
155.000000	0.0174528 	155.000000	0.0124289 	155.000000	0.0124627 	155.000000	0.0124305 	155.000000	0.012425  	155.000000	3.91125e-06
160.000000	0.0170891 	160.000000	0.0121775 	160.000000	0.0122091 	160.000000	0.0121766 	160.000000	0.0121737 	160.000000	3.79993e-06
165.000000	0.0167462 	165.000000	0.0119406 	165.000000	0.0119688 	165.000000	0.0119372 	165.000000	0.0119369 	165.000000	3.69502e-06
170.000000	0.0164222 	170.000000	0.0117169 	170.000000	0.0117425 	170.000000	0.011711  	170.000000	0.0117133 	170.000000	3.59599e-06
175.000000	0.0161156 	175.000000	0.0115054 	175.000000	0.011529  	175.000000	0.0114971 	175.000000	0.0115019 	175.000000	3.50235e-06
180.000000	0.0158251 	180.000000	0.011305  	180.000000	0.0113259 	180.000000	0.0112943 	180.000000	0.0113016 	180.000000	3.41366e-06
185.000000	0.0155494 	185.000000	0.011115  	185.000000	0.0111326 	185.000000	0.011102  	185.000000	0.0111117 	185.000000	3.32954e-06
190.000000	0.0152873 	190.000000	0.0109345 	190.000000	0.0109491 	190.000000	0.0109192 	190.000000	0.0109313 	190.000000	3.24963e-06
195.000000	0.015038  	195.000000	0.0107629 	195.000000	0.0107752 	195.000000	0.0107454 	195.000000	0.0107597 	195.000000	3.17362e-06
200.000000	0.0148004 	200.000000	0.0105994 	200.000000	0.0106101 	200.000000	0.0105798 	200.000000	0.0105963 	200.000000	3.10124e-06
210.000000	0.0143573 	210.000000	0.0102949 	210.000000	0.0103007 	210.000000	0.0102713 	210.000000	0.010292  	210.000000	2.96632e-06
220.000000	0.0139523 	220.000000	0.010017  	220.000000	0.0100193 	220.000000	0.00998959	220.000000	0.0100142 	220.000000	2.84311e-06
230.000000	0.0135806 	230.000000	0.00976238	230.000000	0.00976064	230.000000	0.00973147	230.000000	0.00975965	230.000000	2.73011e-06
240.000000	0.0132384 	240.000000	0.00952821	240.000000	0.00952209	240.000000	0.00949411	240.000000	0.00952559	240.000000	2.6261e-06
250.000000	0.0129222 	250.000000	0.00931215	250.000000	0.00930327	250.000000	0.00927513	250.000000	0.00930962	250.000000	2.53002e-06
260.000000	0.0126291 	260.000000	0.0091122 	260.000000	0.00910054	260.000000	0.00907252	260.000000	0.00910976	260.000000	2.441e-06
270.000000	0.0123567 	270.000000	0.00892664	270.000000	0.00891196	270.000000	0.00888454	270.000000	0.00892428	270.000000	2.35827e-06
280.000000	0.0121029 	280.000000	0.00875398	280.000000	0.00873753	280.000000	0.00870971	280.000000	0.0087517 	280.000000	2.28119e-06
290.000000	0.0118658 	290.000000	0.00859294	290.000000	0.00857408	290.000000	0.00854672	290.000000	0.00859073	290.000000	2.20917e-06
300.000000	0.0116439 	300.000000	0.0084424 	300.000000	0.00842094	300.000000	0.00839444	300.000000	0.00844026	300.000000	2.14174e-06
310.000000	0.0114357 	310.000000	0.00830139	310.000000	0.00827807	310.000000	0.00825188	310.000000	0.00829931	310.000000	2.07846e-06
320.000000	0.01124   	320.000000	0.00816904	320.000000	0.00814468	320.000000	0.00811818	320.000000	0.00816702	320.000000	2.01896e-06
330.000000	0.0110558 	330.000000	0.0080446 	330.000000	0.0080189 	330.000000	0.00799255	330.000000	0.00804263	330.000000	1.9629e-06
340.000000	0.010882  	340.000000	0.00792739	340.000000	0.00790001	340.000000	0.00787431	340.000000	0.00792548	340.000000	1.90999e-06
350.000000	0.0107178 	350.000000	0.00781681	350.000000	0.00778798	350.000000	0.00776286	350.000000	0.00781495	350.000000	1.85997e-06
360.000000	0.0105625 	360.000000	0.00771234	360.000000	0.00768277	360.000000	0.00765765	360.000000	0.00771053	360.000000	1.81261e-06
370.000000	0.0104154 	370.000000	0.0076135 	370.000000	0.00758359	370.000000	0.0075582 	370.000000	0.00761173	370.000000	1.76769e-06
380.000000	0.0102758 	380.000000	0.00751985	380.000000	0.00748919	380.000000	0.00746407	380.000000	0.00751812	380.000000	1.72502e-06
390.000000	0.0101432 	390.000000	0.00743101	390.000000	0.00739955	390.000000	0.00737487	390.000000	0.00742933	390.000000	1.68445e-06
400.000000	0.0100171 	400.000000	0.00734663	400.000000	0.007315  	400.000000	0.00729023	400.000000	0.00734499	400.000000	1.64582e-06
410.000000	0.00989709	410.000000	0.0072664 	410.000000	0.00723482	410.000000	0.00720983	410.000000	0.0072648 	410.000000	1.60898e-06
420.000000	0.00978269	420.000000	0.00719004	420.000000	0.0071582 	420.000000	0.00713339	420.000000	0.00718846	420.000000	1.57383e-06
430.000000	0.00967355	430.000000	0.00711727	430.000000	0.00708501	430.000000	0.00706064	430.000000	0.00711573	430.000000	1.54023e-06
440.000000	0.00956933	440.000000	0.00704787	440.000000	0.00701526	440.000000	0.00699132	440.000000	0.00704636	440.000000	1.5081e-06
450.000000	0.00946972	450.000000	0.00698161	450.000000	0.0069489 	450.000000	0.00692523	450.000000	0.00698013	450.000000	1.47733e-06
460.000000	0.00937443	460.000000	0.0069183 	460.000000	0.00688587	460.000000	0.00686215	460.000000	0.00691685	460.000000	1.44784e-06
470.000000	0.0092832 	470.000000	0.00685776	470.000000	0.0068258 	470.000000	0.0068019 	470.000000	0.00685634	470.000000	1.41954e-06
480.000000	0.0091958 	480.000000	0.00679981	480.000000	0.0067684 	480.000000	0.00674447	480.000000	0.00679842	480.000000	1.39238e-06
490.000000	0.00911199	490.000000	0.00674432	490.000000	0.00671337	490.000000	0.00668965	490.000000	0.00674295	490.000000	1.36628e-06
500.000000	0.00903158	500.000000	0.00669112	500.000000	0.00666055	500.000000	0.00663716	500.000000	0.00668978	500.000000	1.34117e-06
520.000000	0.00888019	520.000000	0.00659113	520.000000	0.00656143	520.000000	0.00653864	520.000000	0.00658983	520.000000	1.29373e-06
540.000000	0.00874027	540.000000	0.00649889	540.000000	0.00647079	540.000000	0.00644794	540.000000	0.00649764	540.000000	1.24965e-06
560.000000	0.00861065	560.000000	0.00641361	560.000000	0.00638722	560.000000	0.00636426	560.000000	0.0064124 	560.000000	1.20859e-06
580.000000	0.00849033	580.000000	0.00633459	580.000000	0.00630939	580.000000	0.00628687	580.000000	0.00633342	580.000000	1.17024e-06
600.000000	0.00837842	600.000000	0.00626121	600.000000	0.00623764	600.000000	0.00621517	600.000000	0.00626008	600.000000	1.13434e-06
620.000000	0.00827414	620.000000	0.00619296	620.000000	0.00617128	620.000000	0.00614862	620.000000	0.00619186	620.000000	1.10065e-06
640.000000	0.00817683	640.000000	0.00612936	640.000000	0.00610919	640.000000	0.00608673	640.000000	0.00612829	640.000000	1.06898e-06
660.000000	0.00808587	660.000000	0.00607   	660.000000	0.00605113	660.000000	0.00602908	660.000000	0.00606896	660.000000	1.03915e-06
680.000000	0.00800074	680.000000	0.00601452	680.000000	0.005997  	680.000000	0.00597532	680.000000	0.00601351	680.000000	1.011e-06
700.000000	0.00792096	700.000000	0.0059626 	700.000000	0.00594668	700.000000	0.00592509	700.000000	0.00596161	700.000000	9.84386e-07
720.000000	0.00784612	720.000000	0.00591394	720.000000	0.00589985	720.000000	0.00587813	720.000000	0.00591298	720.000000	9.59191e-07
740.000000	0.00777582	740.000000	0.00586829	740.000000	0.00585596	740.000000	0.00583415	740.000000	0.00586736	740.000000	9.35301e-07
760.000000	0.00770974	760.000000	0.00582542	760.000000	0.00581458	760.000000	0.00579292	760.000000	0.00582451	760.000000	9.12616e-07
780.000000	0.00764757	780.000000	0.00578513	780.000000	0.00577561	780.000000	0.00575424	780.000000	0.00578423	780.000000	8.91045e-07
800.000000	0.00758903	800.000000	0.00574721	800.000000	0.00573898	800.000000	0.0057179 	800.000000	0.00574634	800.000000	8.70507e-07
820.000000	0.00753386	820.000000	0.00571151	820.000000	0.0057046 	820.000000	0.00568374	820.000000	0.00571066	820.000000	8.5093e-07
840.000000	0.00748185	840.000000	0.00567787	840.000000	0.00567239	840.000000	0.00565159	840.000000	0.00567704	840.000000	8.32245e-07
860.000000	0.00743277	860.000000	0.00564615	860.000000	0.00564221	860.000000	0.00562133	860.000000	0.00564533	860.000000	8.14394e-07
880.000000	0.00738646	880.000000	0.00561621	880.000000	0.00561379	880.000000	0.00559281	880.000000	0.00561542	880.000000	7.9732e-07
900.000000	0.00734272	900.000000	0.00558796	900.000000	0.00558692	900.000000	0.00556591	900.000000	0.00558718	900.000000	7.80974e-07
920.000000	0.0073014 	920.000000	0.00556127	920.000000	0.00556144	920.000000	0.00554053	920.000000	0.00556051	920.000000	7.65309e-07
940.000000	0.00726236	940.000000	0.00553605	940.000000	0.0055373 	940.000000	0.00551658	940.000000	0.0055353 	940.000000	7.50282e-07
960.000000	0.00722546	960.000000	0.00551222	960.000000	0.00551446	960.000000	0.00549395	960.000000	0.00551148	960.000000	7.35856e-07
980.000000	0.00719059	980.000000	0.00548968	980.000000	0.00549287	980.000000	0.00547256	980.000000	0.00548896	980.000000	7.21995e-07
1000.000000	0.00715761	1000.000000	0.00546837	1000.000000	0.0054725 	1000.000000	0.00545234	1000.000000	0.00546766	1000.000000	7.08665e-07
1020.000000	0.00712644	1020.000000	0.00544821	1020.000000	0.00545329	1020.000000	0.00543321	1020.000000	0.00544751	1020.000000	6.95836e-07
1040.000000	0.00709697	1040.000000	0.00542913	1040.000000	0.0054352 	1040.000000	0.00541512	1040.000000	0.00542845	1040.000000	6.8348e-07
1060.000000	0.00706911	1060.000000	0.00541109	1060.000000	0.00541815	1060.000000	0.00539799	1060.000000	0.00541042	1060.000000	6.71571e-07
1080.000000	0.00704277	1080.000000	0.00539401	1080.000000	0.00540202	1080.000000	0.00538177	1080.000000	0.00539335	1080.000000	6.60086e-07
1100.000000	0.00701789	1100.000000	0.00537786	1100.000000	0.0053867 	1100.000000	0.00536642	1100.000000	0.00537721	1100.000000	6.49001e-07
1120.000000	0.00699438	1120.000000	0.00536257	1120.000000	0.00537213	1120.000000	0.00535188	1120.000000	0.00536193	1120.000000	6.38295e-07
1140.000000	0.00697218	1140.000000	0.00534811	1140.000000	0.00535825	1140.000000	0.0053381 	1140.000000	0.00534748	1140.000000	6.2795e-07
1160.000000	0.00695123	1160.000000	0.00533444	1160.000000	0.00534507	1160.000000	0.00532504	1160.000000	0.00533382	1160.000000	6.17947e-07
1180.000000	0.00693146	1180.000000	0.00532151	1180.000000	0.00533259	1180.000000	0.00531267	1180.000000	0.0053209 	1180.000000	6.08269e-07
1200.000000	0.00691283	1200.000000	0.00530929	1200.000000	0.00532079	1200.000000	0.00530095	1200.000000	0.00530869	1200.000000	5.98901e-07
1220.000000	0.00689527	1220.000000	0.00529775	1220.000000	0.00530967	1220.000000	0.00528984	1220.000000	0.00529716	1220.000000	5.89827e-07
1240.000000	0.00687874	1240.000000	0.00528685	1240.000000	0.00529917	1240.000000	0.00527932	1240.000000	0.00528627	1240.000000	5.81034e-07
1260.000000	0.0068632 	1260.000000	0.00527656	1260.000000	0.00528926	1260.000000	0.00526934	1260.000000	0.00527599	1260.000000	5.72509e-07
1280.000000	0.0068486 	1280.000000	0.00526685	1280.000000	0.00527986	1280.000000	0.00525989	1280.000000	0.00526629	1280.000000	5.64239e-07
1300.000000	0.00683489	1300.000000	0.00525771	1300.000000	0.00527095	1300.000000	0.00525094	1300.000000	0.00525715	1300.000000	5.56214e-07
1320.000000	0.00682206	1320.000000	0.0052491 	1320.000000	0.00526248	1320.000000	0.00524246	1320.000000	0.00524855	1320.000000	5.48422e-07
1340.000000	0.00681004	1340.000000	0.00524099	1340.000000	0.00525443	1340.000000	0.00523443	1340.000000	0.00524045	1340.000000	5.40853e-07
1360.000000	0.00679882	1360.000000	0.00523338	1360.000000	0.00524678	1360.000000	0.00522683	1360.000000	0.00523284	1360.000000	5.33498e-07
1380.000000	0.00678837	1380.000000	0.00522623	1380.000000	0.00523951	1380.000000	0.00521964	1380.000000	0.0052257 	1380.000000	5.26347e-07
1400.000000	0.00677864	1400.000000	0.00521953	1400.000000	0.00523262	1400.000000	0.00521283	1400.000000	0.00521901	1400.000000	5.19392e-07
1420.000000	0.00676961	1420.000000	0.00521326	1420.000000	0.00522609	1420.000000	0.00520639	1420.000000	0.00521274	1420.000000	5.12626e-07
1440.000000	0.00676126	1440.000000	0.00520739	1440.000000	0.00521992	1440.000000	0.00520031	1440.000000	0.00520689	1440.000000	5.0604e-07
1460.000000	0.00675356	1460.000000	0.00520193	1460.000000	0.00521408	1460.000000	0.00519456	1460.000000	0.00520143	1460.000000	4.99626e-07
1480.000000	0.00674649	1480.000000	0.00519684	1480.000000	0.00520857	1480.000000	0.00518913	1480.000000	0.00519634	1480.000000	4.9338e-07
1500.000000	0.00674001	1500.000000	0.00519211	1500.000000	0.00520337	1500.000000	0.00518401	1500.000000	0.00519163	1500.000000	4.87293e-07
1520.000000	0.00673412	1520.000000	0.00518774	1520.000000	0.00519848	1520.000000	0.00517918	1520.000000	0.00518726	1520.000000	4.8136e-07
1540.000000	0.00672879	1540.000000	0.0051837 	1540.000000	0.00519388	1540.000000	0.00517463	1540.000000	0.00518322	1540.000000	4.75575e-07
1560.000000	0.00672399	1560.000000	0.00517998	1560.000000	0.00518956	1560.000000	0.00517035	1560.000000	0.00517951	1560.000000	4.69932e-07
1580.000000	0.00671972	1580.000000	0.00517658	1580.000000	0.0051855 	1580.000000	0.00516632	1580.000000	0.00517611	1580.000000	4.64427e-07
1600.000000	0.00671594	1600.000000	0.00517347	1600.000000	0.00518171	1600.000000	0.00516254	1600.000000	0.00517301	1600.000000	4.59053e-07
1620.000000	0.00671266	1620.000000	0.00517065	1620.000000	0.00517817	1620.000000	0.00515899	1620.000000	0.0051702 	1620.000000	4.53807e-07
1640.000000	0.00670984	1640.000000	0.00516812	1640.000000	0.00517486	1640.000000	0.00515567	1640.000000	0.00516767	1640.000000	4.48684e-07
1660.000000	0.00670748	1660.000000	0.00516585	1660.000000	0.00517177	1660.000000	0.00515256	1660.000000	0.0051654 	1660.000000	4.43679e-07
1680.000000	0.00670555	1680.000000	0.00516384	1680.000000	0.0051689 	1680.000000	0.00514966	1680.000000	0.0051634 	1680.000000	4.38789e-07
1700.000000	0.00670406	1700.000000	0.00516208	1700.000000	0.00516622	1700.000000	0.00514695	1700.000000	0.00516164	1700.000000	4.34009e-07
1750.000000	0.00670208	1750.000000	0.00515871	1750.000000	0.00516032	1750.000000	0.005141  	1750.000000	0.00515829	1750.000000	4.22519e-07
1800.000000	0.00670248	1800.000000	0.00515673	1800.000000	0.00515545	1800.000000	0.0051361 	1800.000000	0.00515632	1800.000000	4.11642e-07
1850.000000	0.00670509	1850.000000	0.00515602	1850.000000	0.00515149	1850.000000	0.00513217	1850.000000	0.00515562	1850.000000	4.0133e-07
1900.000000	0.00670974	1900.000000	0.00515649	1900.000000	0.00514836	1900.000000	0.00512911	1900.000000	0.0051561 	1900.000000	3.9154e-07
1950.000000	0.00671629	1950.000000	0.00515804	1950.000000	0.00514599	1950.000000	0.00512683	1950.000000	0.00515765	1950.000000	3.82232e-07
2000.000000	0.00672462	2000.000000	0.00516059	2000.000000	0.00514432	2000.000000	0.00512526	2000.000000	0.00516021	2000.000000	3.73372e-07
2100.000000	0.00674616	2100.000000	0.00516841	2100.000000	0.00514286	2100.000000	0.00512401	2100.000000	0.00516806	2100.000000	3.56869e-07
2200.000000	0.00677353	2200.000000	0.00517946	2200.000000	0.00514358	2200.000000	0.0051249 	2200.000000	0.00517912	2200.000000	3.41809e-07
2300.000000	0.00680607	2300.000000	0.0051933 	2300.000000	0.00514614	2300.000000	0.00512755	2300.000000	0.00519297	2300.000000	3.2801e-07
2400.000000	0.00684322	2400.000000	0.00520959	2400.000000	0.00515023	2400.000000	0.00513168	2400.000000	0.00520928	2400.000000	3.15317e-07
2500.000000	0.00688448	2500.000000	0.00522803	2500.000000	0.0051557 	2500.000000	0.00513712	2500.000000	0.00522773	2500.000000	3.03601e-07
2600.000000	0.00692947	2600.000000	0.00524838	2600.000000	0.00516276	2600.000000	0.00514413	2600.000000	0.00524809	2600.000000	2.92753e-07
2700.000000	0.00697783	2700.000000	0.00527041	2700.000000	0.00517066	2700.000000	0.00515198	2700.000000	0.00527013	2700.000000	2.82678e-07
2800.000000	0.00702925	2800.000000	0.00529395	2800.000000	0.00517923	2800.000000	0.00516052	2800.000000	0.00529368	2800.000000	2.73296e-07
2900.000000	0.00708349	2900.000000	0.00531884	2900.000000	0.00518835	2900.000000	0.00516963	2900.000000	0.00531858	2900.000000	2.64537e-07
3000.000000	0.0071403 	3000.000000	0.00534494	3000.000000	0.00519793	3000.000000	0.00517922	3000.000000	0.00534468	3000.000000	2.5634e-07
3200.000000	0.00726091	3200.000000	0.0054003 	3200.000000	0.00521814	3200.000000	0.00519952	3200.000000	0.00540006	3200.000000	2.41426e-07
3400.000000	0.00738974	3400.000000	0.00545924	3400.000000	0.0052394 	3400.000000	0.00522089	3400.000000	0.00545901	3400.000000	2.28204e-07
3600.000000	0.00752576	3600.000000	0.00552115	3600.000000	0.00526134	3600.000000	0.00524293	3600.000000	0.00552093	3600.000000	2.16399e-07
3800.000000	0.00766815	3800.000000	0.00558554	3800.000000	0.00528369	3800.000000	0.00526537	3800.000000	0.00558533	3800.000000	2.05791e-07
4000.000000	0.00781622	4000.000000	0.00565202	4000.000000	0.00530624	4000.000000	0.00528799	4000.000000	0.00565182	4000.000000	1.96206e-07
4200.000000	0.00796945	4200.000000	0.00572027	4200.000000	0.00532884	4200.000000	0.00531063	4200.000000	0.00572008	4200.000000	1.87501e-07
4400.000000	0.00812738	4400.000000	0.00579004	4400.000000	0.00535135	4400.000000	0.00533319	4400.000000	0.00578986	4400.000000	1.79559e-07
4600.000000	0.00828963	4600.000000	0.00586111	4600.000000	0.0053737 	4600.000000	0.00535558	4600.000000	0.00586094	4600.000000	1.72283e-07
4800.000000	0.0084559 	4800.000000	0.00593331	4800.000000	0.00539581	4800.000000	0.00537773	4800.000000	0.00593314	4800.000000	1.65592e-07
5000.000000	0.00862591	5000.000000	0.00600648	5000.000000	0.00541765	5000.000000	0.00539959	5000.000000	0.00600632	5000.000000	1.59416e-07
5250.000000	0.00884337	5250.000000	0.00609914	5250.000000	0.00544449	5250.000000	0.00542647	5250.000000	0.00609899	5250.000000	1.52336e-07
5500.000000	0.00906596	5500.000000	0.00619293	5500.000000	0.0054708 	5500.000000	0.00545281	5500.000000	0.00619278	5500.000000	1.45876e-07
6000.000000	0.00952537	6000.000000	0.00638324	6000.000000	0.00552172	6000.000000	0.00550378	6000.000000	0.00638311	6000.000000	1.34516e-07
6500.000000	0.0100022 	6500.000000	0.0065764 	6500.000000	0.00557031	6500.000000	0.00555242	6500.000000	0.00657628	6500.000000	1.24845e-07
7000.000000	0.0104952 	7000.000000	0.00677167	7000.000000	0.00561663	7000.000000	0.00559877	7000.000000	0.00677156	7000.000000	1.1651e-07
7500.000000	0.0110031 	7500.000000	0.00696853	7500.000000	0.00566074	7500.000000	0.00564292	7500.000000	0.00696842	7500.000000	1.09248e-07
8000.000000	0.0115254 	8000.000000	0.00716659	8000.000000	0.00570283	8000.000000	0.00568499	8000.000000	0.00716649	8000.000000	1.02863e-07
8500.000000	0.0120613 	8500.000000	0.00736555	8500.000000	0.00574287	8500.000000	0.00572511	8500.000000	0.00736545	8500.000000	9.72039e-08
9000.000000	0.0126105 	9000.000000	0.00756518	9000.000000	0.00578097	9000.000000	0.0057634 	9000.000000	0.00756509	9000.000000	9.21526e-08
9500.000000	0.0131725 	9500.000000	0.00776533	9500.000000	0.00581744	9500.000000	0.0058    	9500.000000	0.00776524	9500.000000	8.76151e-08
10000.000000	0.013747  	10000.000000	0.00796585	10000.000000	0.00585245	10000.000000	0.00583502	10000.000000	0.00796576	10000.000000	8.35161e-08
11000.000000	0.0149329 	11000.000000	0.00836759	11000.000000	0.00591815	11000.000000	0.00590073	11000.000000	0.00836752	11000.000000	7.63998e-08
12000.000000	0.0161668 	12000.000000	0.00876981	12000.000000	0.00597856	12000.000000	0.00596133	12000.000000	0.00876974	12000.000000	7.04315e-08
13000.000000	0.0174478 	13000.000000	0.0091721 	13000.000000	0.00603446	13000.000000	0.00601746	13000.000000	0.00917204	13000.000000	6.53519e-08
14000.000000	0.0187752 	14000.000000	0.00957421	14000.000000	0.0060865 	14000.000000	0.00606968	14000.000000	0.00957415	14000.000000	6.09747e-08
15000.000000	0.0201486 	15000.000000	0.00997594	15000.000000	0.00613514	15000.000000	0.00611844	15000.000000	0.00997589	15000.000000	5.71624e-08
16000.000000	0.0215677 	16000.000000	0.0103772 	16000.000000	0.00618072	16000.000000	0.00616415	16000.000000	0.0103771 	16000.000000	5.38114e-08
17000.000000	0.0230325 	17000.000000	0.0107779 	17000.000000	0.00622357	17000.000000	0.00620713	17000.000000	0.0107778 	17000.000000	5.08419e-08
18000.000000	0.0245428 	18000.000000	0.011178  	18000.000000	0.00626396	18000.000000	0.00624767	18000.000000	0.0111779 	18000.000000	4.81918e-08
19000.000000	0.0260985 	19000.000000	0.0115774 	19000.000000	0.00630214	19000.000000	0.00628601	19000.000000	0.0115774 	19000.000000	4.58117e-08
20000.000000	0.0276998 	20000.000000	0.0119762 	20000.000000	0.00633833	20000.000000	0.00632236	20000.000000	0.0119762 	20000.000000	4.3662e-08
21000.000000	0.0293467 	21000.000000	0.0123744 	21000.000000	0.00637269	21000.000000	0.00635691	21000.000000	0.0123743 	21000.000000	4.17105e-08
22000.000000	0.0310393 	22000.000000	0.0127718 	22000.000000	0.00640535	22000.000000	0.00638981	22000.000000	0.0127718 	22000.000000	3.99308e-08
23000.000000	0.0327777 	23000.000000	0.0131686 	23000.000000	0.00643654	23000.000000	0.0064212 	23000.000000	0.0131686 	23000.000000	3.83008e-08
24000.000000	0.0345621 	24000.000000	0.0135647 	24000.000000	0.00646636	24000.000000	0.00645122	24000.000000	0.0135647 	24000.000000	3.68024e-08
25000.000000	0.0363925 	25000.000000	0.0139602 	25000.000000	0.00649486	25000.000000	0.00647996	25000.000000	0.0139602 	25000.000000	3.542e-08
26000.000000	0.0382692 	26000.000000	0.0143551 	26000.000000	0.00652214	26000.000000	0.00650753	26000.000000	0.014355  	26000.000000	3.41405e-08
27000.000000	0.0401924 	27000.000000	0.0147493 	27000.000000	0.00654829	27000.000000	0.006534  	27000.000000	0.0147493 	27000.000000	3.29529e-08
28000.000000	0.0421622 	28000.000000	0.0151429 	28000.000000	0.00657343	28000.000000	0.00655947	28000.000000	0.0151429 	28000.000000	3.18473e-08
29000.000000	0.0441788 	29000.000000	0.0155359 	29000.000000	0.00659764	29000.000000	0.006584  	29000.000000	0.0155359 	29000.000000	3.08156e-08
30000.000000	0.0462425 	30000.000000	0.0159283 	30000.000000	0.00662099	30000.000000	0.00660765	30000.000000	0.0159283 	30000.000000	2.98505e-08
32000.000000	0.0505119 	32000.000000	0.0167114 	32000.000000	0.00666529	32000.000000	0.00665254	32000.000000	0.0167114 	32000.000000	2.80957e-08
34000.000000	0.0549722 	34000.000000	0.0174923 	34000.000000	0.00670667	34000.000000	0.00669454	34000.000000	0.0174923 	34000.000000	2.65409e-08
36000.000000	0.0596252 	36000.000000	0.0182711 	36000.000000	0.00674546	36000.000000	0.00673399	36000.000000	0.0182711 	36000.000000	2.51537e-08
38000.000000	0.0644728 	38000.000000	0.0190479 	38000.000000	0.00678192	38000.000000	0.00677116	38000.000000	0.0190478 	38000.000000	2.3908e-08
40000.000000	0.0695171 	40000.000000	0.0198227 	40000.000000	0.00681632	40000.000000	0.00680629	40000.000000	0.0198227 	40000.000000	2.2783e-08
42000.000000	0.07476   	42000.000000	0.0205957 	42000.000000	0.00684885	42000.000000	0.00683958	42000.000000	0.0205957 	42000.000000	2.17619e-08
44000.000000	0.0802036 	44000.000000	0.0213669 	44000.000000	0.0068797 	44000.000000	0.00687121	44000.000000	0.0213669 	44000.000000	2.08308e-08
46000.000000	0.0858501 	46000.000000	0.0221365 	46000.000000	0.00690904	46000.000000	0.00690132	46000.000000	0.0221364 	46000.000000	1.99782e-08
48000.000000	0.0917014 	48000.000000	0.0229044 	48000.000000	0.00693699	48000.000000	0.00693005	48000.000000	0.0229044 	48000.000000	1.91945e-08
50000.000000	0.0977598 	50000.000000	0.0236707 	50000.000000	0.0069636 	50000.000000	0.00695751	50000.000000	0.0236707 	50000.000000	1.84716e-08
