# Fitting the markers with func = [0]/x + pol6
# TeleNo     ParticleNo       Z         A          a0             a1             a2           a3             a4             a5             a6             a7
    0              0         1         1        2195.68       -4.37475      0.0163825   -1.06231e-05   -1.51515e-08    9.17594e-12    1.79664e-14   -1.27085e-17
    0              1         1         2       -481.338        29.7471     -0.0825676    0.000103645    -4.6231e-08   -1.33254e-11    1.76543e-14   -4.05034e-18
    0              2         1         3        -497.02        30.9006     -0.0637593    5.99501e-05   -2.04573e-08   -3.98945e-12    4.24227e-15   -7.45242e-19
    0              3         2         3        583.006        48.7258     -0.0468199    2.69089e-05   -6.05068e-09   -1.75474e-12    1.21348e-15   -1.79841e-19
    0              4         2         4        806.875        52.9017     -0.0438381    2.17844e-05   -4.62934e-09   -4.32487e-13     3.4335e-16   -3.93838e-20
    0              5         2         6        1075.16        62.4399     -0.0450122     2.0123e-05   -3.81131e-09   -4.06066e-13    2.68319e-16    -2.8836e-20
    0              6         3         6        1139.85        99.9266     -0.0569294    2.30974e-05   -4.22349e-09   -4.46991e-13    2.92271e-16   -3.10702e-20
    0              7         3         7        1740.47        103.395     -0.0518976    1.81106e-05   -2.65941e-09   -3.96988e-13    1.81629e-16   -1.64347e-20
    0              8         3         8        1722.61        110.909     -0.0557441    2.04451e-05   -3.37753e-09   -4.10031e-13    2.31368e-16   -2.32101e-20
    0              9         3         9        2321.59        113.768     -0.0524504     1.7561e-05   -2.59757e-09    -3.5459e-13    1.74239e-16   -1.64278e-20
    0             10         4         7        2406.53        140.609     -0.0501452    7.59875e-06    1.78497e-09   -4.06028e-13   -1.50852e-16    3.40093e-20
    0             11         4         9        1740.48        164.943     -0.0766939    3.18284e-05   -6.53704e-09   -6.56973e-13    5.13516e-16   -5.92339e-20
    0             12         4        10        2500.63        169.608      -0.072719    2.85669e-05   -5.72809e-09    -6.6641e-13    5.00289e-16   -5.93544e-20  
    0             13         5        10        529.414         237.87      -0.124454    7.16731e-05   -2.04211e-08   -2.94469e-12    2.93738e-15   -4.43062e-19
    0             14         5        11        2996.93        229.074     -0.0843793    3.01517e-05   -5.45327e-09   -7.03142e-13    4.33617e-16   -4.58508e-20
    0             15         5        12         2960.3        240.108     -0.0920149    3.61345e-05   -7.26953e-09   -1.14875e-12     7.6193e-16   -8.73437e-20
    0             16         6        12       -1646.91        303.662     -0.0860557    4.17484e-06    9.17672e-09   -6.68211e-13    -1.2013e-15    2.40329e-19
    0             17         6        13        18218.9        256.289     -0.0357711   -4.63015e-06    2.59941e-09    2.17527e-13   -2.02512e-16    2.16568e-20
    0             18         6        14        54022.6        176.113      0.0354618   -1.74914e-05   -4.74893e-09    1.39874e-12    8.38775e-16   -2.16384e-19       
    1              0         1         1        1119.89        1.75745     0.00277503   -4.39871e-06   -2.33817e-09    3.35689e-12    3.57276e-15   -3.07751e-18
    1              1         1         2        30.9564        22.0584     -0.0612034    8.06133e-05   -3.94302e-08   -8.09675e-12      1.348e-14   -3.23601e-18
    1              2         1         3       -91.6499        25.4563     -0.0537302    5.26937e-05   -1.89159e-08   -3.24321e-12    3.78393e-15    -6.7529e-19
    1              3         2         3        413.622        45.7145     -0.0447436     2.5758e-05   -6.28506e-09   -6.30505e-13    5.89184e-16   -7.77791e-20
    1              4         2         4        807.865        48.4874     -0.0397829    1.96283e-05   -4.13421e-09   -4.37231e-13    3.38568e-16   -4.04094e-20
    1              5         2         6        802.852        58.8823      -0.044074    2.06268e-05   -4.17287e-09   -2.97361e-13    2.44126e-16   -2.60645e-20
    1              6         3         6        1043.68        93.7773     -0.0552444    2.31116e-05    -4.2973e-09   -4.68565e-13    3.09157e-16    -3.3555e-20
    1              7         3         7        1156.72         100.51     -0.0592134    2.62114e-05   -5.46876e-09   -4.07063e-13    3.63984e-16    -4.1867e-20
    1              8         3         8        1138.45         107.61     -0.0627962    2.73222e-05   -5.32163e-09   -5.50125e-13    3.83153e-16   -4.19801e-20
    1              9         3         9        1930.43        107.978     -0.0538435    1.92723e-05   -2.90971e-09   -3.68432e-13    1.68269e-16   -1.38933e-20
    1             10         4         7        2624.23        131.839     -0.0531689    1.43886e-05   -1.11757e-09   -4.28427e-13    9.89525e-17   -4.78707e-21
    1             11         4         9        1874.52        154.798      -0.073493    3.04721e-05   -6.68614e-09   -2.74832e-13    4.03458e-16   -5.03078e-20
    1             12         4        10        1901.22        162.284     -0.0745157    2.89708e-05   -5.47811e-09   -5.46333e-13    3.97775e-16   -4.46684e-20
    1             13         5        10        1865.47        211.975     -0.0888054    3.30395e-05   -5.56835e-09   -7.96901e-13    4.30921e-16    -4.3429e-20
    1             14         5        11        2799.45        216.066     -0.0804832    2.52866e-05   -3.45589e-09   -5.61113e-13    2.44295e-16   -2.20429e-20
    1             15         5        12        2415.17        228.163     -0.0911146    3.27027e-05   -5.33051e-09   -8.49814e-13    4.48495e-16   -4.62214e-20
    1             16         6        12        1481.35         287.19      -0.112405    4.34948e-05   -6.73053e-09   -1.90234e-12    8.10308e-16   -7.52191e-20
    1             17         6        13        3839.08        285.212     -0.0932343    2.96982e-05   -4.54003e-09   -7.85839e-13    3.85768e-16   -3.65671e-20
    1             18         6        14          11240        266.247     -0.0540975    3.26848e-06    2.23993e-09   -2.49173e-13   -1.49179e-16    2.82202e-20
    1             19         7        15        99342.7        190.481      0.0214272   -8.61263e-06   -2.29854e-09    4.86982e-13    2.74431e-16   -5.73362e-20
    2              0         1         1        1443.06      -0.926863      0.0105096   -1.02707e-05   -9.33305e-09    8.93895e-12    1.31438e-14   -1.07586e-17
    2              1         1         2       -176.622        26.0151     -0.0785964    0.000108828   -5.43885e-08   -1.45268e-11    2.25362e-14   -5.60528e-18
    2              2         1         3        98.6829        25.4079     -0.0555841    5.60195e-05   -2.02919e-08   -4.04901e-12    4.51485e-15   -8.18552e-19
    2              3         2         3         677.18        44.7568     -0.0418463    2.31911e-05   -5.09903e-09   -1.17669e-12    7.86152e-16   -1.05111e-19
    2              4         2         4        853.333        49.6554     -0.0400364    1.85304e-05   -3.54839e-09   -3.22542e-13    2.19688e-16   -2.24335e-20
    2              5         2         6        848.268        59.9599     -0.0445168     2.0587e-05    -4.1284e-09   -3.33022e-13    2.60645e-16    -2.8372e-20
    2              6         3         6        1617.78         92.512     -0.0496885    1.84285e-05   -3.11755e-09   -3.27965e-13    2.09042e-16   -2.21787e-20
    2              7         3         7        1255.49        102.636     -0.0590341      2.456e-05    -4.6693e-09   -3.82516e-13    2.86903e-16   -3.05946e-20
    2              8         3         8        1226.85        110.021     -0.0645165     2.8444e-05   -5.69641e-09   -5.36312e-13    3.99387e-16   -4.41421e-20
    2              9         3         9        1340.31        115.716     -0.0675126    3.14538e-05   -7.13015e-09   -4.80572e-13    5.12961e-16   -6.32889e-20
    2             10         4         7        2015.69        141.491      -0.068933    2.77683e-05   -5.67286e-09   -4.42853e-13    4.06124e-16   -4.87698e-20
    2             11         4         9        1887.86        158.741     -0.0750437    2.99572e-05   -6.00697e-09   -3.49034e-13    3.47558e-16    -3.9411e-20
    2             12         4        10        2399.79        163.556     -0.0724487    2.74511e-05   -5.36843e-09   -3.35206e-13    3.28219e-16   -3.83371e-20
    2             13         5        10        1686.01        219.756      -0.097366    3.94493e-05   -7.80968e-09   -8.08778e-13    6.00854e-16   -6.84796e-20
    2             14         5        11        3001.58        219.594     -0.0797798    2.43127e-05   -3.33587e-09   -4.22222e-13    1.81532e-16   -1.41391e-20
    2             15         5        12        2868.35        229.617     -0.0845085    2.67686e-05   -3.93802e-09   -3.96807e-13    1.93329e-16   -1.52837e-20
    2             16         6        12        5771.15         272.32     -0.0790301    2.22829e-05   -3.31883e-09   -8.11894e-13    4.39474e-16   -5.08007e-20
    2             17         6        13        4543.56        288.974     -0.0903884    2.52921e-05   -2.62621e-09   -9.00048e-13    2.97671e-16   -2.35452e-20
    2             18         6        14        18255.5        255.923     -0.0430846    1.15187e-06    1.60188e-09   -1.36083e-13   -8.91873e-17    1.65295e-20
    2             19         7        15        76546.1        214.658      0.0211021   -1.05094e-05   -2.38165e-09    5.71857e-13    2.77394e-16   -5.84346e-20
    3              0         1         1        1747.57        -3.7508      0.0193325   -1.71491e-05   -1.80921e-08    1.61053e-11    2.58936e-14   -2.13993e-17
    3              1         1         2       -100.325        24.2402     -0.0683366    8.99426e-05   -4.22699e-08   -1.31119e-11     1.8237e-14   -4.42387e-18
    3              2         1         3       -92.6721        26.5898     -0.0574119    5.74476e-05   -2.12127e-08   -3.58324e-12    4.38212e-15   -8.03007e-19
    3              3         2         3        573.022        46.3019     -0.0462355    2.78746e-05   -7.06314e-09    -1.0377e-12    9.03849e-16   -1.29079e-19
    3              4         2         4        1069.89        48.3863     -0.0388529    1.88513e-05   -3.96972e-09   -4.16065e-13    3.27547e-16   -3.94673e-20
    3              5         2         6        1007.03        59.4107     -0.0437958    2.02398e-05   -4.06588e-09   -3.23256e-13    2.53576e-16   -2.72711e-20
    3              6         3         6        1470.37        94.7002     -0.0549876    2.23761e-05   -3.94008e-09   -5.10011e-13     2.9433e-16   -3.01703e-20
    3              7         3         7        1504.65        100.693      -0.056162    2.28917e-05   -4.26889e-09   -3.96418e-13    2.75034e-16   -2.88991e-20
    3              8         3         8        1809.18        105.448     -0.0528052    1.85124e-05   -2.75778e-09   -4.53644e-13    2.21059e-16   -2.20277e-20
    3              9         3         9        2028.55        111.382     -0.0566161     2.0782e-05   -3.26162e-09    -4.1698e-13    2.03415e-16   -1.77739e-20
    3             10         4         7        1534.86        143.876     -0.0737277    3.20742e-05   -6.97442e-09   -6.28511e-13    5.69941e-16   -7.06349e-20
    3             11         4         9        2084.01        156.549     -0.0668274    2.09177e-05   -2.54006e-09   -4.59833e-13    1.59767e-16    -1.1678e-20
    3             12         4        10        2077.29        166.776     -0.0765621    2.97978e-05   -5.60954e-09   -5.63118e-13    4.00306e-16   -4.41388e-20
    3             13         5        10        1214.17        225.345      -0.106978    4.90063e-05   -1.11385e-08   -1.34882e-12    1.14664e-15   -1.50995e-19    
    3             14         5        11         3389.5        218.119     -0.0756552     2.2027e-05   -3.02189e-09   -5.27205e-13    2.66596e-16   -2.86363e-20
    3             15         5        12        3232.66        231.071     -0.0897148    3.34263e-05   -6.33907e-09   -7.91332e-13    5.58761e-16   -6.59428e-20
    3             16         6        12         2724.2         279.66     -0.0741834    7.59151e-06    4.05976e-09   -5.95547e-13   -4.16646e-16    8.98643e-20
    3             17         6        13       -3024.76        327.962      -0.152838    6.95116e-05   -1.31425e-08   -3.21671e-12    1.77738e-15   -2.07464e-19
    3             18         6        14       -10778.6        373.591       -0.20343    9.63884e-05   -1.76749e-08   -4.09958e-12    2.13217e-15    -2.3385e-19
    4              0         1         1        1460.37      -0.764704      0.0102906   -1.01685e-05   -8.61153e-09    8.61548e-12    1.20161e-14   -1.00523e-17
    4              1         1         2        26.7691        22.9694     -0.0634393    8.27382e-05   -3.81881e-08   -1.22348e-11    1.63871e-14   -3.89579e-18
    4              2         1         3       -472.785        29.2511     -0.0615323    5.96501e-05   -2.11893e-08   -3.62906e-12    4.18888e-15   -7.43032e-19
    4              3         2         3        738.933        44.2354     -0.0404513    2.21837e-05   -4.94547e-09   -9.14263e-13    6.33908e-16    -8.1911e-20
    4              4         2         4        866.915        48.8579     -0.0390712    1.86331e-05   -3.74949e-09   -3.75998e-13    2.71567e-16   -3.01337e-20
    4              5         2         6        730.961        60.3746     -0.0447267     2.0615e-05   -4.02512e-09   -3.62021e-13    2.56472e-16   -2.69828e-20
    4              6         3         6        1296.35        94.1892     -0.0549992    2.38398e-05   -4.91483e-09   -4.18972e-13    3.62444e-16   -4.33523e-20
    4              7         3         7         1210.5        101.428     -0.0578529     2.4095e-05   -4.45485e-09   -4.82939e-13    3.12672e-16   -3.31813e-20
    4              8         3         8        1537.19        105.639     -0.0558901    2.16145e-05   -3.74691e-09   -3.66745e-13    2.26305e-16   -2.25381e-20
    4              9         3         9         1679.5        110.924     -0.0579066     2.2939e-05   -4.05708e-09   -4.92358e-13    2.94035e-16   -3.06137e-20
    4             10         4         7        2496.29        133.721     -0.0528303     1.3469e-05   -7.29122e-10   -3.66218e-13     3.8208e-17    3.47436e-21
    4             11         4         9        2201.37         153.87     -0.0685509    2.54123e-05    -4.2886e-09   -5.93976e-13    3.26175e-16   -3.28612e-20
    4             12         4        10        2160.11        162.382     -0.0708934    2.47636e-05   -3.53001e-09   -6.75953e-13    2.79577e-16   -2.41257e-20
    4             13         5        10         1966.3        213.189     -0.0875244    3.36305e-05   -6.95386e-09    -3.3815e-13    4.20338e-16    -5.1396e-20
    4             14         5        11        2642.06        218.681     -0.0844033     3.0296e-05   -5.54797e-09   -4.50612e-13    3.49647e-16   -3.87154e-20
    4             15         5        12        2411.29        228.698     -0.0861642    2.84847e-05   -4.60081e-09   -3.86347e-13    2.52775e-16   -2.53759e-20
    4             16         6        12        3657.59        277.945     -0.0904533    2.96923e-05   -4.79306e-09   -9.98811e-13    5.33162e-16   -5.87887e-20
    4             17         6        13        7689.63        276.048     -0.0826776    2.59406e-05   -3.52141e-09   -1.23388e-12    5.27238e-16   -5.37968e-20
    4             18         6        14        6224.78        295.767     -0.0983362    3.37827e-05   -5.28097e-09   -1.09339e-12    5.13172e-16   -4.98693e-20
    4             19         7        15         144315        144.194      0.0281794   -2.46456e-06   -2.00934e-09   -1.56789e-13    1.00491e-16    1.10286e-21   
    5              0         1         1        1492.48       -3.44187      0.0319463   -6.72571e-05    4.49011e-08    2.34158e-11   -4.25276e-14    1.44732e-17
    5              1         1         2       -325.339        25.3169     -0.0648602    7.74989e-05   -3.37045e-08   -7.19638e-12    9.96526e-15   -2.13423e-18
    5              2         1         3        10.0027        24.4565     -0.0452908    3.94677e-05   -1.28061e-08   -1.72232e-12    1.91972e-15   -3.06067e-19
    5              3         2         3         453.01        46.0635     -0.0401158    2.10268e-05   -4.60191e-09   -6.72374e-13    4.96772e-16   -6.36939e-20
    5              4         2         4        533.863        51.3221     -0.0399892      1.946e-05   -4.14717e-09   -3.52464e-13    2.95281e-16   -3.40534e-20
    5              5         2         6        920.993        58.7085     -0.0366601    1.43014e-05   -2.30157e-09   -2.85787e-13    1.48328e-16   -1.41104e-20
    5              6         3         6         1165.2        95.2585     -0.0503584    2.00056e-05   -3.72742e-09   -3.53157e-13    2.51481e-16   -2.73787e-20
    5              7         3         7        1220.73        102.324     -0.0533075    2.16527e-05    -4.2851e-09   -2.72581e-13    2.53056e-16   -2.85703e-20
    5              8         3         8         1837.5         103.13     -0.0400854     7.4347e-06    8.87444e-10   -3.08904e-13   -7.53635e-17    1.82607e-20
    5              9         3         9        1142.51         115.91     -0.0607338    2.67005e-05   -5.65906e-09   -5.01971e-13    4.22127e-16   -4.94628e-20
    5             10         4         7        1414.96         142.31      -0.061583    2.19964e-05   -3.85596e-09   -2.96768e-13    2.12837e-16   -2.15741e-20
    5             11         4         9        1577.38        158.833     -0.0663395    2.42426e-05   -4.38413e-09   -4.58329e-13    3.13129e-16   -3.42196e-20
    5             12         4        10        1831.22        166.806     -0.0700434    2.59519e-05   -4.48498e-09   -5.47216e-13    3.12597e-16   -3.08139e-20
    5             13         5        10        1389.54        221.968     -0.0959315    4.41048e-05   -1.06008e-08   -6.53775e-13    7.79482e-16    -9.7721e-20
    5             14         5        11         1902.9         226.53     -0.0860398    3.39761e-05   -7.40538e-09   -3.98964e-13    4.80327e-16    -5.8267e-20
    5             15         5        12        2805.26         230.64     -0.0814976    2.95513e-05   -5.72053e-09   -5.36482e-13    4.19911e-16   -4.77465e-20
    5             16         6        12        4980.41        272.177     -0.0597509    5.14547e-06    2.11882e-09   -2.55851e-13   -1.26763e-16    2.10637e-20
    5             17         6        13        7195.89        277.658     -0.0598146    5.17454e-06    2.38027e-09   -3.12093e-13   -1.54758e-16    2.76805e-20
    5             18         6        14        26586.1        223.603      0.0125004   -3.07856e-05    7.74496e-09    1.04486e-12   -6.75153e-16    7.26722e-20
    5             19         7        15         157725        147.805      0.0255171   -1.46781e-06   -1.34599e-09   -1.89722e-13     4.1499e-17    8.39477e-21
    6              0         1         1        1464.26     -0.0798493      0.0074548   -7.00419e-06   -8.58898e-09    6.79156e-12    1.29922e-14   -1.02682e-17
    6              1         1         2       -835.237        33.7876       -0.10651    0.000152235   -7.69282e-08   -2.50053e-11      3.712e-14   -9.52205e-18
    6              2         1         3       -45.8193        25.8621     -0.0526867    4.91428e-05   -1.63949e-08   -3.15473e-12     3.1977e-15   -5.37078e-19
    6              3         2         3        553.783        46.6434     -0.0470269    2.99797e-05    -8.1977e-09   -1.52657e-12    1.38147e-15   -2.15949e-19
    6              4         2         4        814.258        50.1475     -0.0413958    2.01277e-05   -3.91018e-09   -5.94338e-13    3.62254e-16   -4.07486e-20
    6              5         2         6        955.576        59.9095     -0.0440372    2.01524e-05   -3.89929e-09   -4.03407e-13    2.74198e-16   -2.96375e-20
    6              6         3         6        1398.49        94.8672     -0.0538407    2.20486e-05   -4.26573e-09   -3.37314e-13     2.7371e-16   -3.06047e-20
    6              8         3         8        1714.47        107.315     -0.0574729    2.25849e-05   -3.89702e-09   -5.08848e-13    2.87593e-16   -2.91271e-20
    6              7         3         7        1593.95        100.385     -0.0544382    2.12527e-05   -3.62693e-09   -4.73738e-13     2.6515e-16   -2.67939e-20
    6              9         3         9        1324.28        116.835     -0.0672342    2.93582e-05   -5.65402e-09    -5.8141e-13    3.83169e-16   -3.95206e-20
    6             10         4         7        1285.71        145.121     -0.0738777    3.17267e-05   -6.93782e-09   -4.17799e-13    4.52196e-16   -5.34434e-20
    6             11         4         9        2143.16         156.76      -0.067715    2.21927e-05   -2.85379e-09   -4.93509e-13    1.66627e-16   -1.04609e-20
    6             12         4        10        2940.51        162.773     -0.0702015    2.62075e-05   -4.73961e-09   -5.93732e-13    3.76131e-16   -4.09024e-20
    6             13         5        10        2245.29        217.807     -0.0878764    3.13487e-05   -5.12067e-09   -1.15899e-12    6.30763e-16    -7.3683e-20   
    6             14         5        11        2553.07        224.348      -0.086583    2.99494e-05   -5.06475e-09   -5.60742e-13    3.58707e-16   -3.94356e-20
    6             15         5        12        2922.11        232.801     -0.0897945     3.2081e-05   -5.87955e-09   -4.76623e-13    3.74536e-16   -4.16561e-20
    6             16         6        12        6323.85        267.118     -0.0598212    3.72192e-06    2.67777e-09   -2.59828e-13   -1.76077e-16    3.12647e-20
    6             17         6        13        3640.66        286.795      -0.072056    6.39145e-06    4.09235e-09   -5.88636e-13   -3.54226e-16    7.52099e-20
    6             18         6        14       -7375.66        350.709      -0.159735    6.36174e-05    -8.1968e-09   -3.62553e-12    1.39197e-15   -1.34114e-19
    7              0         1         1        1281.34      -0.913261      0.0140634   -1.65994e-05   -1.77771e-08    2.04527e-11    3.48033e-14   -3.39186e-17
    7              1         1         2       -146.041        24.7026     -0.0750539    0.000105983    -5.4355e-08    -1.3573e-11    2.22159e-14   -5.61103e-18
    7              2         1         3       -4.85322        25.0001     -0.0552307    5.69739e-05   -2.15648e-08   -3.95962e-12     4.8724e-15    -9.2458e-19
    7              3         2         3        745.213          42.84     -0.0391391    2.04953e-05   -4.15767e-09    -1.1157e-12    7.29415e-16   -1.04404e-19
    7              4         2         4        922.682        47.5241     -0.0389241    1.86388e-05   -3.76863e-09   -3.67657e-13    2.77643e-16   -3.22191e-20
    7              5         2         6        1003.36        56.7409     -0.0399503    1.65809e-05   -2.68278e-09   -4.00548e-13    1.94623e-16   -1.83385e-20
    7              6         3         6        1376.38         91.345     -0.0525878    2.07274e-05   -3.57358e-09   -3.97682e-13    2.33736e-16   -2.30377e-20
    7              7         3         7        1135.92        101.537     -0.0649385    3.14903e-05   -7.18858e-09   -5.02833e-13    5.11949e-16   -6.15011e-20
    7              8         3         8        1495.17        105.009     -0.0596167    2.45016e-05   -4.35425e-09   -5.65825e-13     3.2217e-16   -3.22949e-20
    7              9         3         9        1901.69         107.84     -0.0551126    1.93481e-05   -2.71051e-09   -4.20615e-13    1.73936e-16   -1.42728e-20
    7             10         4         7        1474.25        138.798     -0.0677588    2.30256e-05   -2.58453e-09   -6.90947e-13    1.74879e-16   -4.84395e-21
    7             11         4         9        1987.51        152.386     -0.0678318    2.21519e-05   -2.67789e-09   -6.13372e-13    2.02284e-16   -1.39056e-20
    7             12         4        10        1923.72        162.674     -0.0784616    3.16221e-05   -6.21074e-09    -5.2431e-13    4.21207e-16   -4.73997e-20
    7             13         5        10        1768.65        213.787     -0.0964784     3.9347e-05    -7.7741e-09   -7.68163e-13    5.76104e-16   -6.51252e-20
    7             14         5        11        2941.86        214.386     -0.0801026     2.3628e-05   -2.56586e-09   -6.57497e-13    2.11756e-16   -1.58277e-20
    7             15         5        12        2450.04        231.067      -0.116289    8.00739e-05   -4.71011e-08    1.73145e-11   -3.33593e-15    2.56032e-19
    7             16         6        12        4424.32        271.688     -0.0871654    2.57238e-05    -3.5653e-09   -6.57233e-13    3.01947e-16   -2.86567e-20
    7             17         6        13        16304.4        228.887    -0.00896788   -2.72835e-05    9.72233e-09    3.53159e-13   -6.72903e-16    8.63891e-20
    7             18         6        14        26582.2        204.336      0.0318185   -5.20049e-05    1.50804e-08    1.36142e-12   -1.30344e-15    1.61059e-19
    8              0         1         1        4126.14       -34.4738       0.176093   -0.000380354    2.55988e-07    3.12847e-10   -5.76036e-13    2.45591e-16
    8              1         1         2       -696.805        34.4034      -0.114237    0.000168194   -8.51579e-08   -3.59945e-11    5.10171e-14   -1.36703e-17
    8              2         1         3       -394.609        31.5158     -0.0759233    8.16196e-05   -2.92318e-08    -1.1722e-11    1.14556e-14   -2.31273e-18
    8              3         2         3        695.065        47.5939     -0.0510568    3.29214e-05   -9.14941e-09   -1.43908e-12    1.41611e-15   -2.24903e-19
    8              4         2         4        1118.66        50.2047     -0.0426981    2.05737e-05   -4.01442e-09   -4.91385e-13    3.12765e-16   -3.39333e-20
    8              5         2         6        1046.13        61.6164      -0.048366    2.29472e-05   -4.63369e-09   -4.48721e-13    3.28894e-16   -3.64683e-20
    8              6         3         6        1756.01        95.3373     -0.0546255    2.08527e-05   -3.42742e-09    -4.8794e-13    2.67925e-16       -2.8e-20
    8              7         3         7        1781.34        102.784     -0.0579857     2.2429e-05   -3.89479e-09   -3.98325e-13    2.53674e-16   -2.66593e-20
    8              8         3         8        1566.35        110.974     -0.0640418    2.65526e-05   -5.04149e-09   -4.96711e-13    3.50976e-16    -3.8386e-20
    8              9         3         9        2112.78        114.068     -0.0603528    2.27229e-05   -3.86498e-09   -4.07264e-13    2.45455e-16    -2.4601e-20
    8             10         4         7        2413.62        141.612     -0.0651744    2.14835e-05   -2.93398e-09   -5.32136e-13    2.30001e-16   -2.13745e-20
    8             11         4         9        1946.36        163.308     -0.0794418    3.10236e-05   -5.67626e-09   -6.74662e-13    4.36875e-16   -4.79376e-20
    8             12         4        10        2292.63        169.331     -0.0790325    3.02896e-05   -5.47372e-09   -7.92699e-13    4.96844e-16   -5.69531e-20
    8             13         5        10        2455.72        219.915     -0.0904613    3.04807e-05    -4.5784e-09   -6.08452e-13    3.03633e-16   -2.89188e-20
    8             14         5        11        3588.15        222.298     -0.0810718    2.56172e-05   -4.26112e-09    -5.0311e-13    3.38624e-16   -3.86457e-20
    8             15         5        12        3281.87        234.671     -0.0905704    3.11121e-05   -5.24168e-09   -7.11838e-13    4.23505e-16   -4.51656e-20
    8             16         5        13        3696.12        238.631     -0.0789218    1.87246e-05   -1.28797e-09   -4.28616e-13    7.85308e-17    -8.0638e-22
    8             17         6        12        4309.28        283.063     -0.0841946    1.95158e-05   -1.10419e-09   -7.64629e-13    2.10262e-16   -1.76949e-20
    8             18         6        13        6415.41        284.005     -0.0700276     6.8351e-06    2.60904e-09   -3.53507e-13   -1.67689e-16    2.98034e-20
    8             19         6        14        18295.8        248.324    -0.00855075   -3.11782e-05    1.10761e-08    6.52711e-13    -8.7353e-16    1.09316e-19
    8             20         7        15         117171        180.275      0.0265654   -6.89283e-06   -2.54405e-09    2.29186e-13    2.78567e-16   -4.85772e-20
    9              0         1         1        128.192        16.8746     -0.0533435    7.89248e-05   -4.21721e-08   -1.23427e-11    2.03021e-14   -5.41109e-18
    9              1         1         2        75.1633        20.7899     -0.0398393    3.42115e-05   -1.00921e-08   -2.42708e-12    2.02844e-15   -3.20436e-19
    9              2         1         3         346.53        20.7325     -0.0267192     1.4567e-05   -2.13543e-09   -7.21082e-13    2.35328e-16     -1.372e-20
    9              3         2         3        644.957        47.0623     -0.0384238    1.89134e-05   -3.94333e-09   -4.08821e-13    3.07011e-16   -3.53372e-20
    9              4         2         4        499.808          54.34     -0.0429294    2.06651e-05   -4.21352e-09   -3.24868e-13    2.60333e-16   -2.81927e-20
    9              5         2         6        554.765        64.8459     -0.0449511    2.00266e-05   -3.88223e-09   -3.44459e-13    2.50664e-16   -2.67464e-20
    9              6         3         6        910.765        102.046     -0.0520151    1.82731e-05    -2.6478e-09   -4.62972e-13    2.14587e-16   -2.09151e-20
    9              7         3         7        1680.07        103.008     -0.0408851    7.24686e-06    1.06622e-09   -3.02414e-13   -8.87203e-17    1.98014e-20
    9              8         3         8        938.006        116.864     -0.0617911    2.59036e-05   -5.11434e-09   -4.68884e-13    3.53498e-16   -3.88637e-20
    9              9         3         9        1453.58        119.467     -0.0556904    1.89175e-05   -2.44462e-09   -5.42881e-13    2.01667e-16   -1.65647e-20
    9             10         4         7        781.265        156.598     -0.0811457    4.05248e-05   -1.05849e-08    -1.3004e-12    1.36743e-15   -2.07555e-19
    9             11         4         9        1074.77        172.136     -0.0805634    3.58982e-05   -8.05633e-09   -8.93299e-13    7.68392e-16   -9.85104e-20
    9             12         4        10        999.542        180.952     -0.0832599     3.5479e-05   -7.58182e-09   -6.81061e-13    6.10702e-16   -7.59763e-20
    9             13         4        11        2875.01        219.345     -0.0598665    -3.1473e-07    1.14293e-08   -1.28315e-12    -2.9849e-15     9.7798e-19
    9             13         5        10        2875.01        219.345     -0.0598665    -3.1473e-07    1.14293e-08   -1.28315e-12    -2.9849e-15     9.7798e-19
    9             14         5        11        3458.39        225.129      -0.055745   -1.66391e-07    6.73327e-09   -3.89735e-13   -1.06539e-15    2.52216e-19
   10              0         1         1       -208.914        21.2624     -0.0836439    0.000149505   -9.79845e-08    -2.5426e-11    5.70249e-14    -1.7928e-17
   10              1         1         2        59.1265        20.4218     -0.0446014    4.34691e-05   -1.46268e-08    -3.6852e-12    3.53103e-15   -6.20126e-19
   10              2         1         3         261.73        21.0604     -0.0331307    2.30466e-05   -5.22237e-09   -1.33815e-12     8.0295e-16   -9.92599e-20
   10              3         2         3        403.418        47.5045     -0.0444665    2.49126e-05    -5.8357e-09   -8.69048e-13    6.93352e-16   -9.48322e-20
   10              4         2         4        516.889        52.4961     -0.0425855    2.03055e-05   -4.08911e-09    -3.0976e-13    2.46002e-16   -2.63002e-20
   10              5         2         6        492.718        64.1453     -0.0489975    2.37708e-05   -5.09038e-09    -3.7359e-13    3.37436e-16   -3.88676e-20
   10              6         3         6        684.055        101.375     -0.0578162     2.2446e-05   -3.64445e-09   -4.61739e-13    2.29208e-16   -2.00594e-20
   10              7         3         7        636.864        110.508      -0.067373    3.14504e-05   -7.00712e-09   -5.27057e-13    5.13742e-16   -6.21327e-20
   10              8         3         8        1151.72        113.171     -0.0603746    2.38192e-05   -4.27709e-09     -4.836e-13    3.05236e-16   -3.20713e-20
   10              9         3         9        534.853        125.392      -0.079018    4.04003e-05   -9.85055e-09   -5.63598e-13    6.90504e-16   -8.52552e-20
   10             10         4         7        525.392        156.792      -0.091802    5.19183e-05   -1.57506e-08    -1.4828e-12    2.13362e-15   -3.55755e-19
   10             11         4         9        954.408        171.636     -0.0875204    3.94002e-05   -8.36867e-09   -1.35019e-12    9.72852e-16   -1.25505e-19
   10             12         4        10        1188.27        179.442     -0.0933579    4.72106e-05   -1.25369e-08   -9.70007e-13    1.26306e-15   -1.85823e-19
   11              0         1         1        -197.61        20.4224     -0.0764041    0.000131416   -8.44784e-08   -1.77819e-11    4.24231e-14   -1.28406e-17
   11              1         1         2       -20.0223        21.6182     -0.0486056    4.89736e-05   -1.80248e-08   -2.80835e-12    3.49342e-15   -6.32548e-19
   11              2         1         3         248.23        21.1872      -0.032401    2.09461e-05   -3.74398e-09   -1.36294e-12    5.43009e-16   -3.98244e-20
   11              3         2         3        371.056         48.659     -0.0482206    2.89098e-05   -7.31176e-09   -9.33869e-13    8.32085e-16   -1.14037e-19
   11              4         2         4        515.409        53.3152     -0.0448912     2.2527e-05   -4.83634e-09   -3.43186e-13    3.10514e-16   -3.52784e-20
   11              5         2         6        496.193        64.8992     -0.0517601    2.67514e-05   -6.24183e-09   -4.13223e-13    4.48338e-16   -5.52679e-20
   11              6         3         6        528.464         104.57     -0.0700131    3.60846e-05   -9.00249e-09    -9.2182e-13    9.77516e-16   -1.41934e-19
   11              7         3         7        845.645        109.974     -0.0691119    3.37361e-05   -7.91308e-09   -6.72306e-13    6.88142e-16   -9.12449e-20
   11              8         3         8        1478.78        110.637     -0.0531888    1.21113e-05    2.22485e-09   -8.85527e-13   -2.98664e-16    9.02961e-20
   11              9         3         9        601.817        126.624     -0.0871406    5.28444e-05   -1.58285e-08   -1.91533e-12    2.36181e-15   -3.97742e-19
   11             10         4         7        644.488         159.33      -0.110955    8.61993e-05   -3.63026e-08   -7.16522e-12    1.20332e-14   -2.91687e-18
   11             11         4         9        572.633        177.602      -0.112176    7.04969e-05    -2.0751e-08   -4.37874e-12    4.17747e-15   -7.01492e-19
   11             12         4        10        1733.29        175.803     -0.0849871    3.67848e-05   -7.82675e-09   -1.65664e-12    1.37106e-15   -2.30153e-19
   12              0         1         1       -509.705        25.6816      -0.100818    0.000175821   -1.11501e-07   -2.98442e-11    6.26886e-14   -1.90041e-17
   12              1         1         2        43.0635        21.0103     -0.0470456    4.76547e-05    -1.7496e-08   -3.17183e-12    3.72568e-15   -6.81063e-19
   12              2         1         3        367.993        20.2436     -0.0308849    2.10368e-05   -4.95897e-09   -9.58638e-13    6.53329e-16   -8.49084e-20
   12              3         2         3        546.334        46.7347     -0.0437601    2.37197e-05   -5.29614e-09   -5.99346e-13    4.68711e-16   -5.69481e-20
   12              4         2         4        932.225        49.2723     -0.0392782    1.83321e-05   -3.56157e-09   -3.07577e-13    2.22473e-16   -2.36256e-20
   12              5         2         6        810.955        61.5956     -0.0463386    2.23508e-05    -4.8016e-09   -3.78972e-13    3.36866e-16   -3.93684e-20
   12              6         3         6        1234.25        99.2319     -0.0601079    2.59755e-05   -5.15084e-09   -4.95701e-13     3.8191e-16   -4.41084e-20
   12              7         3         7        1074.96        107.255     -0.0655722     2.9542e-05   -6.20233e-09   -4.77612e-13    4.28788e-16   -5.02022e-20
   12              8         3         8        894.942        116.014     -0.0741482    3.63232e-05   -8.32966e-09   -5.46513e-13      5.776e-16   -6.95623e-20
   12              9         3         9        1240.85        119.462     -0.0707703     3.2374e-05    -6.8548e-09   -6.42718e-13    5.27507e-16   -6.20675e-20
   12             10         4         7        867.057        153.152     -0.0905581    4.72344e-05   -1.16248e-08   -1.98145e-12    1.62932e-15   -2.32772e-19
   12             11         4         9        1875.79        162.924       -0.07369    2.43489e-05   -2.64537e-09   -7.70733e-13    1.76278e-16    -8.4832e-22
   12             12         4        10           1862        172.677     -0.0820525     3.0923e-05   -4.69435e-09   -8.36654e-13    3.29178e-16   -2.14826e-20
   12             13         5        10        2146.37          223.5     -0.0955295    3.73424e-05   -6.63974e-09   -1.86525e-12    1.12835e-15   -1.52309e-19
   12             14         5        11        1029.66        241.183      -0.116747    5.45779e-05   -1.21768e-08    -1.9748e-12    1.48966e-15   -1.97451e-19
   12             15         5        12        4531.25          228.9     -0.0716665    7.33488e-06    7.20352e-09   -1.10911e-12   -1.14269e-15    2.92835e-19   
   13              0         1         1        15.7425        18.1821     -0.0682841     0.00011802   -7.53108e-08   -1.76791e-11    3.94805e-14   -1.18809e-17
   13              1         1         2        58.7359         20.712      -0.045206    4.42923e-05   -1.51682e-08    -3.7816e-12    3.77377e-15   -6.85937e-19
   13              2         1         3        362.465        20.4229      -0.031722     2.1948e-05   -5.10142e-09   -1.14535e-12     7.3664e-16   -9.44126e-20
   13              3         2         3        582.273        45.9096      -0.041341    2.18545e-05    -4.8665e-09   -5.43918e-13    4.39204e-16   -5.49333e-20
   13              4         2         4        453.697        52.9198     -0.0454556    2.31628e-05   -5.07732e-09   -3.23916e-13    3.19899e-16   -3.70352e-20
   13              5         2         6        604.604        63.2447     -0.0498567    2.50179e-05   -5.50566e-09   -4.07577e-13    3.78726e-16   -4.43454e-20
   13              6         3         6         1138.4        98.4285     -0.0578761    2.38202e-05   -4.31383e-09   -5.50053e-13    3.40368e-16   -3.66033e-20
   13              7         3         7        747.191        109.208       -0.06951    3.34086e-05   -7.65595e-09   -4.36553e-13     5.0931e-16   -6.19229e-20
   13              8         3         8        1080.01        113.847     -0.0692805    3.25049e-05   -7.23245e-09   -5.52568e-13    5.29009e-16   -6.34581e-20
   13              9         3         9        1153.19        119.213     -0.0705483    3.30981e-05   -7.39214e-09   -6.00444e-13    5.63476e-16   -6.85477e-20
   13             10         4         7        1084.12        152.864     -0.0925137     5.2782e-05   -1.58809e-08   -1.39887e-12    2.05395e-15   -3.38525e-19
   13             11         4         9        1321.06         166.45     -0.0848074    3.65511e-05   -7.48293e-09   -8.70138e-13    6.74326e-16   -8.42376e-20
   13             12         4        10        1597.39        174.159     -0.0875707    3.79643e-05   -7.85627e-09   -7.82796e-13    6.21306e-16    -7.3132e-20
   13             13         5        11        5651.91        212.437     -0.0540345   -1.11408e-06    6.18907e-09   -1.88898e-13    -9.1326e-16    2.06438e-19
   14              0         1         1       -226.807        21.5916     -0.0920636    0.000180205   -1.26257e-07   -5.46336e-11    1.14453e-13    -4.0738e-17
   14              1         1         2        7.98938        21.1216     -0.0529537    5.99757e-05   -2.44972e-08   -5.85497e-12    7.43007e-15   -1.57986e-18
   14              2         1         3        331.347         20.167     -0.0339523    2.41978e-05   -4.63082e-09   -2.25744e-12    1.06409e-15   -1.11053e-19
   14              3         2         3        515.875         46.676     -0.0507863    3.36822e-05   -9.53161e-09   -1.34761e-12    1.37945e-15   -2.16941e-19
   14              4         2         4        786.689        49.9733     -0.0450053    2.44193e-05   -5.78222e-09   -4.06631e-13    4.33211e-16   -5.44251e-20
   14              5         2         6        578.926        63.0403     -0.0564951     3.2379e-05   -8.15807e-09   -6.03904e-13    6.71759e-16   -8.72257e-20
   14              6         3         6        997.305        99.1998     -0.0697506    3.64224e-05   -8.91307e-09    -1.0408e-12    9.85604e-16   -1.37482e-19
   14              7         3         7        1125.72         105.46     -0.0694109    3.33294e-05   -7.29924e-09   -9.16703e-13    7.31427e-16    -9.3599e-20
   14              8         3         8        1161.33        111.632     -0.0711926    3.28179e-05   -6.52635e-09   -1.06759e-12    6.79211e-16   -7.81221e-20
   14              9         3         9        1192.62        118.825     -0.0780614    3.89114e-05   -8.60595e-09   -1.37708e-12    1.02179e-15   -1.33281e-19
   14             10         4         7        1055.45        149.745     -0.0905522     4.7074e-05   -1.20002e-08   -3.69231e-12    3.56884e-15   -7.12261e-19
   14             11         4         9        868.947        170.792      -0.109565    6.43061e-05   -1.87582e-08   -2.48096e-12    2.87298e-15   -4.77238e-19
   14             12         4        10        1531.25        175.089      -0.102601    5.29916e-05   -1.25801e-08   -2.62304e-12    2.02264e-15   -2.92284e-19
   14             13         5        11        1932.28         232.77       -0.11115     4.9168e-05   -6.57736e-09   -7.19972e-12    3.52562e-15   -4.21097e-19
   15              0         1         1        121.978        17.3353     -0.0575681    8.78307e-05   -4.95155e-08   -9.58491e-12    1.94238e-14   -5.12388e-18
   15              1         1         2       -141.377        22.9409     -0.0467226    4.27325e-05     -1.409e-08   -2.58545e-12    2.65566e-15   -4.46646e-19
   15              2         1         3        280.212        21.7568     -0.0313259    2.02567e-05   -4.64908e-09   -7.04029e-13     4.8319e-16   -5.80808e-20
   15              3         2         3        446.412        48.4701      -0.042884    2.28493e-05   -5.22889e-09   -4.54008e-13    4.08476e-16   -4.94466e-20
   15              4         2         4        667.319        52.9467     -0.0413957    1.91411e-05   -3.67855e-09   -2.85729e-13    2.07678e-16   -2.12133e-20
   15              5         2         6        844.378        62.6396      -0.041403    1.69765e-05   -2.94211e-09   -3.07986e-13      1.834e-16   -1.81228e-20
   15              6         3         6        1164.89        102.154     -0.0560417     2.2323e-05   -4.20734e-09   -3.32304e-13    2.63883e-16   -2.91863e-20
   15              7         3         7        980.192        109.851     -0.0614392    2.59769e-05   -5.07646e-09   -4.27932e-13    3.26302e-16    -3.5264e-20
   15              8         3         8        1513.17        112.608      -0.055001    1.98402e-05   -3.27148e-09   -3.68602e-13    2.20601e-16   -2.31061e-20
   15              9         3         9        1260.97        121.984      -0.066452    2.95562e-05   -6.45416e-09   -4.02054e-13    4.25279e-16   -5.08287e-20
   15             10         4         7        737.788        155.582     -0.0792003    3.37554e-05   -6.64708e-09   -6.82156e-13    4.74838e-16   -5.07301e-20
   15             11         4         9        1564.46         169.07     -0.0763289    2.98369e-05    -5.5798e-09    -5.5546e-13    3.76175e-16    -3.9097e-20
   15             12         4        10        1188.58        181.619     -0.0883833    3.90836e-05    -8.4739e-09   -6.76027e-13    6.17651e-16   -7.34096e-20
   15             13         5        10        3067.37        218.503     -0.0658686    9.72345e-06    3.09182e-09   -7.63347e-13   -3.16946e-16    8.18226e-20
   15             14         5        11        3093.79        232.422      -0.082243    2.77963e-05   -4.72203e-09   -8.29921e-13    4.93409e-16   -5.74686e-20
   15             15         5        12        7654.41        220.474     -0.0496784    3.06846e-06    2.08306e-09   -1.98687e-13   -1.25413e-16    2.09332e-20
   16              0         1         1       -372.406        23.4928     -0.0967058    0.000182289   -1.28959e-07   -2.71082e-11    7.42667e-14   -2.44803e-17
   16              1         1         2        45.8471         20.177      -0.044527    4.42773e-05    -1.5466e-08   -3.57861e-12    3.65682e-15   -6.54916e-19
   16              2         1         3        231.161        20.8351     -0.0325055    2.23853e-05   -5.06391e-09   -1.22826e-12    7.37375e-16   -8.86944e-20
   16              3         2         3        443.388        46.2783     -0.0427319    2.33747e-05   -5.37116e-09   -6.50121e-13    5.28217e-16   -6.77302e-20
   16              4         2         4        457.534        51.8955     -0.0432588    2.12629e-05   -4.47074e-09   -2.95735e-13     2.6924e-16   -3.00423e-20
   16              5         2         6        680.078        61.2317     -0.0443506    1.98841e-05   -3.89485e-09   -2.78747e-13    2.25854e-16   -2.42188e-20
   16              6         3         6        649.042        100.941      -0.064214    2.96102e-05   -6.27993e-09   -4.47142e-13    4.07717e-16   -4.64313e-20
   16              7         3         7        933.856        105.947      -0.062072    2.67476e-05   -5.44974e-09   -3.61524e-13     3.3543e-16    -3.8022e-20
   16              8         3         8        643.169         115.34     -0.0723866    3.51113e-05   -8.08825e-09   -4.82025e-13    5.43622e-16   -6.57487e-20
   16              9         3         9         979.88        119.293      -0.069821    3.18565e-05   -6.80712e-09    -5.3112e-13    4.70788e-16   -5.43954e-20
   16             10         4         7        722.629        153.808     -0.0931137    4.95616e-05   -1.23558e-08   -1.39261e-12    1.26925e-15   -1.66673e-19
   16             11         4         9        1099.76        167.983     -0.0876457    3.89439e-05    -8.2443e-09   -7.49884e-13    6.12389e-16    -7.0199e-20
   16             12         4        10         1235.8         176.19     -0.0925239     4.1835e-05   -8.84189e-09   -8.49784e-13    6.68963e-16   -7.64167e-20
   16             13         5        11        2360.35        227.204      -0.074706    8.29856e-06    7.31617e-09   -1.35093e-12   -1.07531e-15    2.93347e-19
   17              0         1         1        29.3637         19.561     -0.0722331    0.000118658   -7.07619e-08   -1.77226e-11    3.52338e-14   -1.01033e-17
   17              1         1         2       -119.695        23.4064     -0.0519623    5.14126e-05   -1.84629e-08   -3.65303e-12    4.16471e-15   -7.76789e-19
   17              2         1         3        261.218        22.3639     -0.0348857    2.33381e-05   -4.77637e-09   -1.44001e-12    7.35814e-16   -7.90402e-20
   17              3         2         3        401.954          49.89     -0.0474609    2.67329e-05   -6.28921e-09   -8.61862e-13    6.93865e-16   -9.15972e-20
   17              4         2         4        609.901        54.7689     -0.0450593     2.1916e-05   -4.58732e-09   -3.52171e-13    3.03321e-16   -3.46526e-20
   17              5         2         6         790.74         64.858     -0.0471838    2.14317e-05   -4.16616e-09   -4.03831e-13    2.84477e-16   -3.07947e-20
   17              6         3         6        1149.42        101.858     -0.0545908    1.97773e-05   -3.03923e-09    -4.3508e-13    2.22974e-16   -2.23196e-20
   17              7         3         7        997.299        110.702     -0.0607851    2.44039e-05   -4.55012e-09    -4.2521e-13    3.00481e-16   -3.19931e-20
   17              8         3         8         1028.9        118.286     -0.0641018    2.57814e-05   -4.93945e-09   -3.98371e-13    3.19407e-16   -3.55013e-20
   17              9         3         9        733.728         127.95     -0.0748646      3.459e-05   -7.53286e-09   -6.65511e-13    5.78925e-16   -6.87745e-20
   17             10         4         7        861.354        157.729     -0.0795473    2.98774e-05   -2.89925e-09   -1.68499e-12    3.68801e-16    4.82957e-21
   17             11         4         9        1097.45        174.845     -0.0839299    3.61726e-05   -7.86673e-09   -9.11366e-13    7.59124e-16   -9.79306e-20
   17             12         4        10        1311.76        182.159      -0.085096    3.59036e-05   -7.74128e-09   -7.19266e-13    6.49388e-16    -8.1858e-20
   17             13         5        11        3528.17        231.075     -0.0625086    2.77558e-06    5.47623e-09   -4.65891e-13   -6.83247e-16    1.47968e-19
   18              0         1         1        83.2964        10.2083     -0.0381989    6.22688e-05    -3.7312e-08   -6.62047e-12     1.5186e-14   -4.19125e-18
   18              1         1         2        13.5218        12.7527     -0.0310184    3.31207e-05   -1.28334e-08    -2.2229e-12    2.83998e-15   -5.39677e-19
   18              2         1         3        330.584        11.1348      -0.018019    1.24765e-05   -2.70674e-09   -7.68473e-13    4.27632e-16   -4.97232e-20
   18              3         2         3        485.071        27.1016     -0.0293575    1.80306e-05   -4.51658e-09   -5.61862e-13    4.91368e-16   -6.61927e-20  
   18              4         2         4        665.357        29.5011     -0.0271885    1.41842e-05   -3.13325e-09   -1.89911e-13    1.92568e-16   -2.21028e-20
   18              5         2         6        585.421        36.7231     -0.0322567    1.68601e-05   -3.70553e-09   -2.94825e-13    2.55473e-16   -2.92267e-20
   18              6         3         6        757.655        59.5895     -0.0423462    1.99667e-05   -4.19037e-09   -2.93438e-13    2.63439e-16   -2.96366e-20
   18              7         3         7        972.407        62.6762      -0.042041    1.90994e-05    -3.7883e-09   -3.91022e-13    2.80306e-16   -3.13474e-20
   18              8         3         8        836.767        67.7763     -0.0457896    2.11804e-05    -4.2985e-09   -3.93222e-13    2.96828e-16   -3.26496e-20
   18              9         3         9         1374.1        67.8761     -0.0407833    1.69057e-05   -3.01696e-09   -3.73885e-13    2.23336e-16   -2.32599e-20
   18             10         4         7        966.632        90.3876     -0.0576886    2.88908e-05    -6.5881e-09   -1.21675e-12    9.46373e-16   -1.34898e-19
   18             11         4         9        925.618        101.227     -0.0613089    2.90507e-05    -6.2939e-09   -7.35088e-13    5.74192e-16   -7.04588e-20
   18             12         4        10        906.795        107.125     -0.0661421    3.24209e-05   -7.28966e-09   -6.02098e-13    5.42613e-16   -6.41183e-20
   18             13         5        10        2659.53        124.299     -0.0421417     2.0479e-06    5.49797e-09   -5.36809e-13   -9.68544e-16    2.46169e-19
   18             14         5        11        1842.37        133.501     -0.0475509    3.97626e-06    5.28594e-09   -6.10537e-13   -8.03198e-16    1.89088e-19
   18             15         5        12        5683.14        124.175      -0.028876   -5.50451e-06    4.86301e-09    5.51986e-13   -7.97892e-16    1.27211e-19
   19              0         1         1        599.452        2.10325    -0.00467758     3.9843e-06    7.67701e-10   -1.24944e-12   -6.75564e-16    4.82348e-19
   19              1         1         2        160.099        10.5224     -0.0280686    3.28416e-05   -1.37106e-08   -2.82377e-12    3.75959e-15    -7.8131e-19
   19              2         1         3        242.911        11.2102     -0.0222557    1.98615e-05   -6.31344e-09   -1.34525e-12    1.28497e-15   -2.16001e-19
   19              3         2         3        616.549        24.3691     -0.0289371    1.94081e-05   -5.27667e-09   -7.16196e-13    6.81267e-16   -1.00218e-19
   19              4         2         4        667.175        27.6179     -0.0291817    1.72326e-05   -4.19078e-09   -2.90759e-13    3.04847e-16   -3.73045e-20   
   19              5         2         6        457.811          35.64     -0.0371751    2.27047e-05    -5.8517e-09   -3.78027e-13    4.54603e-16   -5.87082e-20
   19              6         3         6        989.896        54.6044     -0.0425055    2.11319e-05   -4.28884e-09   -6.14774e-13    3.98679e-16   -4.54787e-20
   19              7         3         7        789.529        61.1851     -0.0508461    2.79961e-05   -6.76615e-09   -4.01169e-13    4.66293e-16   -5.68521e-20
   19              8         3         8        898.489        64.2324     -0.0516802    2.82167e-05   -6.72602e-09   -5.43359e-13    5.28944e-16   -6.48671e-20
   19              9         3         9        979.817        68.0733     -0.0563093     3.2748e-05   -8.22052e-09   -9.05964e-13    8.33048e-16   -1.10314e-19
   19             10         4         7        599.641         89.807     -0.0737232    4.34609e-05   -9.11937e-09   -3.37658e-12    1.85217e-15   -2.12917e-19
   19             11         4         9        1100.89        96.1014     -0.0691656    3.78488e-05   -9.40621e-09   -1.18798e-12    1.11586e-15   -1.59737e-19
   19             12         4        10        1330.15        99.6792     -0.0696557    3.84566e-05   -9.86273e-09   -1.01966e-12    1.05446e-15   -1.48107e-19
   19             13         5        11        3062.29        122.166     -0.0480587    4.44153e-06    5.86948e-09    -8.5612e-13   -9.86144e-16    2.67585e-19
   20              0         1         1        234.813        8.84688     -0.0341958    5.57631e-05   -3.24949e-08   -6.65143e-12    1.35579e-14   -3.65843e-18
   20              1         1         2        101.278        12.5121     -0.0327166    3.68091e-05   -1.43263e-08   -4.00913e-12    4.53095e-15   -9.28009e-19
   20              2         1         3        382.643        11.2469     -0.0207001    1.65921e-05   -4.54778e-09   -1.04075e-12    8.08567e-16   -1.19641e-19
   20              3         2         3        563.586        27.0718     -0.0315347    2.01432e-05   -5.15557e-09   -6.04007e-13    5.41294e-16   -7.21595e-20
   20              4         2         4        712.651        29.3863     -0.0293959    1.62762e-05   -3.74605e-09   -2.50777e-13    2.50919e-16   -2.95489e-20
   20              5         2         6        849.386        35.1979     -0.0321138    1.72132e-05   -3.88423e-09   -2.92893e-13    2.68603e-16   -3.11356e-20
   20              6         3         6        1095.16        57.8174     -0.0425151    1.99108e-05   -3.88482e-09   -4.25417e-13    2.79415e-16   -2.95378e-20
   20              7         3         7        1099.41        62.3711     -0.0450947    2.13412e-05   -4.36347e-09   -3.80804e-13    2.93632e-16   -3.21575e-20
   20              8         3         8        1216.58        65.6481     -0.0458337     2.1494e-05   -4.39819e-09   -4.24721e-13    3.22563e-16   -3.63733e-20
   20              9         3         9        1213.24        70.0465     -0.0489386    2.30252e-05   -4.65207e-09   -4.86548e-13    3.46905e-16   -3.82382e-20
   20             10         4         7        1237.47        88.3485     -0.0574483     2.7687e-05   -5.79814e-09   -1.13722e-12    7.69749e-16   -9.99104e-20
   20             11         4         9        1399.46        98.4214     -0.0594378    2.61834e-05   -5.18917e-09   -4.96396e-13    3.69329e-16   -4.12294e-20
   20             12         4        10        1570.39        102.181     -0.0595626    2.56146e-05   -4.90332e-09   -4.99282e-13    3.42878e-16   -3.68288e-20
   20             13         5        10       -1991.28        149.513     -0.0954113    4.65456e-05   -8.97284e-09   -2.57792e-12    1.50773e-15   -1.95512e-19
   20             14         5        11       -3020.12        158.469      -0.100536     4.8059e-05   -8.78622e-09   -2.51695e-12    1.34698e-15   -1.60697e-19
   20             15         5        12        5867.41        122.647      -0.034488    9.14505e-07    2.66707e-09   -1.78864e-13   -2.50749e-16    4.72295e-20
   20             16         5        13        12083.4        108.377     -0.0158312   -5.67988e-06    1.93556e-09    4.35647e-13   -2.06099e-16    1.66713e-20
   20             17         6        12          20851        98.7015      0.0134649   -9.07699e-06   -3.11413e-09      7.496e-13    6.65244e-16   -1.71878e-19
   20             18         6        13        32547.4        89.9627       0.012889   -6.04203e-06    -2.2317e-09    3.06819e-13    3.42552e-16   -6.76506e-20
   20             19         6        14        86434.2        43.4749      0.0128212    1.42571e-06   -7.26753e-10   -4.65117e-13    -8.8196e-17    5.95251e-20
   21              0         1         1        217.618        8.48156     -0.0262546    3.52092e-05   -1.71589e-08   -2.57941e-12    4.69413e-15   -1.05396e-18
   21              1         1         2        217.156        10.9172     -0.0228612    2.12594e-05   -7.07025e-09   -1.29347e-12    1.33426e-15   -2.24328e-19
   21              2         1         3        430.311        10.7916     -0.0162917    1.10617e-05   -2.68457e-09   -4.04785e-13    2.99299e-16   -3.79343e-20
   21              3         2         3        785.419        25.0194       -0.02304     1.2006e-05   -2.55394e-09   -2.68041e-13    2.03535e-16   -2.38085e-20
   21              4         2         4        830.753        28.5349     -0.0249885    1.28052e-05   -2.77838e-09   -1.91645e-13     1.7725e-16   -2.01918e-20
   21              5         2         6        775.878        35.6287     -0.0303161    1.58827e-05   -3.55368e-09   -2.45298e-13    2.32959e-16   -2.67421e-20
   21              6         3         6        1152.48        56.5306     -0.0374308    1.67128e-05   -3.23103e-09   -2.95453e-13    2.07456e-16    -2.1679e-20
   21              7         3         7        1197.75        61.2862     -0.0415904    1.99631e-05   -4.34159e-09    -2.6887e-13    2.68477e-16   -3.06763e-20
   21              8         3         8        1455.35        63.6112     -0.0401896    1.81287e-05    -3.6777e-09   -3.39002e-13    2.64653e-16   -3.01781e-20
   21              9         3         9        1533.83        67.3047     -0.0422482    1.88344e-05    -3.6773e-09   -3.05167e-13    2.24037e-16   -2.32834e-20
   21             10         4         7        1293.37        87.9819     -0.0561969    2.93403e-05   -7.12481e-09   -1.03278e-12    8.95073e-16   -1.26021e-19
   21             11         4         9        1703.87        95.8734     -0.0535868     2.3347e-05   -4.70308e-09   -4.60933e-13    3.59238e-16    -4.2083e-20
   21             12         4        10        1595.79        102.165     -0.0596779    2.79898e-05   -6.09562e-09   -5.22524e-13    4.58754e-16   -5.45465e-20
   21             13         5        10         2741.3        122.923     -0.0438851    4.97377e-06    3.57005e-09   -5.58328e-13   -4.21256e-16    9.69964e-20
   21             14         5        11        4675.92        120.845     -0.0361604    2.12409e-06    2.82061e-09   -2.45769e-13   -2.84998e-16    5.51343e-20
   21             15         5        12        7816.73        116.652     -0.0283057   -4.20964e-07    2.33627e-09   -4.18905e-14   -2.19403e-16    3.58103e-20
   22              0         1         1       -115.713        12.6163     -0.0442281    6.61024e-05   -3.56052e-08   -7.13464e-12    1.32483e-14   -3.34325e-18
   22              1         1         2        122.421        12.1676     -0.0283855    2.90231e-05   -1.07328e-08   -1.81244e-12    2.19502e-15   -3.99113e-19
   22              2         1         3        325.926        11.7396      -0.019999    1.55013e-05   -4.37916e-09   -7.87698e-13    7.00871e-16   -1.08113e-19
   22              3         2         3        791.987        24.8668     -0.0240201    1.27472e-05   -2.69307e-09   -2.59257e-13    1.90426e-16   -2.07024e-20
   22              4         2         4        804.438        28.6452     -0.0265737    1.40672e-05   -3.06082e-09   -2.29693e-13    1.97515e-16   -2.19035e-20
   22              5         2         6        859.078         35.065      -0.030654     1.6287e-05     -3.687e-09   -2.62079e-13    2.51438e-16   -2.94722e-20
   22              6         3         6        1095.97        56.7717     -0.0401304    1.90322e-05   -3.95039e-09   -3.72719e-13     2.9435e-16   -3.40367e-20
   22              7         3         7        1384.74        60.1693     -0.0418671    2.04149e-05   -4.54061e-09   -2.57547e-13    2.81843e-16   -3.29661e-20
   22              8         3         8        1290.09        64.5669     -0.0441614    2.12021e-05   -4.53243e-09   -3.41662e-13    3.03917e-16   -3.49274e-20
   22              9         3         9        1210.42        69.5316     -0.0492862    2.47619e-05   -5.62778e-09   -2.97546e-13    3.46579e-16   -4.09877e-20
   22             10         4         7        1466.06         85.896     -0.0523142    2.37037e-05   -4.86489e-09   -5.44172e-13    4.15522e-16   -5.04087e-20
   22             11         4         9        2872.19        86.3793     -0.0347805    6.12598e-06    9.79763e-10   -2.63204e-13   -7.66199e-17    1.67996e-20
   22             12         4        10        2339.78        96.3497     -0.0502531    1.94563e-05   -3.21259e-09   -4.14681e-13    2.22973e-16    -2.1951e-20
   22             13         5        10       -2085.69        153.491      -0.117913    7.60073e-05    -1.9248e-08   -7.29388e-12    5.36863e-15   -8.65826e-19
   22             14         5        11        1881.24        131.399     -0.0519652    5.90832e-06    6.18502e-09   -9.25203e-13   -1.05978e-15    2.74076e-19
   22             15         5        12        6639.41        118.225     -0.0298942   -2.13677e-06    3.65795e-09     5.5176e-14   -4.97591e-16    9.25314e-20   
   23              0         1         1        168.897        8.40465     -0.0313385    5.12286e-05   -3.09249e-08   -4.66597e-12    1.17126e-14    -3.2124e-18
   23              1         1         2        133.762        11.2354     -0.0281868    3.11232e-05   -1.23657e-08   -2.35204e-12    2.99277e-15   -5.83395e-19
   23              2         1         3        326.191        10.9441       -0.01968     1.5924e-05   -4.69953e-09   -7.44721e-13    7.09626e-16   -1.09422e-19
   23              3         2         3        577.205        25.8051     -0.0293063    1.85415e-05   -4.79585e-09   -4.93539e-13    4.78197e-16   -6.41901e-20
   23              4         2         4        721.969         27.882     -0.0267304    1.43828e-05   -3.21515e-09   -2.12301e-13    2.03719e-16   -2.31805e-20
   23              5         2         6        754.865        34.1921     -0.0305926    1.60835e-05   -3.57759e-09   -2.31111e-13    2.25495e-16   -2.57961e-20
   23              6         3         6        896.153        56.9203      -0.043243    2.14296e-05   -4.63392e-09   -2.94801e-13    2.80234e-16   -3.13215e-20
   23              7         3         7        816.665        61.8672      -0.047313    2.42472e-05   -5.51224e-09    -2.8639e-13     3.2791e-16   -3.78993e-20
   23              8         3         8        1045.18        64.6102     -0.0470402    2.35267e-05   -5.34933e-09   -2.63905e-13    3.20763e-16   -3.78246e-20
   23              9         3         9        1260.23        67.9193     -0.0491212    2.45457e-05   -5.39419e-09   -4.07888e-13    3.68144e-16   -4.23357e-20
   23             10         4         7        922.716        87.3299     -0.0589076     2.9113e-05   -6.52658e-09   -6.12468e-13    5.43933e-16   -6.79377e-20
   23             11         4         9        1416.79        95.6464     -0.0597234    2.75301e-05   -5.72132e-09   -4.38117e-13    3.73607e-16   -4.20929e-20
   23             12         4        10        1328.86        101.448      -0.064783    3.15803e-05   -7.13163e-09   -4.95015e-13    5.06094e-16   -6.15808e-20
   23             13         5        10         327.92        137.017     -0.0836023    4.03652e-05   -7.53193e-09   -2.60079e-12    1.46773e-15   -1.91917e-19
   23             14         5        11        482.118        139.354     -0.0759554    3.08508e-05   -4.28741e-09   -1.63102e-12    6.81525e-16   -7.06122e-20
   23             15         5        12        4773.12        124.292      -0.041562    3.08454e-06    3.72355e-09   -3.95389e-13   -4.34585e-16    9.11471e-20
   23             16         5        13          11244        108.721     -0.0224022   -2.20331e-06    2.06495e-09    1.09524e-13   -1.94626e-16    2.53163e-20
   23             17         6        12        17084.1        101.639      0.0110521   -9.83173e-06   -2.71102e-09    8.22007e-13    5.70528e-16   -1.47212e-19
   23             18         6        13        24808.1        100.478     0.00775511   -8.09867e-06   -1.81026e-09    6.33407e-13    3.66833e-16   -9.58572e-20
   23             19         6        14        49374.6        75.4463       0.012142   -4.05727e-06   -1.77953e-09    1.52755e-13    2.45815e-16   -4.40745e-20
   24              0         1         1        876.889        1.09935     -0.0030144    3.01194e-06    3.43269e-10   -8.75987e-13   -3.87386e-16    2.94709e-19
   24              1         1         2        194.336        11.5547     -0.0305009    3.48863e-05    -1.3498e-08   -4.51303e-12    4.85581e-15   -1.00384e-18
   24              2         1         3        437.404        10.6969     -0.0196937    1.56237e-05   -3.99385e-09   -1.20143e-12    8.26301e-16   -1.19841e-19
   24              3         2         3        522.958        27.3211     -0.0352709    2.55264e-05   -7.59893e-09   -8.23966e-13    9.55227e-16   -1.47222e-19
   24              4         2         4        1054.08         26.584     -0.0261952    1.45882e-05   -3.33594e-09   -2.86564e-13    2.51338e-16   -2.97392e-20
   24              5         2         6        1066.87        33.2284      -0.030974    1.69588e-05   -3.89884e-09   -2.92813e-13    2.78375e-16   -3.31636e-20
   24              6         3         6        1310.38        55.4121     -0.0431175    2.16462e-05   -4.71663e-09   -3.85846e-13    3.37381e-16   -3.93468e-20
   24              7         3         7        1471.98        58.9662      -0.044495     2.2258e-05   -4.91342e-09   -3.41315e-13    3.27351e-16   -3.80929e-20
   24              8         3         8        1240.55         65.107     -0.0519765    2.78906e-05   -6.53249e-09   -4.62639e-13    4.64535e-16   -5.53494e-20
   24              9         3         9        1597.19        65.8905     -0.0480326     2.3884e-05   -5.27866e-09    -3.5993e-13    3.48784e-16   -4.03504e-20
   24             10         4         7        1425.57        85.9101     -0.0609981    3.04241e-05   -5.60687e-09   -1.66091e-12    8.39105e-16   -9.03075e-20
   24             11         4         9        1949.62         93.649     -0.0625862    3.23594e-05   -7.63572e-09   -1.07599e-12    8.95235e-16   -1.21612e-19
   24             12         4        10        1960.05        99.0387     -0.0659514    3.38103e-05   -8.09186e-09   -6.47996e-13    6.80015e-16   -8.86309e-20
   24             13         5        10        3685.35        117.249     -0.0458501    4.44148e-06    5.01669e-09    -6.9988e-13   -7.53069e-16    1.88038e-19
   24             14         5        11        3521.44        123.507     -0.0486766    5.82977e-06    4.29459e-09   -6.88755e-13   -5.47091e-16    1.32166e-19
   24             15         5        12        5463.64        121.648      -0.041154    1.97259e-06    4.32665e-09   -3.43261e-13    -5.6736e-16    1.20905e-19
   25              0         1         1       -96.1438        12.2073     -0.0464993    7.74182e-05    -4.5686e-08   -1.45595e-11    2.62987e-14   -7.65965e-18
   25              1         1         2        305.585        9.90557     -0.0230591    2.36274e-05   -8.21594e-09   -2.30537e-12    2.23654e-15    -4.0715e-19
   25              2         1         3        414.352        10.4381     -0.0173052    1.28225e-05   -3.35922e-09   -6.22669e-13    4.87962e-16   -6.87488e-20
   25              3         2         3        690.908        25.0339     -0.0258973    1.48348e-05   -3.42184e-09   -3.79224e-13    3.08223e-16   -3.81924e-20
   25              4         2         4        752.399        28.0333     -0.0258913    1.34442e-05   -2.85592e-09   -2.36376e-13     1.8937e-16   -2.07425e-20
   25              5         2         6        954.985        33.6577     -0.0290696    1.49388e-05   -3.21354e-09   -2.39231e-13    2.06329e-16   -2.29962e-20
   25              6         3         6        1074.87        56.4082     -0.0417524    2.05767e-05   -4.43211e-09   -3.25371e-13    2.88146e-16   -3.23509e-20
   25              7         3         7        1023.15        61.2706     -0.0450302    2.23558e-05   -4.96367e-09   -2.61199e-13     2.9255e-16    -3.3764e-20
   25              8         3         8        1146.98        64.8169     -0.0469392    2.32544e-05   -4.99307e-09   -3.95968e-13    3.33069e-16   -3.71206e-20
   25              9         3         9         1231.9        68.0607     -0.0484773    2.46159e-05   -5.64862e-09   -3.65675e-13    3.83306e-16   -4.56419e-20
   25             10         4         7        1255.38        86.6192     -0.0579319     2.9561e-05   -6.89504e-09   -8.54137e-13    7.39604e-16   -9.98173e-20
   25             11         4         9        1818.67        92.8576     -0.0526431    2.18764e-05   -3.95927e-09   -4.61541e-13    2.79358e-16    -2.8407e-20
   25             12         4        10        1873.71        97.9895     -0.0559743    2.42872e-05   -4.80464e-09   -4.15638e-13    3.17372e-16   -3.43912e-20
   25             13         5        10       -2546.74        151.331      -0.104611    5.55454e-05   -1.22014e-08   -2.49678e-12    1.68962e-15   -2.21579e-19
   25             14         5        11       -1562.89        148.847     -0.0893811    4.06012e-05   -7.00462e-09    -1.9708e-12    9.99693e-16   -1.13864e-19
   25             15         5        12        4767.91        124.527     -0.0391523    3.81438e-07    4.44837e-09   -1.39646e-13   -5.78548e-16    1.08611e-19
   26              0         1         1       -106.524        12.6748     -0.0456473    6.99702e-05   -3.87286e-08   -8.45563e-12    1.59139e-14   -4.19224e-18
   26              1         1         2        279.423        10.9355     -0.0260192    2.68679e-05   -9.48561e-09   -2.59915e-12    2.57341e-15   -4.71001e-19
   26              2         1         3        401.135         10.992     -0.0178846    1.27481e-05    -3.1812e-09   -5.43566e-13    4.00961e-16    -5.2752e-20
   26              3         2         3        963.088        24.7996     -0.0255741    1.50028e-05   -3.61969e-09   -4.09177e-13    3.59206e-16   -4.74479e-20
   26              4         2         4        738.712          29.59     -0.0287358    1.55967e-05   -3.48242e-09   -2.48137e-13    2.26807e-16   -2.56786e-20
   26              5         2         6        890.218        35.4592     -0.0314483    1.62035e-05   -3.42865e-09     -2.677e-13    2.15734e-16   -2.32343e-20
   26              6         3         6        1108.18        57.9046      -0.042247    2.01155e-05   -4.15916e-09   -3.38641e-13    2.76647e-16   -3.10733e-20
   26              7         3         7        1376.27        60.5148     -0.0408605      1.836e-05   -3.63196e-09   -2.68621e-13    2.15956e-16   -2.31843e-20
   26              8         3         8         1111.8        67.5661     -0.0505365    2.60902e-05   -6.00533e-09   -3.22375e-13    3.68207e-16   -4.29112e-20
   26              9         3         9        1506.93        69.4028     -0.0503959    2.64781e-05   -6.35015e-09   -3.52385e-13     4.2793e-16    -5.2383e-20
   26             10         4         7        1287.68        88.7803      -0.057641    2.79077e-05   -6.32097e-09   -5.50109e-13    5.20092e-16   -6.50015e-20
   26             11         4         9        2649.23        88.5958     -0.0372837    6.96968e-06    1.00118e-09   -3.06638e-13   -8.47107e-17    2.00001e-20
   26             12         4        10        1914.38         100.65     -0.0579533    2.54027e-05   -5.05267e-09   -4.48769e-13    3.42318e-16   -3.75449e-20
   26             13         5        10        427.372        133.328     -0.0582128    9.79876e-06    4.80031e-09   -1.08152e-12    -6.8286e-16    1.83611e-19
   26             14         5        11       -6349.21        175.765      -0.133516    7.39102e-05   -1.48769e-08   -4.67155e-12    2.63361e-15   -3.28544e-19
   26             15         5        12        5656.96        122.129      -0.032817   -1.19713e-06      3.598e-09   -2.75003e-14   -4.24214e-16    7.61432e-20
   27              0         1         1        402.171        1.74939    -0.00372827    2.61234e-06    1.53212e-09   -1.43557e-12   -1.47691e-15    1.11345e-18
   27              1         1         2        463.657        3.23739    -0.00488313    2.29366e-06    1.22281e-09   -7.13915e-13   -6.15713e-16    3.22584e-19
   27              2         1         3        523.841         4.1246    -0.00511606    2.08952e-06     6.3625e-10   -3.52023e-13   -2.02772e-16    8.58824e-20
   27              3         2         3        522.945        16.5022     -0.0225398    1.72195e-05   -5.30167e-09   -6.12898e-13    7.07571e-16   -1.10365e-19
   27              4         2         4        638.743        17.8744     -0.0205117    1.32944e-05   -3.55248e-09   -2.86528e-13    3.20535e-16   -4.30477e-20
   27              5         2         6        744.479        21.4273     -0.0214518    1.21334e-05   -2.80266e-09   -2.03728e-13    1.89838e-16    -2.1749e-20
   27              6         3         6        1101.21        35.9727     -0.0326783    2.00478e-05    -5.3531e-09   -7.50319e-13     7.2128e-16   -1.08606e-19
   27              7         3         7         843.36        40.7461     -0.0383684    2.36605e-05   -6.12027e-09   -7.34038e-13    6.77163e-16   -9.30424e-20
   27              8         3         8        1247.15        41.1187      -0.035915    2.14601e-05    -5.5759e-09   -6.33794e-13    6.17555e-16   -8.63717e-20
   27              9         3         9        1415.22        42.4834     -0.0354833    2.06837e-05   -5.35152e-09   -5.76131e-13    5.84366e-16   -8.27712e-20
   27             10         4         7        663.582         62.256     -0.0631048     4.7385e-05   -1.40843e-08   -4.61757e-12    3.95701e-15   -6.85975e-19
   27             11         4         9        227.883        73.3366     -0.0788645    6.56846e-05   -2.41119e-08   -4.38964e-12    5.67035e-15   -1.11204e-18
   27             12         4        10        248.834        76.4017     -0.0787554    6.01282e-05   -1.92533e-08   -3.82765e-12    3.97978e-15    -6.9472e-19
   27             13         5        10        10995.7        46.5629     0.00282281   -7.17459e-06     -1.431e-09    1.07427e-12    6.10395e-16   -2.43059e-19   
   27             14         5        11       -13025.3        125.215     -0.0700149    1.77394e-06    1.50031e-08   -5.33617e-13   -3.44778e-15    8.39321e-19
   28              0         1         1        435.966        1.63292    -0.00373556    2.35607e-06    3.15197e-09    -2.3634e-12   -4.36269e-15    3.67996e-18
   28              1         1         2        353.492        4.77436    -0.00973934    5.62533e-06    5.52832e-09   -3.58346e-12   -5.30989e-15    3.61538e-18
   28              2         1         3        427.583        5.33633    -0.00792098    3.69736e-06    1.45644e-09   -8.92587e-13   -6.16988e-16    3.05336e-19
   28              3         2         3        468.113        17.9732     -0.0242274    1.78198e-05   -4.96049e-09   -1.07578e-12    8.99448e-16    -1.3921e-19
   28              4         2         4         643.71        18.9688     -0.0212131    1.30606e-05   -3.25049e-09   -3.33315e-13    3.07876e-16   -4.04831e-20
   28              5         2         6         682.01        23.0944     -0.0230378    1.29322e-05   -3.05057e-09   -2.06892e-13    2.12316e-16   -2.53094e-20
   28              6         3         6        779.996        40.1135     -0.0361524    2.10391e-05    -5.3109e-09   -5.15658e-13    5.13066e-16   -6.91182e-20
   28              7         3         7        851.322        42.5448     -0.0359324    1.97083e-05   -4.66848e-09   -4.94497e-13    4.40981e-16   -5.73641e-20
   28              8         3         8        792.306        46.0003     -0.0390696    2.17109e-05   -5.21128e-09   -5.24089e-13    4.85524e-16   -6.36802e-20
   28              9         3         9        1076.62        47.1762     -0.0381734    2.06189e-05   -4.80544e-09     -5.175e-13    4.42885e-16   -5.59973e-20
   28             10         4         7        539.702         64.904     -0.0568812    3.68629e-05   -1.09504e-08   -1.80532e-12    2.01745e-15   -3.57926e-19
   28             11         4         9       -557.449        79.4203     -0.0758734    5.16056e-05   -1.47154e-08   -2.64171e-12      2.462e-15   -3.87627e-19
   28             12         4        10        399.218        76.5809     -0.0637637    3.96966e-05   -1.03878e-08   -2.27419e-12    1.85435e-15   -2.81724e-19
   28             13         5        10          12043        46.9707     0.00672119   -7.13742e-06    -2.4062e-09    9.06741e-13     7.7148e-16   -2.49708e-19  
   28             14         5        11        4301.44        62.0092     0.00464338   -1.03355e-05    -2.4979e-09    1.54525e-12    9.72882e-16   -3.67484e-19
   29              0         1         1        521.715       0.811098   -0.000799163    -5.1836e-07     3.5667e-10    6.08321e-13    2.46389e-16   -4.28822e-19
   29              1         1         2        511.608        3.23932    -0.00516227    2.29696e-06    1.63487e-09   -8.02177e-13   -8.84753e-16    4.56107e-19
   29              2         1         3        582.489        4.17073    -0.00563527    2.29102e-06    1.24493e-09   -6.08545e-13   -5.16323e-16    2.44345e-19
   29              3         2         3        458.232        18.0608     -0.0276185    2.40588e-05   -8.35893e-09   -1.52342e-12    1.75784e-15   -3.19797e-19
   29              4         2         4         562.29        19.7833     -0.0268329    2.07241e-05   -6.49905e-09   -7.87992e-13    9.24301e-16   -1.48519e-19
   29              5         2         6        701.448         23.115     -0.0271423    1.86183e-05   -5.34113e-09   -6.40016e-13    6.86041e-16   -1.04051e-19
   29              6         3         6        912.944        39.3927      -0.042397    3.18856e-05   -1.05393e-08   -1.87057e-12    2.19644e-15    -4.0623e-19
   29              7         3         7         982.28        41.7928     -0.0429476    3.07736e-05   -9.66875e-09   -1.60435e-12    1.81604e-15   -3.21173e-19
   29              8         3         8        962.693        45.7212     -0.0491277    3.72655e-05   -1.17154e-08   -3.27638e-12    3.24954e-15   -6.16078e-19
   29              9         3         9        1413.77        45.8226     -0.0473284    3.77417e-05   -1.38058e-08    -2.5057e-12    3.41854e-15   -7.01454e-19
   29             10         4         7        1491.35        56.2668     -0.0412807    9.51569e-06    1.67006e-08   -5.61806e-12   -1.03815e-14    5.41742e-18
   29             11         4         9        498.594        70.3084     -0.0574064    1.67603e-05    1.66301e-08   -5.97375e-12    -8.1968e-15    3.86237e-18
   29             12         4        10        875.282        71.0085     -0.0530735    1.04777e-05    1.93484e-08   -4.47436e-12   -9.86803e-15    4.25153e-18
   29             13         5        11        8.17487        68.1218      0.0124782   -2.41687e-05   -1.28627e-08     7.6062e-12    1.04617e-14   -5.37695e-18
   30              0         1         1        198.557        3.10061    -0.00733738    5.20838e-06    3.57118e-09   -3.09228e-12   -3.59722e-15    2.67167e-18
   30              1         1         2        236.364        4.82507    -0.00926221    5.77669e-06    2.82671e-09   -2.40984e-12   -2.16498e-15    1.44559e-18
   30              2         1         3        338.839         5.1433    -0.00729403    3.44169e-06    9.82732e-10   -6.59414e-13   -3.64619e-16    1.69799e-19
   30              3         2         3        315.988        17.5722     -0.0239029     1.8169e-05   -5.75146e-09   -4.62333e-13    6.75508e-16   -1.07037e-19
   30              4         2         4        357.415        19.6415     -0.0233467    1.52074e-05   -4.06489e-09   -2.34648e-13     3.0978e-16   -4.05139e-20
   30              5         2         6        373.251        23.8842      -0.025064     1.4827e-05    -3.6804e-09   -1.53746e-13    2.20128e-16   -2.63021e-20
   30              6         3         6        629.901        38.9139     -0.0353621    2.08015e-05   -5.25801e-09   -4.99986e-13    4.98875e-16   -6.68957e-20
   30              7         3         7        605.086        41.7732     -0.0361021     2.0012e-05   -4.79002e-09    -3.7607e-13    3.79256e-16   -4.78821e-20
   30              8         3         8        598.318        45.0503      -0.040221    2.37408e-05   -6.08832e-09   -4.34407e-13    4.97007e-16     -6.469e-20
   30              9         3         9        815.245        45.6927      -0.036459    1.89497e-05   -4.19067e-09   -3.31167e-13    2.88467e-16   -3.28263e-20
   30             10         4         7        542.819        62.0836     -0.0534524    3.24894e-05   -8.21238e-09   -1.47195e-12    1.20997e-15   -1.78669e-19
   30             11         4         9        552.108        68.6124     -0.0544654    3.13486e-05   -7.62042e-09    -1.3579e-12    1.06309e-15   -1.48817e-19
   30             12         4        10        452.609        72.4893     -0.0572805    3.37221e-05   -8.45688e-09   -1.47239e-12    1.18659e-15   -1.66586e-19
   30             13         5        10          10120        48.9316     0.00595012   -8.42379e-06    -2.4877e-09    1.32164e-12    9.77141e-16   -3.65904e-19
   30             14         5        11        11713.9        50.7012     0.00262884   -6.50204e-06   -1.11244e-09    8.24376e-13     4.0775e-16   -1.54098e-19
   33              0         1         1        507.903       0.598081   -0.000561638   -4.28844e-07    2.64082e-10    5.27698e-13    2.36984e-16   -4.38686e-19
   33              1         1         2         512.92        2.66064     -0.0039917    1.70435e-06    1.15828e-09   -5.39446e-13   -5.77035e-16    2.81357e-19
   33              2         1         3        592.511        3.49196     -0.0044026    1.83445e-06    5.19529e-10   -3.01286e-13   -1.60484e-16    6.80939e-20
   33              3         2         3        616.921        15.7844     -0.0239376    2.05465e-05   -7.12367e-09   -9.25901e-13    1.19892e-15   -2.09683e-19
   33              4         2         4        716.804        17.0991     -0.0213972    1.49592e-05   -4.22886e-09   -4.22413e-13    4.59166e-16   -6.54327e-20
   33              5         2         6        957.339         19.727     -0.0216044    1.40521e-05    -3.7425e-09   -4.38817e-13    4.14623e-16   -5.68685e-20
   33              6         3         6        845.781        37.5487     -0.0403655    2.73785e-05   -7.76995e-09   -8.74025e-13    9.33019e-16   -1.37534e-19
   33              7         3         7        1055.16        39.1974     -0.0402167    2.67198e-05   -7.41834e-09   -9.35291e-13    9.26971e-16   -1.35107e-19
   33              8         3         8        1276.91          40.23     -0.0379727    2.34469e-05   -6.09412e-09   -7.67009e-13    7.11939e-16   -1.00241e-19
   33              9         3         9        1704.68         39.601     -0.0321638    1.66487e-05   -3.21127e-09   -7.85942e-13    4.40445e-16   -5.24027e-20
   33             10         4         7        873.609        60.1304      -0.064928    5.06506e-05   -1.64755e-08    -3.8747e-12    3.97637e-15    -7.2745e-19
   33             11         4         9        666.303        69.0138     -0.0739832     5.7693e-05   -1.92779e-08   -3.59451e-12    4.13021e-15   -7.64461e-19
   33             12         4        10        861.776        71.8849     -0.0767457    6.00192e-05   -1.91652e-08   -4.86651e-12    4.77536e-15   -8.62057e-19
   33             13         5        10        5984.91         53.548     0.00435139   -1.60015e-05   -4.53264e-09    4.70711e-12    3.72428e-15   -2.07347e-18
   33             14         5        11       -2605.45        95.5172     -0.0508626   -3.97508e-07     1.4101e-08   -3.38608e-13   -4.24155e-15    1.16666e-18
   34              0         1         1        313.951        2.01612    -0.00408938    1.98048e-06    2.66632e-09   -1.26882e-12   -2.62134e-15    1.79455e-18
   34              1         1         2        350.365        3.76384    -0.00614805    3.10425e-06    1.51967e-09    -9.4395e-13    -8.0224e-16    4.24705e-19
   34              2         1         3        398.314        4.72736    -0.00666914    3.16658e-06    8.61582e-10   -6.02116e-13   -3.26561e-16     1.5513e-19
   34              3         2         3        199.696        19.0483     -0.0312676    2.86367e-05   -1.05653e-08    -1.3707e-12    1.93758e-15   -3.58701e-19
   34              4         2         4        473.259        18.2671     -0.0213015    1.37077e-05   -3.60113e-09   -2.48581e-13    2.86462e-16   -3.67213e-20
   34              5         2         6         557.46        22.3921     -0.0254655    1.71532e-05   -4.85339e-09   -4.07329e-13    4.90608e-16   -6.99225e-20
   34              6         3         6        632.572        38.4887     -0.0383807     2.4888e-05   -6.78355e-09   -8.69059e-13    8.41366e-16   -1.21765e-19
   34              7         3         7        589.526        41.9855     -0.0417051    2.70524e-05   -7.52774e-09   -6.55434e-13    7.63862e-16   -1.08305e-19
   34              8         3         8        903.718         42.183     -0.0367762    2.09799e-05   -5.04286e-09   -5.56943e-13    4.79436e-16   -6.10012e-20
   34              9         3         9        930.565        44.9556     -0.0400792    2.38026e-05   -6.05899e-09   -5.46304e-13    5.54278e-16   -7.32231e-20
   34             10         4         7        456.676        62.2941     -0.0622126    4.67334e-05    -1.5819e-08   -2.48964e-12    3.15385e-15   -5.88763e-19
   34             11         4         9        227.289        70.5393     -0.0665447     4.5428e-05    -1.3424e-08   -1.92817e-12    2.04225e-15   -3.27286e-19
   34             12         4        10          936.6        68.7318     -0.0561388    3.34311e-05   -8.18508e-09   -1.87489e-12    1.40855e-15   -2.04617e-19
   34             13         5        10       -5254.02        98.0248     -0.0467132   -2.06836e-06    1.07643e-08    1.93921e-13   -2.55257e-15    5.83582e-19
   34             14         5        11       -3942.91        94.0219      -0.039241   -1.37572e-06    7.00692e-09    1.17816e-13   -1.38738e-15    2.93528e-19
   35              0         1         1        509.648        1.16996    -0.00233183    1.47845e-06    1.22565e-09   -1.05725e-12   -1.24648e-15    1.01462e-18
   35              1         1         2        503.355        3.35662    -0.00527079    2.54741e-06    1.10743e-09   -6.72751e-13   -4.98845e-16     2.4822e-19
   35              2         1         3        594.501        4.13857    -0.00531198    2.26691e-06    6.14927e-10   -3.72871e-13    -2.0405e-16    8.90023e-20
   35              3         2         3        580.537        16.9487     -0.0231904    1.82121e-05   -5.82776e-09   -9.77106e-13    1.07512e-15   -1.85865e-19
   35              4         2         4        826.575        17.5741      -0.019405    1.18825e-05   -2.84888e-09   -3.84246e-13    3.00072e-16   -3.82153e-20
   35              5         2         6        711.752        23.5294     -0.0273137    1.90003e-05   -5.56037e-09   -5.56945e-13    6.54678e-16    -9.8326e-20
   35              6         3         6        876.399        39.0913     -0.0366816    2.19574e-05   -5.22288e-09   -1.09868e-12    7.89728e-16   -1.07912e-19
   35              7         3         7        960.312        42.1752     -0.0399624    2.52586e-05   -6.91143e-09   -8.25042e-13    8.49416e-16   -1.25527e-19
   35              8         3         8         1054.3        44.0966     -0.0390372    2.28709e-05   -5.52447e-09   -9.91118e-13    7.68078e-16   -1.06963e-19
   35              9         3         9         921.27        48.9296     -0.0488339    3.37684e-05   -9.83039e-09   -1.55829e-12    1.52374e-15   -2.36139e-19
   35             10         4         7        1254.65        57.7545     -0.0391676    1.01844e-05    5.98716e-09   -1.93824e-12   -1.75174e-15    6.49096e-19
   35             11         4         9        1668.29        62.5044     -0.0383304    8.09606e-06    7.02705e-09   -1.99715e-12   -2.10763e-15    7.91145e-19
   35             12         4        10        2625.68         60.735     -0.0318046    4.70103e-06    5.76391e-09   -1.18121e-12   -1.56874e-15    5.29586e-19
   35             13         5        10        10408.3        47.9439     0.00854738   -1.14768e-05   -4.75975e-09    2.81846e-12    2.80641e-15   -1.31707e-18  
   35             14         5        11        3466.67        62.9501     0.00570458   -1.47823e-05   -4.31088e-09    3.32434e-12    2.55442e-15   -1.21407e-18

