*TeleNo     ParticleNo              Z              A      X(i),Y(i)       ***         X(20),Y(20)
*TeleNo     ParticleNo              Z              A      X(i),Y(i)       ***         X(20),Y(20)
0    0    1    1   168.364   11.1376   174.577   10.5046   193.215   9.80127   205.641   9.20342   221.172   8.46489    239.81   7.79671   264.661   7.23402   292.618   6.77684   314.363   6.42516    342.32   6.00315   385.809   5.54596   426.192   5.15912   472.787   4.77227   522.489   4.35026   597.041   4.03375   668.487   3.68207   736.827   3.47106    836.23   3.15455   916.995   2.97871   1038.14   2.76771

0    1    1    2   162.152   15.9205   202.534   14.5138   236.704   13.1774   286.406   11.9113   323.682   10.8211    376.49   9.69577   404.447   8.71107   454.149    7.6912   559.765   6.56583   659.168   5.82731   767.891   5.26462   882.826   4.77227   1003.97   4.31509   1140.65   3.85791   1255.59   3.68207   1392.27    3.4359   1510.31   3.29522   1625.24   3.11939   1737.07   2.97871   1855.11   2.87321

0    2    1    3   165.755   18.8816   211.078   17.6439   249.927   16.2607   292.013   15.1686   363.236   13.2029   440.933   11.6012   505.681   10.3636   573.666   9.16233   641.651   7.99747   738.773   7.12383   855.319   6.39579   975.103   5.84977   1088.41   5.37654   1211.43   4.97612   1366.83    4.5757   1538.41   4.13888   1674.38   3.95687   1868.62   3.70206   2101.72   3.41085   2431.93   3.11963

0    3    2    3   169.416   44.9906   220.896   42.2153   281.736   39.6456   356.616   36.7675   459.576   33.5811   585.937   30.1891   712.297   27.2082   833.977   25.1524   965.017    23.405    1133.5   20.8353   1245.82   19.6018   1353.46   18.6767   1470.46   17.4432   1620.22   16.3126   1709.14   15.6958   1849.54   14.7707    2022.7   13.8456   2177.14   12.8178   2354.98    12.201   2635.78   11.0664

0    4    2    4   169.416   50.7876   216.216   48.1037   286.416    45.062   342.576   42.6465   417.456   39.7837   497.017   37.6367   576.577   35.2212   721.657   31.8216   890.137   28.7799    1086.7   25.6488   1353.46    22.607   1676.38   19.5653   1961.86   17.4182   2228.62   15.8079   2476.66   14.5555   2729.38   13.5714   2991.46   12.4978   3202.06   11.7821   3492.22   11.0664   3890.02   10.0824

0    5    2    6   164.736    62.008   244.296   57.2097   314.496   53.4584   417.456   49.3581   534.457   45.6939   665.497   41.6809   852.697   37.4933   1049.26   33.7419   1241.14   30.9502    1461.1   28.2458   1667.02   25.9775   1877.62   24.2327    2069.5   22.5751    2303.5   21.0048   2551.54   19.5217   2860.42   17.9513    3169.3   16.6427   3417.34   15.5958   3670.06    14.549   3950.86   13.6765

0    6    3    6   164.736   98.0687   244.296   92.0487   342.576   86.1568   468.936    80.393   585.937   75.6538   712.297   71.0428   866.737   66.3036   1067.98   61.1802    1273.9   56.5692   1479.82   53.1109    1695.1   49.6526   1915.06   46.6506   2167.78   43.2686    2397.1   40.7513   2635.78   38.6783   2916.58   36.4572   3197.38   33.9399   3529.66   32.0149   3838.54    30.238   3955.54   29.6457

0    7    3    7   164.736   105.904   211.536   101.314   300.456    95.391   403.416    89.468   553.177   82.8046   735.697   76.1413   922.897   70.6625   1138.18   65.0356   1353.46   60.4453   1592.14   56.1511   1821.46   52.4493   2041.42   49.4878   2275.42   46.5263   2523.46   44.0771    2748.1   41.6693    3028.9   39.3882   3290.98   37.1071   3557.74   35.2062    3847.9   33.7447   3955.54   33.0166

0    8    3    8   169.416   112.143   258.336   104.591   356.616   98.4263   450.216   93.3403   576.577   87.7919   716.977   82.3977   904.177   76.5411   1077.34   71.9174   1245.82    67.602   1447.06   63.4614   1657.66   59.7266   1863.58   56.4067   2078.86   53.0869   2331.58    50.182   2598.34   47.0005   2874.46   44.5106   3141.22   41.8824   3398.62   39.9458   3688.78   38.0093   3932.14    36.626

0    9    3    9   169.416   119.207   234.936   111.876   342.576   104.959   431.496   99.4263   585.937   92.3717   749.737   86.4236   908.857   81.0289   1138.18   74.5275   1376.86   69.2711    1624.9    64.493   1840.18   60.7427   2106.94   56.9925   2340.94   53.6281   2570.26   50.9939   2883.82   47.9206   3225.46   44.8473   3548.38   42.3594   3796.42   40.7495   3983.62   39.7251    3988.3   39.7251

0   10    4    7   169.416   146.446   323.856   133.119   506.377   121.767   702.937   112.389   852.697   107.453   1030.54   101.037   1245.82   94.1264   1479.82   87.7098    1695.1   82.7739   1915.06   78.3317   2111.62   75.3102   2298.82   72.0971   2448.58   70.1198   2617.06   67.8954   2804.26   65.1766   3010.18    62.705   3188.02   60.4805    3356.5   58.9975   3506.26   57.7617   3679.42   56.7731

0   11    4    9   160.056    164.18   234.936   156.409   337.896   147.311   482.977   138.214   632.737   130.063   791.857   122.861   950.977   116.796    1110.1   111.678   1306.66   105.992   1479.82   100.685   1709.14   95.5679   1971.22   89.8818   2195.86   85.9016    2420.5   82.1109   2691.94   78.1306    2935.3   74.3399    3169.3   71.8686   3417.34   69.5253   3632.62    67.885   3843.22   66.0104

0   12    4   10   164.736   173.567   244.296   163.725   347.256   154.587   501.697   144.745   646.777   136.778   801.217   129.748   965.017   123.187   1170.94   116.157    1390.9    109.83   1596.82   104.675   1840.18   98.5821   2135.02   92.7239   2322.22   89.4433   2551.54   85.2254   2776.18   81.9448   2963.38   79.3671    3169.3   77.2582   3398.62   74.9149   3585.82   72.8059   3819.82    70.697

0   13    5   11   160.056   235.112   216.216   226.001   291.096    216.89   398.736   207.779   529.777     197.8   688.897   187.605   843.337   179.144    1063.3   169.166   1301.98   160.705   1535.98   151.594   1816.78   143.568   2036.74   137.562    2256.7   131.639   2500.06   126.209   2762.14   121.273   2977.42   116.338   3211.42   111.895    3496.9    108.44   3702.82   105.479   3861.94   103.504

1    0    1    1   129.802   10.5515   147.423   9.88512   159.169   9.18546    176.79   8.35254   197.346   7.61957    229.65   6.98655   267.827   6.42016   306.004   5.88709   352.992   5.35402   402.916    4.9209   458.713   4.48778   511.574    4.1213   567.371   3.88808   631.978   3.68818   702.459   3.38833   758.257   3.22174   819.927   3.08847   875.725   2.92189   937.396   2.82194   999.066   2.78862

1    1    1    2   135.676   15.3158   173.853   13.8498   209.093   12.5838    247.27   11.5176   279.574   10.5181   326.561   9.21878   388.232   7.95274    452.84   7.05318   561.498   6.15363   649.599   5.65387   752.383   5.02085   855.168   4.55442   972.636   4.15461   1098.91   3.85476   1225.19   3.62154   1366.15   3.45496   1527.67   3.08847   1648.08   2.92189   1736.18   2.82194   1815.47   2.82194

1    2    1    3   135.676   18.4809   167.979   17.2148   209.093   15.8155   253.144   14.5162   303.068   13.1835   350.055   12.1507   405.852   10.9846    470.46    9.6519    514.51   8.78566   579.118    7.6862   708.333   6.78665   837.548   6.05368   984.383   5.45397   1157.65   4.82095   1339.72   4.38783    1577.6   3.95471   1803.72   3.65486   2006.36   3.38833   2179.62   3.25506   2396.94   3.15511

1    3    2    3   136.656   42.9899   225.576   39.0165   319.176   35.0432   468.936   30.3788   646.777   26.3191   805.897   23.7278    1039.9   20.3591   1245.82   18.1133   1395.58   16.8176   1587.46   15.3492    1835.5    13.708   2153.74   12.1533    2373.7   11.3759   2565.58   10.5985   2762.14   9.82108   2925.94   9.21644   3038.26   9.04368   3117.82   8.78455   3211.42   8.52542    3286.3   8.26629

1    4    2    4   131.976   49.6409   188.136   46.0131   267.696   42.2989   365.976   38.4983   487.657   34.8704   614.017   31.6745   768.457   28.5649   932.257   25.9736   1119.46   23.3823   1339.42   20.8773    1601.5   18.7179   1840.18    16.904   2102.26   15.4356   2345.62   14.0536   2551.54   13.4513    2748.1   12.7072    2958.7   11.9725   3159.94   11.4432   3393.94   10.7374   3646.66    10.208

1    5    2    6   131.976    59.351   202.176   55.0278   291.096   50.6164   398.736    46.205   515.737   42.2348   688.897   37.9998   876.097   34.3825   1077.34   30.8533   1283.26   28.1681   1512.58   25.5061   1723.18     23.83   1943.14   21.7595   2181.82   20.3189   2486.02   18.7611   2762.14   17.3981   3094.42    15.743   3375.22   14.6721   3618.58   13.8932   3805.78   13.4064   3960.22   13.0169

1    6    3    6   127.296   95.2659   202.176   88.7461   291.096    83.313   375.336   78.5008   506.377   73.5727   651.457    67.549   815.257   63.0312   988.417   58.5135   1189.66   54.2467   1376.86   50.6861   1573.42   47.4852   1802.74   44.6044   2050.78   41.5635   2252.02   39.3229   2481.34   37.0823    2748.1   35.1618    2982.1   33.2412   3276.94   31.3207   3576.46   29.4002   3861.94   27.9598

1    7    3    7   127.296   102.377   183.456   96.8781   258.336    91.647   351.936   85.7534   497.017   79.0601   665.497   72.6399   866.737   66.7662   1077.34   61.3022   1311.34   56.6578   1596.82   51.6036   1830.82   48.3253   2074.18   45.3201   2308.18   42.5881   2574.94   39.9927   2832.34   37.8071   3080.38   36.0313   3375.22   33.9823   3604.54   32.7529   3805.78   31.5236   3946.18   30.8406

1    8    3    8   127.296   108.839   192.816   102.692   272.376   96.6814   370.656   90.8076   487.657   84.9338   576.577   81.1847   716.977   76.2219   857.377   71.9036   1002.46   67.7311    1180.3   63.7024    1367.5   59.6738    1578.1   55.7891   1816.78   52.4798   2106.94    48.739   2378.38   45.7175   2621.74   43.1277   2879.14   40.8256   3183.34   38.3796   3501.58   36.0776    3754.3   34.6388

1    9    3    9   136.656   115.067   206.856   106.866   286.416   101.111   394.056   94.6366   543.817   87.0109   745.057   79.6731   965.017   73.1985   1208.38   67.5872    1437.7   62.5514   1690.42   57.9473    1929.1   54.3503    2233.3   50.7533   2504.74   47.7318   2757.46   45.2859   2991.46   42.9838   3220.78   41.1134    3450.1   39.2429   3693.46   37.6602   3875.98    36.797    3964.9   36.5092

1   10    4    7   136.656   144.345   178.776    136.88   258.336   129.415   356.616   121.951   464.256     116.1   595.297    109.24   768.457   102.381   946.297   95.9246   1142.86   89.6703   1348.78   84.6265    1578.1   79.3809   1830.82   74.1354   2149.06   69.2933   2462.62   64.8548   2705.98    61.425   2986.78   58.3987   3347.14   55.1706   3571.78   53.1531   3744.94   51.9426   3875.98   51.1356

1   11    4    9   131.976   159.678   174.096   153.827   263.016   144.749   361.296   137.082   468.936   130.021   599.977   123.447   716.977   117.722   880.777   111.601   1067.98   104.494   1316.02   97.9783   1540.66   91.9306    1788.7   86.4528   2060.14   81.1517   2392.42   75.8506   2696.62    71.387   3024.22   67.6577   3398.62   63.9285   3674.74   61.0099    3871.3   59.3885    3918.1   58.7399

1   12    4   10   131.976   167.375   183.456   159.754   263.016   152.134   365.976   143.702   473.616    136.73   618.697   128.947   754.417   122.786   913.537     116.3   1072.66   110.301    1320.7   103.005   1592.14   95.8705    1812.1   91.1683    2069.5   86.1419   2392.42    80.467   2696.62    75.927   2991.46   72.3598   3258.22   68.9549   3501.58    66.847    3730.9   64.9013   3932.14   62.7935

1   13    5   10   131.976   214.765   220.896   202.946   323.856   192.035   450.216   182.034   571.897   174.079   674.857   167.715   805.897   161.123   965.017   154.304   1100.74    147.94   1259.86   142.031   1451.74   135.439   1638.94   130.666   1849.54   124.529   2050.78   119.756    2303.5   114.528   2579.62   109.527   2808.94   104.527    3075.7   100.663   3337.78   96.5715   3698.14   92.2529

1   14    5   11   136.656   225.902   202.176   214.992   272.376   206.128   361.296   197.491   487.657   188.429   595.297   181.061   735.697   172.743   932.257   162.999   1114.78   154.919   1353.46   146.125   1545.34   140.161   1732.54   133.923   2003.98   127.256    2209.9   122.524   2509.42   116.717    2865.1   109.835   3141.22   105.352   3436.06   101.157   3744.94   97.4549   3899.38   95.4806

1   15    5   12   136.656   233.931   225.576    220.11   328.536   209.005   431.496    199.38   585.937   189.508   726.337   180.377   848.017    173.96   1007.14   165.569    1180.3   159.153   1330.06   153.045   1498.54   147.035    1671.7   141.995    1905.7    135.21   2144.38   129.976   2387.74   124.354   2617.06   119.314   2963.38   112.917   3267.58    108.07   3529.66   105.163   3721.54   102.061

1   16    6   12   248.976   267.974   342.576   257.254   473.616   246.096   599.977   236.689   726.337     227.5   857.377   219.843   1011.82    211.31   1166.26   203.434    1344.1   195.777   1573.42   188.338   1751.26   181.993   1980.58   174.117   2205.22    168.21   2425.18   161.866   2649.82   156.177   2883.82    150.27   3080.38   146.551    3239.5   143.978    3403.3   141.607   3571.78   139.427

1   17    6   13   337.896   268.027   431.496   259.581   562.537   247.865   712.297   237.658   857.377   228.168   1035.22    218.12   1213.06   210.584   1409.62   201.778   1634.26   193.221   1830.82   186.123   2041.42   178.877    2280.1   171.631   2542.18   165.646   2808.94   159.345   3071.02   153.674   3281.62   149.579   3468.82   146.744   3623.26   145.484   3744.94   143.594   3861.94   142.963

1   18    6   14   431.496   270.235   548.497   258.894   684.217   248.183   848.017   237.173   1025.86   226.123    1250.5    216.49   1451.74   206.291    1624.9   201.728    1812.1    193.83   2032.06   187.414   2247.34   180.503   2462.62   175.074   2673.22   169.151   2855.74   165.696   3080.38    160.76   3272.26   156.811    3450.1   153.356   3618.58   150.888   3763.66   151.876   3857.26   150.395

1   18    6   14   440.856   268.728   557.857   257.569   707.617   246.167   876.097   235.492   1114.78   222.635   1292.62   214.387   1451.74   207.109    1648.3   200.073   1849.54   192.068   2149.06   183.577   2387.74   176.299   2551.54   172.417   2776.18   166.595   2949.34   162.714   3117.82   159.317   3290.98   155.921   3440.74   153.495   3627.94   150.099   3768.34   149.128   3908.74   147.673

1   19    7   15    1437.7   270.184   1475.14   266.881    1531.3   263.919   1596.82   260.958    1671.7   257.502   1746.58   254.047   1816.78   250.592   1891.66   247.631    1975.9   244.176   2083.54   240.227   2200.54   235.785   2289.46   232.823   2364.34   229.862   2462.62     226.9    2560.9   223.445   2663.86   220.484   2762.14   218.016   2855.74   215.054   2925.94    213.08   3010.18   212.093

1   19    7   15    1437.7   270.184   1475.14   266.881    1531.3   263.919   1596.82   260.958    1671.7   257.502   1746.58   254.047   1816.78   250.592   1891.66   247.631    1975.9   244.176   2083.54   240.227   2200.54   235.785   2289.46   232.823   2364.34   229.862   2462.62     226.9    2560.9   223.445   2663.86   220.484   2762.14   218.016   2855.74   215.054   2925.94    213.08   3010.18   212.093

*TeleNo     ParticleNo              Z              A      X(i),Y(i)       ***         X(20),Y(20)
1   19    7   15   1423.66   269.769   1503.22   265.344   1582.78   262.026   1676.38   256.219   1798.06   251.241   1915.06   246.264   2013.34   242.669   2125.66   238.797   2214.58   235.203   2308.18   232.161    2397.1   228.566   2495.38   226.354   2598.34   222.759   2720.02   219.164   2837.02   216.675    2911.9   214.739   2986.78   213.357    3052.3   211.421   3113.14   210.038   3197.38   208.103

2    0    1    1   139.667   10.5728   148.937   9.86373   164.387   9.34559   176.746   8.74564   189.106   8.03661   220.006   7.32758   244.726   6.83671   275.626   6.34584   309.615   5.88224   337.425     5.555   371.415   5.25502   414.674   4.79142   470.294   4.40964   522.823   4.08239   578.443   3.83696   640.242   3.59152   714.402   3.34609   788.561   3.15519    862.72   2.93703   1001.77   2.71887

*TeleNo     ParticleNo              Z              A      X(i),Y(i)       ***         X(20),Y(20)
2    0    1    1   135.503   10.9256   152.892     9.849    170.28   9.11689   181.873   8.55705   196.363   7.91107   219.548   7.35122   236.937   6.92057   265.918   6.44685   289.102    6.1454   326.777   5.75781   364.453   5.32716   410.822   4.85344   451.395   4.50892   503.561   4.20747   567.319   3.90601   628.179   3.64762   723.816    3.3031   810.759   3.08777   894.804   2.87245   990.441   2.78632

2    1    1    2   135.503   15.8781    170.28      14.5   210.854   12.9497   260.121   11.3563   309.389   9.89207   349.962   8.90157   390.536   7.73881   457.192   6.96364   555.727   6.10233   660.058   5.41329   767.288   4.85344   891.906    4.2936   1013.63   3.86294   1138.24   3.64762   1239.68   3.51842   1346.91   3.26003   1439.65   3.08777   1541.08   3.04471   1613.53   2.91551   1735.25   2.91551

2    2    1    3   147.096    19.108   196.363   16.8686   260.121   14.7154   358.657   12.1745   445.599   10.2366    535.44   8.38479   639.772   7.22203   790.472   6.27459   920.887   5.62862   1016.52   5.32716   1138.24   4.93957   1262.86   4.59505   1419.36   4.25053   1558.47   3.94907   1712.07   3.69068   1885.95   3.47536   1990.28   3.38923    2120.7    3.3031   2227.93   3.13084   2364.14   3.08777

2    3    2    3   136.656    44.444   174.096   41.9079   230.256   39.3719   295.776   36.5641   365.976    34.211   450.216   31.4198   543.817   29.1868   637.417   27.1472   740.377   25.1869   871.417   23.1423   988.417   21.1951   1184.98   19.0532   1362.82   17.3981   1535.98   15.8404   1732.54   14.6721   1901.02   13.4064    2116.3   12.5301   2331.58   11.3618   2509.42   10.7892    2724.7   10.2198

2    4    2    4   141.336    50.277   225.576   45.6334   291.096   42.3441   408.096   38.1842   548.497    34.121   698.257   30.5416   857.377   27.6393   1030.54   24.9305    1227.1   22.6087    1484.5   19.8999   1746.58   17.6748   1994.62   16.0302   2284.78   14.6758   2523.46   13.5149   2738.74   12.6442    2982.1   11.8703   3290.98   10.9996   3562.42   10.1289   3758.98   9.74195   3885.34   9.93544

2    5    2    6   136.656   60.3103   183.456   57.3517   234.936   54.1533   314.496   50.5551   412.776   46.8769   515.737   43.4386   642.097   40.0003   791.857    36.482   950.977   33.5235    1110.1   30.9648   1301.98    28.486   1493.86   26.2471   1713.82   24.0882   1938.46   22.1691   2223.94     20.33    2467.3   18.7308   2808.94   17.2115   3178.66   15.6123   3571.78   13.9332   3946.18   12.9736

2    6    3    6   136.656   97.8759   188.136   92.2934   263.016   87.1297   361.296   81.2682   473.616   75.9648   614.017   70.6615   815.257   64.6604   1021.18   59.2176   1245.82   54.1934   1418.98   50.9835   1662.34   47.2153   1896.34   44.0054   2167.78   40.7955   2448.58   38.0639    2724.7    35.641   2986.78   33.8825    3262.9   32.2581   3529.66   30.7691   3791.74   29.5508   3932.14   29.1447

2    7    3    7   131.976   104.679   197.496   98.4392   291.096   91.7981   389.376     86.19   506.377    80.877   670.177   74.3835   862.057   68.3326   1021.18   64.2003   1222.42   59.6253   1418.98   55.7882    1695.1   51.2222   1943.14   47.8262   2275.42   43.8448   2542.18   41.3432    2841.7   38.6589    3122.5   36.6313   3440.74   34.2917    3707.5    32.888   3908.74   32.1081    3964.9   31.6198

2    8    3    8   136.656   110.633   206.856   103.912   281.736   98.2812   394.056   91.9239   511.057   85.9298   674.857   79.2092   852.697   73.5784   1035.22   68.4925   1255.18   63.4066    1531.3   58.1391   1802.74   53.7798   2106.94   49.7837   2429.86   45.9693   2715.34   43.0631   2991.46   40.7018   3220.78   38.8854    3403.3   37.4323   3548.38   36.5241   3702.82   35.6159   3810.46    35.071

2    9    3    9   136.656   116.808   192.816   110.814   258.336   105.547   356.616   99.1062   497.017   91.5682   660.817   84.6857   824.617   78.9502   997.777   74.0342   1194.34   69.2819    1414.3    64.202    1671.7   59.7775   1966.54    55.353   2228.62    51.584   2476.66   48.8086    2748.1   46.0584   3038.26     43.48    3286.3   41.7611    3543.7   40.0422    3730.9   38.6671   3843.22   37.8076

2   10    4    7   155.376   144.135   244.296   135.117   342.576   127.001   431.496   120.689   553.177   114.151   651.457   109.642   787.177   104.006   908.857   99.9479    1110.1   93.6355   1316.02    87.774    1554.7    81.687   1755.94   77.4035   2013.34   72.6692   2214.58   69.2875   2392.42   67.0331   2645.14   63.6514   2996.14   59.5934   3253.54   56.8881   3510.94   54.6336   3763.66   52.8301

2   11    4    9   136.656   162.621   202.176   154.474   286.416    146.43   394.056   137.825   511.057   130.904   637.417   124.356   787.177   117.809   936.937   111.636   1142.86   105.088    1414.3   97.2315    1671.7   91.0583   1919.74   85.8204   2247.34   79.6471   2532.82   75.5316    2865.1   70.8549   3150.58   67.6748   3492.22   63.7463   3702.82   61.6886   3838.54   60.5662   3955.54   59.6308

2   12    4   10   136.656   171.685   192.816   162.892   300.456   152.791   412.776    143.25   553.177   135.019   712.297   127.162   885.457   120.241   1091.38   112.571   1287.94   106.211   1568.74    98.541    1788.7   93.6772    2069.5   88.2523   2312.86   83.6029    2560.9   79.7006   2837.02   76.0174   3183.34   71.5629   3459.46   68.8054   3716.86     66.26   3899.38   64.3509   3946.18   63.9267

2   14    5   11   136.656   230.996   220.896   216.947   305.136   207.391   426.816   196.342   534.457   189.175   660.817   180.622   801.217   173.416   997.777   163.716   1245.82   153.461   1521.94   143.761    1812.1    135.17   2111.62    127.41    2443.9   119.927   2790.22   113.552   3085.06   108.286    3356.5   103.852   3576.46   101.081   3721.54   99.4177   3843.22   97.7549   3950.86   97.2006

2   15    5   12   141.336   238.268   220.896   225.797   305.136   215.542   417.456   205.011   553.177   195.865   787.177   181.176   1002.46    170.09   1245.82   160.667   1493.86   151.244   1755.94   143.484   2060.14   134.338   2331.58   128.518   2546.86   123.589   2743.42   120.315   3038.26   114.858   3300.34   110.857   3539.02   106.855   3763.66   103.945   3890.02   103.581   3946.18   102.854

2   16    6   12   291.096   270.916   384.696   260.003   487.657   250.545   604.657   241.814   712.297   233.812   829.297   226.172    1016.5   217.442   1175.62   209.439    1297.3   203.263   1447.06   197.139    1648.3   189.683   1868.26   181.694   2102.26   174.238   2284.78   169.179   2425.18   165.184   2640.46   160.125   2879.14   154.266   3103.78   150.006    3356.5   146.011   3641.98   141.485

2   17    6   13   351.936   273.031   468.936   261.847   567.217   252.826   716.977    242.49   866.737   233.188   1011.82   223.886   1217.74   214.584    1414.3    205.54   1638.94   196.238    1882.3   187.711    2116.3   181.251   2359.66     173.5   2612.38   167.298   2897.86    160.58   3164.62   154.637    3333.1   152.053    3496.9   149.211   3646.66   147.144   3791.74   145.077   3927.46   143.785

2   18    6   14   468.936   275.169   557.857   265.133   660.817   255.767   773.137   247.404   913.537   239.375   1035.22   231.681    1110.1   228.001   1301.98   217.965   1573.42    207.26   1802.74   199.232   2041.42   191.203   2308.18    182.84    2560.9   176.149   2851.06   169.459   3103.78   163.103    3356.5    158.42    3543.7   155.743   3702.82   153.736   3815.14   152.064   3913.42    151.06

2   19    7   15    1484.5    270.82   1545.34   267.868    1601.5   264.906   1667.02   262.438   1727.86   259.477    1835.5   255.035   1933.78   251.086   2055.46    246.15   2205.22   240.721   2345.62   235.291    2467.3   231.343   2556.22   228.381    2677.9   224.432   2808.94   220.977    2911.9   218.509    3005.5   216.041    3099.1   212.586   3188.02   211.106   3290.98   208.144   3365.86   207.157

3    0    1    1   142.939   10.7847   156.174    10.085     166.1   9.48532   179.335    8.8523    192.57   8.28591   205.805   7.71952   228.966   7.18645   255.437   6.72001   288.524   6.25358   324.921   5.78714    381.17   5.25407   420.875   4.85427   467.197    4.5211   526.755   4.08798    592.93   3.78813   652.488   3.58823   718.663   3.38833   804.691   3.12179   894.028   2.95521     996.6   2.72199

3    1    1    2   142.886   15.5518   175.213     14.08   214.006   12.7395   265.729   11.4254   307.754   10.3215   340.081   9.34898   388.572   8.06109   459.692   7.16746   537.277   6.32639   637.491   5.74816   728.007   5.22249    850.85   4.61798   951.064   4.22373   1048.05    3.9609   1157.96   3.69806   1293.73    3.4878   1419.81   3.22496   1529.72   3.04098      1617   2.96213   1736.61     2.857

3    2    1    3   142.886   18.9424    171.98   17.6282   220.471   16.0512   265.729   14.6056    314.22   13.2389   382.107   11.7408   440.296    10.558   488.786   9.48039   546.975   8.40278   618.095   7.48286   740.938   6.64179   844.385   6.06356   980.159   5.48533   1135.33   4.95966   1293.73     4.434   1497.39   4.01346   1697.82   3.69806   1933.81   3.40895   2143.94   3.22496   2383.16   3.06726

3    3    2    3   146.016   43.9909   202.176   40.9002   258.336   38.5588   333.216   35.1871   426.816   32.3774   534.457   29.5677   637.417   27.1326   791.857   24.2292   927.577   21.9814   1119.46   20.0146   1311.34   18.0478   1517.26    16.081    1718.5   14.6761    1905.7   13.5522   2106.94    12.803   2284.78   11.9743   2486.02   11.0372   2640.46    10.439   2790.22   10.1399   2954.02   9.64136

3    4    2    4   146.016   50.3205   192.816   47.3294   248.976   44.1389   328.536   40.5496   440.856   37.1596   543.817   34.0688   721.657   29.9809   904.177   26.8901    1086.7   24.2978   1316.02   21.5061   1517.26    19.512    1718.5   18.0726   1938.46   16.4845   2191.18   15.1082   2415.82   13.9436   2663.86   12.8848   2925.94   12.1437   3197.38    11.085    3450.1   10.6974   3679.42   9.88001

3    5    2    6   141.336   60.6594   206.856   56.1638   286.416   52.0769   417.456   46.6618   529.777   42.9837   679.537   39.2033   848.017    35.423    1086.7   31.5404   1325.38   28.0666   1582.78   25.4101   1830.82   23.1623   2060.14   21.4254   2298.82    19.995   2574.94   18.3603    2911.9   16.7255    3239.5   15.3973   3468.82   14.6821   3651.34   14.0691   3787.06   13.8647   3955.54    13.456

3    6    3    6   150.696   96.6216   239.616   88.8849   347.256   82.6619   464.256   76.7753   595.297   71.0569   777.817   65.1703   946.297   60.9656   1128.82   56.5927   1325.38   52.7244   1545.34    48.856   1779.34   45.3241   1980.58   42.8012   2228.62   40.2784    2443.9    38.092   2691.94   35.9055   2897.86   34.3918   3108.46   32.7099   3319.06   31.1962   3557.74   30.1871   3819.82   29.0098

3    7    3    7   136.656   104.358   216.216   96.7898   305.136   90.3986   412.776   84.6802   548.497   78.6254   684.217   73.9161   857.377   68.3659   1049.26   63.1521   1255.18   58.9473   1456.42    55.079   1760.62   50.3697   2008.66   46.8378   2298.82   43.6422   2570.26   40.9512   2851.06   38.4283   3183.34   35.7373   3454.78   34.0554   3698.14   32.7099   3838.54   32.0372   3950.86   31.5326

3    8    3    8   146.016   110.581   206.856   103.854   319.176   96.2852   440.856   89.3895   581.257   83.6711   735.697   77.9527   936.937   71.5615   1128.82   66.8522   1311.34   62.4793   1498.54   58.9473   1690.42   55.5587   1915.06   52.3114   2167.78   49.1641   2415.82   46.1916   2640.46   43.7437   2954.02   41.1209   3211.42   38.9192   3454.78   37.6853    3707.5   35.9886   3875.98   35.0631

3    9    3    9   141.336   118.047   211.536   110.026   300.456   103.085   417.456   95.8356   553.177   89.3573   731.017   82.4163   965.017   75.0125   1170.94   70.0767   1400.26   64.8324   1652.98   59.8965   1910.38   56.0404    2186.5   52.3385    2537.5   48.6366   2804.26    45.706   3080.38   43.0838   3314.38   41.3871    3543.7   39.9989   3716.86   38.9192    3824.5   38.3022   3927.46   38.3022

3   10    4    7   141.336   144.988   211.536   136.792   333.216   127.197   482.977   118.202   614.017   111.605   782.497   104.608   904.177   99.4108   1152.22   92.0145   1358.14   87.0169   1582.78   81.2198   1802.74    76.822    2022.7   73.0238   2275.42   69.0258   2532.82   65.0278   2804.26   61.6295   3094.42   58.6224   3365.86    56.667   3482.86   55.4281   3651.34   53.9415    3754.3   52.9503

3   11    4    9   141.336   161.973   192.816   155.779   272.376   147.354   394.056   138.682   548.497   129.266   707.617   121.337   894.817   113.904    1110.1   106.471   1306.66   100.276    1578.1   93.0905   1849.54   86.8961   2060.14   82.9729   2261.38   79.7769   2500.06   76.0898   2743.42   73.1591   2949.34   70.2748   3178.66   67.1687    3403.3     64.95   3618.58   62.8555   3796.42   61.4744

3   12    4   10   136.656   171.958   192.816    164.19   248.976   157.457   333.216   150.725   450.216   142.611   562.537   135.706   707.617    128.11   871.417   121.357   1030.54   115.086    1297.3   106.725   1526.62   100.663   1760.62   95.0187    2022.7   89.1658   2322.22    84.149   2570.26   79.9683    2841.7   75.9967   3131.86   72.6522    3379.9   69.7257   3656.02   66.7993   3875.98    65.127

3   13    5   11   146.016   230.813   197.496   221.016   291.096   209.748   403.416   198.971   543.817   189.663   688.897   180.111   843.337   172.028   1025.86   163.455   1217.74   155.616   1428.34   147.533   1620.22   141.165   1849.54   134.797   2064.82   129.163   2317.54   123.284   2579.62   117.651   2855.74   112.507    3099.1   108.343   3389.26   104.424   3665.38    100.75   3927.46   97.0757

3   14    5   12   141.336   241.961   202.176   229.848   267.696   222.026   351.936   212.436   473.616   201.838   632.737   191.492   763.777   183.114   936.937   174.036   1124.14   166.153   1353.46   157.075   1540.66   151.103   1732.54   144.414   1989.94   137.486   2195.86   131.752   2434.54   127.213   2645.14   122.674   2883.82   118.374   3117.82   114.446    3379.9   110.544   3609.22   107.834

3   15    6   12   347.256   263.733   454.896   254.102   557.857   245.675   665.497   238.452   777.817   230.928   918.217   222.802   1067.98   215.278   1222.42   207.453   1400.26   200.229   1535.98   194.107   1704.46   188.235   1849.54   182.897    2022.7   177.559    2209.9   172.107   2383.06   168.115   2556.22   163.846   2752.78    158.44   2996.14   153.887   3234.82   149.903   3431.38   145.635

*TeleNo     ParticleNo              Z              A      X(i),Y(i)       ***         X(20),Y(20)
3   15    6   12   305.136   266.611   412.776   257.599   515.737   249.118   656.137   239.311   796.537   230.034   960.337   221.287   1105.42   213.865   1255.18   206.444   1386.22   200.083   1592.14   192.131   1821.46   184.444   1994.62   178.348   2177.14   173.047   2378.38   167.746   2551.54    162.71   2729.38   158.204    2888.5   154.228    3075.7   150.517   3248.86   147.602   3384.58   145.481

3   16    6   13   408.096   268.997   478.297    262.37   571.897   255.479   693.577   246.467   833.977   236.925   932.257   230.299   1124.14   219.962   1306.66   211.745   1493.86   203.793   1643.62   198.492   1816.78   192.131   2018.02   184.974   2228.62   178.348   2415.82   173.577    2607.7   167.746   2785.54   164.565   2954.02   160.059   3136.54   156.879   3328.42   152.638   3562.42   148.397

3   17    6   14   511.057   270.892   609.337   263.683   698.257   256.752   819.937   247.324   941.617   239.284   1058.62   232.352   1184.98    225.42   1489.18   211.834   1681.06   204.625   1872.94   198.248   2083.54   189.652    2280.1   183.552   2471.98   178.839   2705.98   173.016   2874.46   168.302   3056.98   164.698   3206.74   161.093   3370.54   158.875   3487.54   155.825   3670.06    153.33

4    0    1    1   142.642   10.7759   156.162   9.85347   176.443   9.05139   189.964   8.36963   213.624   7.72797   237.285   7.08632   271.087   6.60507   304.888   6.20403   331.929     5.803   369.111   5.36186   413.052   5.00093   460.374   4.63999   507.696   4.35927   555.018   4.11864    615.86   3.83792   680.083    3.5973   747.686   3.35668   838.949   3.15616   920.072   2.91554   1014.72   2.75512

4    1    1    2   152.782   15.2274   200.104   13.3826   271.087   11.2571    342.07   9.57274   406.292   7.76808   504.316   6.80559   578.679   6.32435   636.141   5.88321   703.744   5.40196   781.487   5.08113    869.37    4.6801   980.915   4.35927   1078.94   4.03844    1170.2   3.95823   1247.95    3.6374   1352.73   3.47699   1447.37   3.35668   1548.78   3.19626   1640.04   3.03585   1768.49   2.99574

4    2    1    3   139.262   18.3955   203.484   16.6711   274.467   14.5857    358.97   12.7008   429.953   11.1368   500.936   9.65295   578.679   8.08891   727.405   7.00611   835.569   6.36445   876.097   6.14663   983.737   5.69315   1128.82   5.08851   1311.34    4.6048   1493.86   4.27225   1652.98   3.96993   1826.14    3.7583   1980.58   3.54668   2135.02   3.33506    2280.1   3.27459   2439.22   3.12343

4    3    2    3   150.696   43.4795   230.256   39.4455   328.536   35.1743   436.176   32.0895   562.537   29.0048   684.217   26.1573   824.617   23.9426   983.737    21.807    1133.5   19.7505   1306.66   18.0103   1479.82   16.6657   1667.02    15.321   1816.78   14.3719   1971.22   13.5018   2158.42   12.5527    2303.5   11.7617   2486.02   10.8916    2677.9   10.3379   2869.78   9.94246   3141.22   9.15149

4    4    2    4   141.336   49.8776   197.496   46.0825   281.736   42.4023   342.576   40.0512   440.856   37.0749   548.497   33.9001   656.137   31.3207   777.817   28.9396   927.577   26.4594   1077.34   24.4752   1287.94   21.8957   1517.26   19.9115   1751.26   17.9273   1985.26   16.5384    2233.3   15.0502   2425.18   14.0581   2696.62   13.2644    3075.7   11.7763    3403.3   10.7842   3805.78   9.99047

4    5    2    6   141.336   59.5552   230.256   54.4508   328.536   50.0273   468.936   44.9906   637.417   40.1596   787.177   36.7675   955.657   33.5811   1175.62   30.3946   1404.94   27.5165   1652.98    24.844   1947.82   22.5827   2177.14   20.9381   2453.26   19.2934   2734.06   17.9572   2991.46   16.7237   3290.98   15.5931   3482.86   14.7707    3660.7   14.2568    3801.1   13.7429   3936.82   13.6401

4    6    3    6   141.336   96.0143   206.856   90.0132   295.776   84.5703   365.976   80.5231   482.977   75.0082   618.697   70.2805   749.737   65.6961   908.857   61.6847    1063.3   58.1032   1278.58   53.3755   1475.14   50.2237   1709.14   46.7854    1952.5   43.3471   2158.42   41.1982    2373.7   39.0492   2691.94    36.184   2954.02   34.4536   3258.22   32.5431   3571.78   30.6194   3861.94   28.9881

4    7    3    7   146.016   101.744   216.216    95.708   295.776   90.1616   398.736   85.2677   497.017   80.3738   623.377   75.5311   777.817   70.2863   904.177   66.6649    1039.9   63.1684    1227.1   59.2972   1442.38   55.1763   1662.34   51.8046   1910.38    48.308   2144.38   45.4359   2387.74   42.8135   2659.18   40.3159   2925.94   38.3034   3272.26    35.638    3613.9   33.4169   3922.78   31.8827

4    8    3    8   146.016   108.481   216.216   101.546   300.456   95.8431   422.136     89.37   525.097   84.5922   642.097   79.9686   801.217   74.5743   969.697   69.7966    1110.1   66.2799   1264.54   62.9048   1475.14   58.8368   1784.02   54.0725    2046.1   50.4632   2322.22   46.9982   2649.82   43.9664   2996.14   40.7902   3347.14   38.0471   3609.22   36.1702    3871.3   34.8709    3941.5   34.2934

4    9    3    9   146.016    114.42   197.496    108.79   286.416   102.293   384.696   96.0851   506.377   90.0214   670.177    83.669   824.617   78.3272   1002.46   73.4185   1217.74   68.0767    1437.7   63.8899   1652.98    59.703   1877.62   56.5268   2106.94   53.2062   2392.42   50.1744   2612.38   47.5757   2827.66   45.5545   3117.82   42.9557   3351.82   41.0789   3641.98   39.0577   3875.98   37.6139

4   10    4    7   155.376   141.983   230.256   132.817   328.536   125.706   445.536   118.144   595.297   111.402   759.097   103.998   974.377   96.5943   1166.26   90.6713   1409.62   84.7483    1624.9   79.8124   1854.22   75.3702   2125.66   71.1855   2429.86   66.1677    2748.1   62.8404   3033.58   59.4317   3258.22   57.0251   3548.38   54.3998    3777.7   52.4307   3913.42   51.9932   3969.58   51.5556

*TeleNo     ParticleNo              Z              A      X(i),Y(i)       ***         X(20),Y(20)
*TeleNo     ParticleNo              Z              A      X(i),Y(i)       ***         X(20),Y(20)
*TeleNo     ParticleNo              Z              A      X(i),Y(i)       ***         X(20),Y(20)
4   11    4    9   141.336   160.253   202.176   151.832   300.456   142.874   398.736   136.065   501.697   129.436   665.497   121.194   824.617   114.923    1016.5   107.756   1208.38   102.202   1418.98   95.9308    1648.3   91.0932   1886.98   86.2556   2097.58   82.1347   2308.18   78.8558   2523.46   75.1843    2818.3    71.706   3071.02   68.2277   3361.18   64.9427   3585.82   63.0103    3754.3   61.6336

4   12    4   10   141.336   168.234   216.216   157.844   323.856   148.909   408.096   142.348   529.777   135.504   656.137   128.837   824.617   121.116   979.057   114.975    1180.3   108.482   1404.94   102.165   1638.94   96.7258   1901.02   90.7599   2125.66    86.853   2383.06   82.3357   2668.54   78.1659    2935.3   74.6911   3183.34   71.0425   3440.74   68.4364   3623.26   67.0465   3796.42   65.3091

4   13    5   10   141.336   215.546   197.496   206.333   281.736   198.911   370.656   190.978   487.657   180.741   688.897   168.968   899.497   158.987    1133.5   149.262   1372.18   140.561   1629.58   132.627   1872.94   125.717   2130.34   119.319   2401.78    114.06   2612.38   109.607   2874.46    105.76   3136.54   101.675   3375.22   98.4651   3670.06    94.213   3885.34   91.7564   3936.82   91.1649

4   14    5   11   146.016   224.938   230.256   212.475   328.536   202.505   417.456   194.279   548.497   185.057   688.897   176.831   894.817   166.113   1105.42   157.389   1372.18   148.166   1592.14   139.941   1830.82    133.46   2158.42   125.733   2457.94   119.252   2720.02   114.516   3024.22   109.032   3267.58   105.543   3581.14   100.807   3740.26   99.0619    3871.3   97.0679   3936.82   96.5693

4   15    5   12   150.696   232.167   239.616   220.202   328.536   210.481   487.657   197.769   651.457   186.303   848.017   176.831   1058.62   165.864    1344.1   154.896   1629.58   145.175   1961.86   135.703   2237.98   129.222   2593.66   122.243   2921.26   116.012   3211.42   111.534   3501.58   107.664   3688.78   105.257   3829.18   103.919   3932.14   102.314   3927.46   102.581   3974.26   102.581

4   16    6   12   263.016   269.984   356.616   259.733   482.977    247.66   637.417   237.182   773.137   227.843   941.617   218.731    1203.7   205.747   1395.58   198.003    1531.3    192.08   1704.46   186.233   1901.02    179.77   2097.58   173.589   2298.82   167.969    2514.1   162.631   2752.78    156.73   2963.38   151.673   3173.98   148.301   3370.54   144.573   3599.86   141.502   3815.14   137.749

4   17    6   13   365.976   270.678   450.216   259.624   576.577   249.703   716.977   239.783   880.777   229.579    1039.9   220.792   1194.34    213.14   1339.42   206.731   1540.66   198.885   1760.62    191.62   2027.38   183.193   2294.14   175.637   2532.82   168.663   2804.26    162.56    3028.9   156.748    3262.9   152.389   3454.78   149.638   3665.38    146.07   3787.06   144.065   3885.34   142.183

4   18    6   14   482.977    268.23   609.337   257.748   754.417   246.461   927.577   235.173    1086.7   226.842   1259.86   219.048   1465.78   209.641    1671.7   201.847   1924.42   193.516    2163.1   185.722   2369.02    179.54    2584.3   173.897   2822.98   168.521   3094.42   162.071   3295.66    158.04    3496.9   154.546   3623.26   152.665   3735.58   151.052    3824.5   149.977   3932.14   148.633

5    0    1    1   127.909   11.3091    149.11   10.0001   173.843   8.93654   205.644   7.90026   251.578   7.05487   308.113   6.31857    357.58   5.74589   414.115   5.33683    491.85   4.68234   558.984   4.30056   626.119   3.97331   696.787    3.7006   763.922   3.48244   838.123   3.31882   898.191   3.18247   965.326   3.01884   1025.39   2.90976    1099.6   2.90976   1149.06   2.85522   1223.26   2.82795

5    1    1    2   127.909   15.8632   152.643   14.8815   195.044   13.7089   233.911   12.5362   283.379   11.3363   332.847   10.0274   375.247    9.1547   414.115   7.98207   495.383   7.16396   573.118   6.48219   675.587    5.8277   799.256   5.25502   922.925   4.76415   1071.33   4.24601    1216.2   3.86423   1371.67   3.59152   1484.74   3.40063   1604.87   3.26428   1749.74   3.12792   1891.08   3.04611

5    1    1    2   134.976   15.5087    180.91   13.9816   230.378   12.6453   286.912   11.4727   318.713   10.4091   368.181   9.31832   399.981   8.36386   488.316    7.2185   604.919   6.23676   725.054   5.63681    855.79   5.06413   1004.19   4.46418    1152.6   4.05512   1286.87   3.75515   1435.27   3.53698   1562.47   3.37336   1654.34   3.26428   1778.01   3.01884   1884.01   2.93703   2011.21   2.99157

5    2    1    3   134.976   19.2448    170.31   17.6631   223.311   16.1632   276.312   14.7179   343.447   13.1362   417.648   11.6363    491.85   10.3273   569.585   8.99108   650.853   7.79118   763.922   6.94579   905.258   6.20949   1060.73   5.63681    1226.8    5.0914   1399.93   4.68234   1601.34   4.21874   1855.74   3.75515   2085.41   3.53698   2304.49   3.34609   2551.82   3.23701    2770.9   3.07338

5    3    2    3   131.976   44.5237   211.536    40.699   281.736   37.9936   370.656   34.9152   482.977     31.93   628.057   28.8515   754.417   26.0529   899.497   24.1871   1049.26   21.9482   1199.02   20.3623   1358.14   18.6832   1545.34   17.1906   1713.82   16.0711    1929.1   14.8584   2177.14   13.6457    2373.7   12.6195   2603.02   11.6866   2851.06   11.1269   3047.62   10.5672   3244.18   10.0075

5    4    2    4   131.976    50.321   183.456   47.6821   239.616   45.0431   314.496   42.3266   398.736   39.4548   478.297   37.2039   585.937   34.4097   735.697   31.6156   857.377   29.3647   993.097   27.1914   1217.74   24.3973   1428.34    22.224   1629.58   20.4389   1901.02   18.4208   2214.58   16.6357   2495.38   15.2386   2752.78   13.9967   3042.94   12.9877   3323.74   12.0563    3801.1   10.8921

5    5    2    6   131.976    61.032   192.816   57.0736   277.056   52.8823   380.016   49.0792   525.097   44.8103   684.217   40.8988   871.417   36.9842   1105.42   33.2475   1358.14   29.8667   1610.86   27.1712   1886.98   24.7594   2195.86   22.5138   2439.22   21.0168   2766.82   19.3534   3080.38   17.9395   3375.22   16.6088   3510.94   16.3282   3656.02   15.6603   3787.06   15.3264    3964.9   14.8812

5    6    3    6   131.976   97.7445   216.216   90.8383   337.896   83.5412   487.657   77.4168   656.137   71.8136   824.617   66.4711   1021.18   61.6498   1269.22   56.6981    1507.9   52.5283   1779.34   48.8798   2060.14   45.1009   2336.26   42.3645   2663.86   39.3674   2954.02   36.7613   3244.18   34.8067   3445.42    33.634   3665.38   32.4612   3796.42     31.94   3908.74   31.0278   3974.26   30.7672

5    7    3    7   131.976   104.781   211.536   98.0051   319.176   91.3595   431.496   85.6261   585.937   79.3714   745.057   74.4375   932.257   69.4061   1114.78   65.1731   1330.06   60.7104   1568.74   56.4193   1816.78   52.8147   2097.58   49.3819   2392.42    45.949   2663.86    43.546    2958.7   40.9713    3216.1   39.0833   3468.82   37.1983   3688.78   35.8626   3861.94   34.8609   3969.58   34.1931

5    8    3    8   136.656   110.992   206.856   104.314   295.776   98.6376   394.056   93.1281   506.377   88.1194   688.897   81.7752   862.057   76.4326   1035.22   71.7579   1287.94   66.2484    1531.3   61.7406    1765.3   57.9007   2064.82   53.8937   2340.94   50.3877   2705.98   47.0486   2972.74   44.2104   3159.94   42.8747   3417.34   41.0382   3656.02   39.2017   3857.26   37.8661   3960.22   37.5322

5    9    3    9   136.656   116.266   216.216    109.73   295.776   104.033   389.376   98.6707   515.737   92.8057   651.457   87.6898   819.937   82.4793   993.097   77.5111   1170.94     73.27   1362.82   69.2529   1587.46   65.1253   1840.18   60.9977    2116.3   57.0031   2312.86   54.8437    2584.3   51.7588   2804.26   49.2905   3056.98   47.1389   3272.26   44.9874   3529.66   43.3738   3773.02   41.5808

5   10    4    7   131.976   145.124   211.536   137.311   389.376   125.059   492.337   119.199   688.897   111.209   857.377   104.994   1049.26   98.7791    1273.9   92.3867   1451.74   88.3683   1667.02   83.9743    1882.3   79.5483   2135.02   75.3331   2411.14   71.1179   2691.94   67.8324   2991.46   63.9035   3300.34   60.7112   3595.18   58.2556   3787.06   56.2912   3899.38   55.8001   3955.54   55.5545

5   11    4    9   127.296   163.133   197.496   154.638   314.496   145.449   478.297   135.221   651.457   127.072   801.217   120.657    1016.5   113.549   1287.94   105.054   1540.66    98.986    1812.1    92.918   2018.02   88.7571    2209.9   85.8098   2411.14    82.169    2677.9   78.5282   2921.26   75.0607    3145.9   72.4602   3393.94    70.033   3599.86   67.9525    3754.3   66.3922   3936.82   65.0052

5   12    4   10   131.976   171.802   192.816   163.827   295.776   154.638   403.416   146.836   539.137   139.035   726.337   130.366   871.417   124.472   1067.98    117.71   1301.98   110.428   1559.38   104.187   1840.18   97.9457    2139.7   92.2245    2350.3   88.4168   2579.62   84.9989   2785.54   81.9064   3033.58   78.6512    3262.9   75.7216   3482.86   73.2802   3716.86   71.1919    3871.3   70.0872

5   13    5   10   127.296   221.035   197.496   212.548   272.376   203.819   375.336    195.09   464.256   188.786   553.177   182.681   660.817   176.708   805.897   169.541   960.337    163.12   1152.22   155.259   1325.38   149.246   1493.86   144.098   1709.14   138.125   1933.78   132.153    2163.1   126.386   2453.26    120.62    2794.9   114.029    3145.9   108.675   3445.42    104.35    3754.3   100.849

5   14    5   11   127.296   231.008   174.096   223.261   258.336   214.541   361.296   204.703   478.297   195.982   628.057   186.815   824.617   176.306    1016.5   168.921    1227.1   160.532   1447.06   152.955   1699.78   145.108   1989.94   137.531    2233.3   131.307    2514.1   125.624   2799.58   120.413   3085.06   115.614    3356.5   111.942   3595.18   108.658   3810.46   105.609   3932.14   104.985

5   15    5   12   131.976   241.559   192.816   230.818   277.056   220.077   365.976   212.079   473.616    204.08   623.377   194.253   773.137   186.405   946.297   178.138   1142.86   169.653   1316.02   163.345   1526.62   156.166   1746.58   150.403   1980.58    143.99   2312.86    135.78    2607.7   129.367   2893.18    123.98   3225.46   119.105   3510.94   115.257   3744.94   111.922   3932.14   110.126

5   16    6   12   281.736   273.567   361.296   265.057   473.616   255.627   623.377   245.276   796.537   235.156   913.537   229.175   1091.38   219.745   1306.66   210.085   1568.74   199.734   1826.14   191.454   2050.78   184.554   2298.82   177.653    2584.3   170.983    2841.7   165.233   3042.94   160.632   3225.46   157.642   3407.98   154.192   3571.78   150.512   3702.82   148.212    3847.9   145.912

5   17    6   13   351.936   278.168   436.176   268.507   543.817   260.227   674.857   251.256   796.537   243.666   936.937   235.846   1096.06   226.645   1287.94   218.595   1470.46   211.235   1690.42   202.724   1947.82   195.134   2158.42   188.694   2406.46   182.253   2663.86   176.043   2930.62   170.523   3164.62   165.003   3365.86   160.862   3553.06   158.102   3721.54   154.422   3899.38   151.662

5   18    6   14   478.297   279.318   534.457   271.957   651.457   261.837   791.857   251.946   899.497   245.736   1077.34   236.076    1227.1   228.994   1395.58   222.209   1587.46   214.723   1798.06   207.236   1994.62   200.217   2219.26   194.368    2490.7   186.648   2743.42   181.501   3010.18    174.95    3216.1   171.207   3431.38   167.229   3581.14   163.954    3754.3   161.146    3871.3   159.041

5   19    7   15   1709.14   271.816   1826.14   266.881   1910.38   262.932   2032.06   258.983   2125.66   255.528   2195.86    253.06   2270.74   250.592   2359.66   247.631   2453.26   244.669   2570.26   241.214   2663.86   237.266   2780.86   234.304   2949.34   229.862   3127.18   224.926   3272.26   221.471   3431.38   216.535   3557.74   214.067    3684.1   211.106   3796.42   209.625    3894.7   209.131

6    0    1    1   144.949   10.8458   166.786   9.85181   183.164     9.145   196.812   8.32775   229.567   7.57676   248.675   7.04666   275.971   6.62699   311.456   6.11897    355.13   5.61095   393.344   5.23545   437.018   4.85996   483.421   4.52864   527.095   4.28567   576.228   3.93227   625.361   3.71139   693.602    3.5126   756.383   3.31381   824.623    3.1371   890.134   2.98249   980.211   2.82787

6    1    1    2   147.679   15.5063   183.164   14.2031   221.379    13.165   248.675   11.9281    281.43   11.1329   311.456   10.4924   344.211   9.56467   368.778   8.74742   406.992   7.84182   453.396   7.17918   513.447   6.69325   587.147   6.14105   1023.82   4.19084    1132.5   3.80906   1214.94   3.63285    1282.4   3.45664   1368.59   3.36853   1469.77   3.19232   1559.72   3.04548   1649.66   2.95738

6    2    1    3   154.398     18.64   184.378   17.3184   229.348   15.9381   278.066   14.4697   326.783   13.1775   382.996   11.8559   461.694   10.4463   517.906   9.33028   589.109   7.92061   705.282   6.98082   832.698   6.21725   1001.34   5.45368   1166.23   4.95442   1364.84   4.48453   1567.21   4.01463   1743.34   3.75032   1919.48   3.51537    2110.6   3.28043   2290.48   3.13359   2492.85   3.04548

6    3    2    3   146.016   44.1888   197.496   41.3645   258.336    38.285   337.896   35.3867   440.856   32.4884   543.817   29.7712   656.137   26.9634   754.417   25.0614   876.097   23.4311   1002.46    21.348    1180.3   19.5365   1325.38   18.2329    1461.1   16.8622   1596.82   15.8184   1727.86   14.8695   1877.62   13.8257   2050.78   12.8768    2280.1    11.833   2542.18   11.0738   2813.62     10.03

6    4    2    4   141.336   50.4538   211.536   46.0888   305.136   41.9135   412.776   38.3077   511.057   35.1762   670.177   31.4755   819.937   28.3441   993.097   25.5922   1189.66    23.125   1386.22   20.9425   1582.78   19.3294   1779.34    17.906   2008.66   16.3877   2200.54   15.1929    2443.9   14.2734   2649.82   13.2517   2869.78   12.4343    3099.1   11.7191   3276.94   11.1061   3510.94   10.5728

6    5    2    6   146.016   60.4282   211.536   55.9393   295.776   51.9279   398.736     47.63   511.057   44.0007   674.857   39.4163   848.017   35.6915   1002.46   32.9217   1194.34   30.0565   1428.34   27.1912   1681.06   24.6125   1943.14   22.5113   2252.02   20.5057   2481.34    19.073   2729.38   17.7359   2963.38   16.7808   3234.82   15.7302   3501.58   14.6796   3702.82   14.0111   3927.46   13.3425

6    6    3    6   150.696    96.529   225.576   89.9051   319.176    84.335   426.816   78.8257   567.217   73.0816   731.017   67.1864   894.817   62.9539   1124.14   57.5122   1372.18   52.2216   1592.14   48.9336   1769.98   46.2448   1994.62    43.459   2214.58   40.6732   2471.98   38.5429    2794.9   35.5933   3047.62    33.463   3365.86   31.6604   3674.74   30.0217   3885.34   28.8746    3941.5   28.5469

6    8    3    8   146.016   111.011   239.616   102.333   333.216   95.5264   468.936   88.3796   614.017   82.2537   768.457   76.9787   913.537   72.3554   1100.74   67.3697   1301.98   63.1925   1475.14   59.8188   1681.06    56.017   1901.02      52.8   2149.06   49.5831   2411.14   46.5124    2607.7   44.7577   2846.38   42.4181   3089.74   40.2248   3314.38   38.4701   3529.66   37.1541   3815.14   35.6918

6    7    3    7   146.016   103.686   225.576    96.521   319.176    89.941   431.496    84.092   548.497   79.1204   698.257   73.8563   866.737   68.2998    1063.3   63.7668   1213.06   59.8188   1418.98   56.1632   1699.78    51.484   1891.66   48.9982   2149.06   45.4888   2415.82   42.7106    2654.5   40.6634   2930.62   38.0314    3192.7   35.9843    3426.7    34.522   3618.58   33.3522   3857.26   32.1824

6    9    3    9   141.336   117.139   225.576   109.243   319.176   102.662   422.136   95.7899   562.537   89.5023   731.017   82.9222   918.217   76.7808   1128.82   71.5167   1325.38   66.5451   1535.98   62.5655   1769.98   58.9455   1971.22   55.9391   2200.54   53.0983   2476.66    49.784    2724.7   47.0289   2986.78   44.5039   3290.98   41.9788   3562.42   39.9854    3707.5    39.188   3833.86   38.6564

6   10    4    7   141.336   144.116   225.576    136.38   300.456   129.903   394.056   123.606   506.377   117.129   618.697   111.552   759.097   105.972   913.537   100.543    1086.7   94.6787   1278.58     89.42   1517.26    83.598   1826.14   76.8368   2074.18   72.3294   2392.42    66.883    2677.9   63.3146   2972.74   59.7463   3272.26   56.7534    3543.7   54.1788    3730.9   52.5944   3908.74   51.8022

6   11    4    9   146.016   161.918   216.216   153.204   309.816   144.688   426.816   137.162   539.137   129.636   731.017   120.526   927.577       113   1124.14   106.068   1353.46   99.9284   1587.46   93.1947   1886.98   87.0551   2172.46   81.9058   2495.38   76.9546   2837.02   72.3994   3141.22   68.0423   3337.78   65.8637   3510.94   63.8832   3632.62   62.6949   3796.42   61.7047    3918.1   60.7144

6   12    4   10   150.696   172.217   206.856   163.701   291.096   154.392   412.776   145.282   557.857   135.974   698.257   129.042   824.617   123.244   1021.18   116.146   1217.74   109.909    1437.7   103.027    1671.7   97.8647   1877.62   93.1773    2092.9   88.6347   2336.26   84.5247   2556.22   80.7433   2808.94   77.2969    3075.7   73.6207   3328.42   70.6337    3567.1   68.3361   3773.02    66.498

6   13    5   11   150.696   228.694   230.256   217.517   314.496   208.027   408.096   199.803   497.017   193.055   660.817     182.3   848.017   171.966   1002.46   165.007   1199.02   157.204    1390.9   149.824   1592.14   142.703    1812.1   136.356   2050.78   130.235   2322.22   124.401   2617.06   118.081   2907.22   112.976   3188.02   108.357   3440.74   104.225   3641.98   101.308    3824.5   98.8767

6   14    5   12   146.016   240.112   234.936   226.538   328.536   215.386   450.216   204.449   614.017   192.653   787.177   182.788   974.377   173.352   1161.58   165.631   1404.94   155.552   1573.42   149.687   1793.38   143.024    2069.5   135.902   2322.22   129.698   2612.38   123.954   2930.62   117.291   3220.78   113.155   3492.22   109.019    3707.5   105.803   3885.34   103.965   3960.22   102.816

6   15    6   12   356.616   264.047   445.536   255.804   567.217    245.73   693.577   237.487   824.617   229.244   960.337   221.951   1105.42   214.442   1255.18   206.605    1437.7   199.422    1648.3   190.607   1844.86   184.403   2078.86    177.22   2322.22   170.037   2551.54   163.833   2743.42   159.915   2949.34   155.344   3178.66   151.099   3347.14    148.82   3510.94    145.48   3656.02   143.996

6   16    6   13   389.376   269.248   497.017   260.507   609.337   251.767   726.337   244.407   852.697   236.126   1025.86   226.926   1189.66   218.416    1344.1   211.285   1493.86   203.925   1737.22   195.415   1910.38   189.894   2074.18   184.834   2252.02   180.234   2401.78   175.404   2528.14   171.494   2715.34   166.893   2893.18   163.213   3136.54   158.613   3361.18   154.703   3553.06   152.863

6   17    6   14   534.457   268.605   637.417   259.739   773.137   251.202   908.857   242.336   1067.98   233.142   1222.42   224.605   1386.22    217.71   1545.34   209.829   1699.78   203.919    1905.7    197.68   2083.54   192.426   2275.42   185.859    2443.9   181.262   2617.06   176.665   2808.94   170.755   3033.58   166.486    3239.5   162.217   3454.78   158.605   3609.22   156.635   3768.34   154.008

*TeleNo     ParticleNo              Z              A      X(i),Y(i)       ***         X(20),Y(20)
7    0    1    1   133.622   10.1981   149.838   9.47928   159.568   8.87551   172.541   8.27173   188.757   7.72546   214.703   7.17918   247.135   6.66166   273.081   6.23039   299.027   5.88538   328.216   5.51161   363.892    5.1666   402.811   4.76408   444.973   4.50532   477.405   4.27531   519.568   4.01655   574.703   3.75779   642.811   3.49903   707.676   3.29777   779.027   3.09651   869.838   2.89525

7    1    1    2   140.108   14.9995   179.027   13.5907   221.189   12.1531   276.324   10.3706   331.459   8.78925   399.568   7.49545   477.405   6.60416   607.135   5.71287   701.189    5.1666   824.432   4.62032   941.189    4.1603   1070.92   3.87279   1184.43   3.64278   1297.95   3.47027   1382.27   3.29777   1450.38   3.15401   1531.46   3.06776   1589.84    2.9815   1661.19   2.95275   1722.81   2.89525

7    2    1    3

    7    2    1    3   136.865   18.5647   162.811   17.1846   198.487   16.0058   247.135   14.5395   289.297   13.2744   344.432   11.8656   402.811   10.7443   467.676   9.30677   532.541   8.07047   623.351   7.12168   740.108   6.43165   876.324   5.74162   1002.81    5.2241   1139.03   4.76408   1284.97   4.36156   1440.65    4.0453      1632   3.78654   1820.11   3.49903   2066.59   3.21151   2290.38   2.95275

7    3    2    3   136.656   43.2635   197.496   39.8131   253.656   37.0305   333.216   34.0253   440.856   31.0202   553.177   27.9037   674.857    25.455   782.497   23.5219   927.577    21.311   1100.74   19.1001   1255.18    17.466    1414.3   16.1202   1550.02   14.8499   1709.14   14.0669   1844.86   13.2644   1980.58   12.6045   2125.66   11.9446   2298.82   11.1904   2476.66   10.6489    2631.1   10.1806

7    4    2    4   141.336   48.8746   220.896    44.027   328.536   39.5026   454.896   35.3013   585.937   31.8542   702.937    29.161   857.377   26.5757   1053.94   23.4516   1283.26   21.0817   1535.98    18.604   1769.98   16.7727   2032.06   15.2646   2317.54   13.7564   2598.34   12.6792    2794.9   11.9988   3000.82   11.4072   3197.38   10.7171   3417.34   9.73116   3627.94   9.33678    3801.1   8.54462

7    5    2    6   136.656   58.8951   211.536   53.8102   337.896   48.0273   482.977   43.0422   628.057   38.9543   819.937   34.7667   1025.86   31.1774    1250.5   27.7875   1465.78   25.3531   1676.38   23.3863   1919.74   21.3258   2120.98   19.9209   2383.06   18.5161   2593.66   17.5329    2818.3   16.3215   3000.82   15.4242   3230.14   14.5848    3450.1   13.7982   3665.38   13.2935   3843.22   12.7636

7    6    3    6   136.656    94.394   202.176   88.7105   267.696   84.0291   384.696   77.2749   506.377   72.2092   595.297   68.6562   712.297   64.7855   843.337   61.2374   1049.26   56.2378   1222.42   52.6896    1414.3    48.819   1615.54   45.4321   1854.22   42.3678   2135.02   39.4648   2364.34   36.7677   2617.06   35.0181   2902.54   32.7913   3173.98   30.7235   3445.42    29.133    3684.1   28.4967

7    7    3    7   136.656   101.504   202.176   95.3008   309.816   87.9841   417.456    82.099   520.417   77.3273   642.097   72.5556   819.937   66.8295   1025.86   61.4216   1222.42    57.127   1428.34   53.3097    1624.9   50.2876   1896.34   46.3111   2153.74     43.13   2378.38   40.7441   2617.06   38.3583    2888.5   35.9724   3141.22   34.5409   3398.62   33.1094   3609.22   31.6779   3852.58   30.7235

7    8    3    8   136.656   108.184   197.496   101.822   286.416   95.1417   380.016   89.5747   501.697   83.5305   609.337   79.0769   740.377   74.4643   880.777   70.1697   1053.94    65.398   1241.14   61.1035   1433.02   57.6042   1667.02   53.3097    1952.5   49.6513   2205.22   46.1521   2439.22   43.7662   2710.66   41.1814   2944.66   39.0721   3234.82   36.6778   3510.94    35.073    3754.3   34.0031

7    9    3    9   136.656   114.484   211.536   106.251   309.816   98.6381   426.816   91.9578   571.897   85.2775   702.937   80.4615   857.377   75.2743    1039.9   69.7591   1325.38   63.4561   1568.74   58.7288    1835.5    54.159   2120.98   50.8176   2457.94   46.7548   2710.66   44.4727   2949.34    42.368   3220.78   40.1015   3440.74   38.8063   3618.58   37.5307   3791.74    36.569   3904.06   36.4087

7   10    4    7   131.976   141.423   197.496   133.715   305.136   125.023   440.856   116.831   609.337   107.453   787.177   100.049   969.697   93.1392   1152.22   88.2034   1334.74   83.2675   1517.26   78.3317   1732.54    74.383   1901.02   70.9279   2102.26   67.9664    2350.3   65.0049   2565.58   61.0563   2822.98   58.6212   3071.02   56.0225   3323.74   53.1589   3510.94   52.6653   3665.38   52.1718

7   11    4    9   131.976   158.968   183.456   151.164   267.696   143.514   370.656   135.638   511.057   126.958   642.097   120.014   763.777    114.49   950.977   107.546   1114.78   101.864   1330.06   95.5513   1559.38   89.7119   1774.66   84.9772    1975.9    80.716   2200.54   77.2438   2486.02   72.8248   2705.98   69.8261   2897.86   67.4588   3136.54   64.1445    3379.9   61.7772   3721.54   59.0942

7   12    4   10   131.976   167.307   206.856   157.251   323.856   146.552   440.856   137.881   618.697    127.31   787.177   119.829   946.297   113.486   1128.82   107.306   1362.82   100.475   1620.22   93.1563   1901.02   87.3015   2135.02   83.1483   2359.66   78.9541   2570.26   76.0944   2860.42   72.0908    3192.7   67.8966   3407.98   66.0258   3576.46   64.4183   3749.62   62.8108   3913.42   61.6626

7   13    5   10   131.976   214.739   202.176   205.592   277.056   196.191   370.656   187.045   492.337    178.66   581.257   172.055   721.657   164.178   857.377   157.064   1025.86   149.696   1231.78   141.566   1442.38    133.69   1676.38    126.83   1924.42   120.732    2186.5   114.634   2476.66   108.791   2738.74   103.709   2972.74   99.7243   3272.26   95.7887   3539.02    92.296   3721.54   90.4332

7   14    5   11   136.656   225.252   188.136   216.171   253.656   206.857   361.296   196.612   478.297   187.298   599.977   178.915   721.657    171.93   885.457   163.547   1044.58   155.642   1199.02   149.386   1395.58   142.167   1587.46   136.321   1798.06   130.015   2032.06   124.185   2284.78   117.998   2570.26   112.957   2869.78    107.21   3155.26   102.761   3422.02   98.6369   3688.78   95.4832

7   15    5   12   141.336   233.499   202.176   222.271   277.056   213.408   394.056   201.239   534.457   190.398   679.537   180.884   862.057    171.02   1077.34   161.665   1278.58   152.557   1498.54   144.187   1737.22    137.54   1961.86   130.647   2242.66   124.247   2523.46   118.585    2818.3   113.291   3183.34   107.516   3487.54   103.247   3735.58   100.233   3899.38   98.7268    3964.9   98.5686

7   16    6   12   263.016   267.168   356.616   256.416   492.337    243.34   651.457   231.716   791.857   222.417   908.857   215.152    1110.1   205.271    1273.9   197.955   1475.14    189.72    1671.7   181.486   1896.34   174.672   2144.38    167.29   2406.46   159.056   2663.86   153.661   2939.98   147.698   3211.42    142.02   3407.98    139.18    3567.1   136.057    3707.5   134.353   3829.18   133.218

7   17    6   13   356.616   268.654   440.856   257.013   567.217   245.372   721.657   234.582   904.177    224.36   1077.34   214.139   1264.54   205.621   1428.34   197.671    1695.1   187.733   1910.38   180.635   2200.54   171.833    2490.7   163.599   2734.06   157.879   2986.78   152.777   3206.74   148.396   3436.06   144.015    3684.1   140.645   3852.58    138.96   3946.18   137.949   3913.42   138.286

7   18    6   14   445.536   269.377   520.417   259.941   651.457   247.729   848.017   234.902   1053.94   223.615   1222.42   214.892   1381.54   207.196   1629.58   196.934   1821.46   190.375   1985.26   184.452   2181.82   179.023   2425.18     173.1   2649.82    166.19    2888.5    160.76   3117.82   156.318   3370.54   151.382   3576.46   146.446   3688.78   145.953   3773.02   145.953   3880.66   143.978

8    0    1    1   159.768   10.9764   177.851   9.65295   193.351   8.85088   214.018    8.0488   234.685   7.28683   268.269   6.64518   307.019   6.04362   348.353   5.48217   394.854   4.96082   438.771   4.51968   490.438   4.19885   544.689   3.87802   591.189    3.6775   648.023   3.51709   702.274   3.27647   761.691   3.07595   805.608   2.91554   844.359   2.87543   880.526   2.75512   908.943   2.75512

8    1    1    2   159.768   15.7086   198.518   14.1446   234.685   12.6607   278.602   11.2571   327.686   9.81336   363.853   8.65036    407.77   7.60766   469.771   6.76549   562.772   5.96341    637.69   5.36186   720.357   4.92072   815.942   4.43947   911.526   4.11864   1009.69   3.75771   1100.11   3.55719   1200.86   3.35668   1299.03   3.19626   1373.95   3.11605    1443.7   3.03585   1528.95   3.07595

8    2    1    3   164.934   18.7966   206.268   16.9518   252.769   15.3477   301.853   13.9841   343.186   12.6607    400.02   11.3774   472.355   9.69305   524.022   8.61025   575.689   7.64777   655.773     6.966   756.524   6.28424   865.026   5.64258   989.027   5.08113   1115.61   4.63999   1229.28   4.27906   1353.28   3.87802   1446.28   3.79782    1583.2    3.5973   1725.29   3.35668    1939.7   3.23636

8    3    2    3   160.056    44.444   211.536   41.8173   258.336   39.0096   319.176    36.335   403.416   33.4446   506.377   30.4338   632.737   27.0616   796.537   24.0507   946.297   21.2807   1096.06   19.5947    1250.5    18.029   1418.98   16.1869   1568.74   14.8671    1765.3   13.6415   1966.54   12.5102    2163.1   11.3789   2383.06   10.6247   2518.78   10.0591   2663.86   9.68198   2762.14   9.21061

8    4    2    4   174.096   49.7479   263.016   44.7138   356.616   40.4917   459.576   36.9191   609.337   32.7782   745.057   29.4492   918.217   26.2015   1072.66   24.0092   1287.94   21.2486   1493.86   19.2999   1709.14   17.5136   1924.42   15.8898    2139.7   14.6718   2383.06   13.3727   2612.38    12.236   2827.66   11.3429   3038.26   10.8557   3244.18   9.88137   3524.98   8.90703   3833.86   8.17628

8    5    2    6   164.736   60.5467   234.936   55.9998   305.136   52.3564   408.096   47.8142   543.817    43.373   679.537   39.2345   848.017    35.298    1016.5   32.2698   1208.38   29.2417    1461.1   26.0117    1718.5   23.4882   1980.58   21.1264    2303.5   19.0563   2612.38   17.1012   2930.62   15.7212   3155.26   14.6861   3417.34   13.6511   3581.14   13.0761   3726.22    12.731    3847.9    12.271

8    6    3    6   160.056   98.1087   220.896   92.0957   319.176   85.5952   436.176   79.0948   585.937   72.7568   749.737   66.9063   927.577   61.5434   1100.74   57.1556   1292.62   53.0928    1507.9   49.0463   1690.42   46.0759   1915.06    43.017   2177.14   39.7626    2420.5   37.2684   2640.46   35.4298   2893.18   33.0396   3220.78   30.8333   3501.58   29.1786   3665.38   28.2593   3796.42   27.5238

8    7    3    7   164.736   104.561   258.336   96.2874   370.656   89.1169   515.737   81.3947   702.937   74.2242   866.737   68.7084   1025.86   64.4465   1213.06   59.8654   1404.94   55.6509    1648.3    51.253   1872.94   47.9921   2125.66   44.6605   2383.06    41.855   2617.06   39.4001    2958.7   36.4193    3216.1   34.4905    3520.3   32.3863   3749.62   30.9836   3922.78   30.1068   3974.26   29.5808

8    8    3    8   160.056   111.116   263.016   101.998   380.016   94.2043   515.737   87.4021   656.137   81.0534   848.017   74.5535   1082.02   67.6002   1334.74   61.7049   1573.42   57.1701   1816.78   52.9377    2092.9   49.1587   2289.46    46.589   2532.82   43.7169   2790.22   41.1472   3019.54   39.3333   3276.94   37.0659    3496.9   35.7054   3698.14    34.345   3852.58   33.2869   3955.54   32.8334

8    9    3    9   164.736   117.483   253.656   108.565   361.296   101.158   482.977    93.902   614.017   88.0404   768.457   81.6732   955.657   76.1019   1194.34   69.4163   1442.38    63.845   1685.74   59.0696   1933.78   54.9309    2303.5   49.9963    2560.9    47.131    2841.7   44.1066   3136.54   41.4005   3398.62   39.4903   3604.54   37.8985   3768.34   36.7843   3880.66   36.5329   3950.86   35.9814

8   10    4    7   160.056   146.743   267.696    134.81   422.136   123.466   576.577   114.496   815.257   103.943    1133.5   92.8625   1372.18   86.0031    1578.1   80.9905   1755.94   76.8171   1901.02   74.2737   2055.46   71.2971   2200.54   69.0685   2387.74   65.9449   2579.62   63.6411   2785.54   60.8765    3052.3   57.6512   3267.58   55.3474   3454.78   53.5044    3613.9   52.3525   3740.26   51.2006

8   11    4    9   164.736   162.705   239.616   154.411   337.896   145.656   454.896   136.902   614.017   127.917   815.257   118.702    1016.5   109.947   1245.82   102.806   1456.42   96.5854   1657.66   91.6774   1844.86   87.3266    2092.9   82.1471   2331.58   78.2106    2560.9    74.067   2762.14   71.6281   2991.46   68.4099    3239.5   65.1918   3487.54    62.577   3670.06   60.9679    3824.5   59.3589

8   12    4   10

    8   12    4   10   164.736   170.989   225.576   163.145   337.896   152.887   459.576   143.635   614.017   134.583   754.417   127.343   950.977   119.096   1138.18   112.257   1306.66   106.373   1498.54    101.39   1690.42    96.209   1872.94   92.0455   2041.42   88.2745   2247.34   84.5036   2518.78   79.9784   2776.18   75.8303   3000.82   72.8094   3206.74   70.3291   3417.34   67.8543   3646.66    65.437

8   13    5   10   169.416   219.827   267.696   207.379   389.376   194.931   557.857   182.483   731.017   171.772   960.337   159.034   1189.66   149.481    1507.9   137.612    1812.1   128.638   2102.26   120.822   2364.34   115.611   2598.34   110.401    2841.7   106.348   3042.94   102.585   3276.94   99.4002   3478.18   96.5054    3637.3      93.9   3768.34   93.0315   3857.26   91.5841   3946.18   90.7156

8   14    5   11   164.736   231.406   248.976    218.09   351.936     206.8   497.017   194.931   665.497    184.22   838.657   173.798   1030.54   164.245   1208.38   157.008    1461.1   147.455   1737.22   137.902   1961.86   131.823   2167.78   126.322   2406.46   120.822   2673.22   114.743    2958.7   109.822    3216.1   105.769   3492.22   102.295   3693.46   99.6897    3847.9   97.3738   3955.54   96.5054

8   15    5   12   169.416   239.447   253.656   226.962   347.256   215.746   464.256   206.222   585.937   196.488   763.777   185.272   946.297    175.96   1124.14    166.86   1269.22   161.472   1409.62   155.538   1559.38   150.188   1727.86   145.105   1915.06   139.219   2153.74   132.799   2392.42   127.181   2673.22    120.76   2916.58    116.48   3244.18   111.129   3524.98   107.116   3875.98   103.371

8   16    5   13   160.056   249.706   225.576   237.667   380.016   221.884   520.417    209.31   665.497   198.829   852.697   188.323    1063.3   177.584   1269.22   168.245   1526.62   157.973   1793.38   149.101   2036.74   141.397   2284.78    135.56   2518.78   129.724   2762.14   125.159   2949.34    121.67   3155.26    118.18   3389.26   114.441   3623.26    111.45    3777.7   109.955    3894.7   109.207

8   17    6   12   277.056   276.953   351.936   267.745   445.536   258.663   557.857   250.207   716.977   237.993   843.337   230.164   988.417   221.835   1138.18   213.549    1320.7   204.932   1535.98   195.983   1769.98   186.946   2018.02   178.771   2294.14   171.177    2537.5   164.493    2748.1   159.262   3000.82   153.916   3234.82   149.217   3468.82   145.105   3665.38   141.875   3852.58    138.35

8   18    6   13   361.296   277.556   459.576   267.571   543.817   259.641   702.937   248.188   852.697   238.496   1007.14   228.511   1194.34     219.7   1428.34   207.072   1629.58    199.73   1868.26   190.626   2083.54    182.99   2336.26   176.823   2617.06   169.481   2851.06   163.607    3099.1   158.027   3347.14   152.741   3534.34   149.804    3707.5    146.28    3847.9   143.343   3960.22   142.462

8   19    6   14   464.256   278.143   571.897   267.571   679.537   258.466   801.217   249.069   950.977   241.433   1053.94   234.972   1213.06   226.601    1414.3    216.91    1601.5   208.129   1821.46   199.347   2036.74   192.383   2228.62   186.932    2467.3   180.876   2738.74   173.865   2968.06   167.834   3183.34   162.756   3393.94   158.948   3609.22   154.897   3819.82   151.293   3950.86    149.19

8   20    7   15   1564.06   273.533   1652.98   268.428   1732.54   265.124   1802.74    262.12   1868.26   259.417    1929.1   257.014   1971.22   254.612   2027.38   251.909   2097.58   249.506    2186.5   246.202   2308.18   241.697   2406.46   238.093   2509.42   234.489   2640.46   230.884    2748.1    226.98   2874.46   223.075   2991.46   219.171    3145.9   214.666   3258.22   211.662   3384.58   208.058

*TeleNo     ParticleNo              Z              A      X(i),Y(i)       ***         X(20),Y(20)
9    0    1    1   141.336   11.6881   174.096   10.4443   216.216    9.2782   244.296   8.42306   291.096   7.56793   319.176   6.63506   384.696   5.74105   464.256   5.00253   534.457   4.53609   599.977   4.18627   740.377   3.60322   838.657      3.37   941.617   3.02018   1058.62   2.78696   1194.34   2.59261   1306.66   2.39826   1386.22   2.28165   1475.14   2.24278    1554.7   2.16504    1648.3   2.00956

9    1    1    2   141.336   16.4302   178.776   15.0698   216.216    13.826   267.696   12.6987   305.136    11.786   361.296   10.6028   412.776    9.7329   473.616   8.72377   539.137   7.71463   595.297   6.95064   670.177   6.06219   759.097   5.49951   880.777   4.96644   1035.22   4.43337   1208.38   3.95953    1461.1   3.45607   1709.14   3.13031    1929.1   2.95262    2186.5   2.65647   2429.86   2.47878

9    2    1    3   131.976   20.0997   174.096   18.4413   220.896   17.1678   267.696   15.8055   323.856   14.6505   389.376   13.2586   464.256   11.8963   539.137   10.8302   628.057   9.67522   726.337    8.6387   824.617   7.63179   922.897   6.80257    1016.5   5.94373    1156.9   5.44028   1348.78   4.87759   1512.58    4.4926   1774.66   4.01876   2135.02   3.54492   2532.82   3.21915    2958.7   2.89339

9    3    2    3   131.976   47.2275   211.536   42.6727   333.216   38.3077   454.896    34.512   604.657   30.8112   768.457   27.7959   946.297   24.7173    1180.3   21.9567   1376.86   20.0835   1592.14   18.2102    1788.7     17.02   1994.62   15.6517   2275.42   14.1781   2504.74   13.2117    2724.7   12.3354   2944.66   11.6768   3164.62   11.1931   3407.98   10.4192   3599.86   10.0322    3730.9    9.8387

