*SSDNum  CHNum   mean1     mean2     mean3    sigma1    sigma2    sigma3     Chi21     Chi22     Chi23     Xmin1     Xmax1     Xmin2     Xmax2     Xmin3     Xmax3
0         0     125.988   130.046   133.943  0.874158  0.775378  0.7615814.4297e-08   108.892   24.9418   123.775   127.496    128.02   131.792   132.159    135.67
0         1     118.448   122.551   126.452  0.715331  0.762084  0.6514826.68983e-09     143.2   8.78296   116.621   120.128   120.442    124.63   124.944   128.766
0         2      128.62    132.86   136.815  0.718931  0.765265  0.6994436.70442e-09   26.5503   26.3865    127.04    130.39   130.704   134.787   135.206   139.185
0         3     124.011   128.266   132.246  0.810374  0.833239  0.741036   77.7766   134.6153.2327e-09   121.621   125.547   125.809    130.52   130.782    134.08
0         4     128.667   132.902   136.773  0.805276  0.753562  0.732846   21.0714   41.0309   10.5884   126.521   130.657   130.971   134.636   135.054   138.771
0         5     131.401    135.73   139.729  0.745955  0.777999  0.7141256.34137e-08   21.1772   12.2673   129.521   133.081   133.605   137.583    137.74   142.033
0         6     143.711   148.058     152.1   0.79245  0.814482  0.8249172.30781e-07   78.3259   12.7854   141.678   145.238   145.709   150.264   150.368   153.876
0         7     132.333   136.672   140.748  0.767234  0.803463  0.7764526.36216e-08   170.296   11.0727   130.626   134.238     134.5   138.531   139.316   143.766
0         8     147.477   151.855   155.891  0.874601  0.753751    0.7401   207.914   68.7621   7.76624   145.411   149.599   150.018    153.84   154.154   158.708
0         9     126.833   131.239   135.393  0.810772  0.831152  0.682039   10.9906   125.9041.42961e-09   124.521   129.076   129.495   133.578   133.683   137.661
0        10     163.974   168.283   172.431  0.883921  0.866756  0.772452   88.2568    68.899   37.5217   161.312   165.343    166.39   170.264   170.473   175.132
0        11     124.729   128.975   132.848  0.861856  0.777504  0.739916   218.123   66.1657   19.9393   122.307   126.599   126.756   131.101   131.363   135.499
0        12     106.183   110.307   114.233  0.831377  0.775471  0.647437    438.97   143.9111.14049e-07   103.464   108.018   108.437   112.154   112.573   116.185
0        13     140.058   144.496   148.618  0.832153   0.80154  0.709016    85.764   123.836   10.3503   137.521   141.762   142.181   146.735   147.206   151.499
0        14     132.427       137   140.732   2.34937  0.588203  0.693168  0.4713085.0715e-09  0.802889   130.987   134.861   135.542   138.578    138.63    143.26
0        15     123.724   127.842     131.6   1.00991   0.83579  0.799273   17.6921   11.0315  0.957209   121.202   125.495   125.966   129.526    129.84   133.713
1         0     126.845   130.918    134.75   1.05986  0.809248  0.846235   3.82701   5.99887   1.87199   123.652   128.457    128.82   132.718   133.352   137.885
1         1     131.652   135.824   139.677      1.01  0.800521  0.724609   358.599   21.1521   23.6224   127.831    133.18   133.995   137.622   138.256   142.154
1         2     148.957    154.37   159.582  0.942209  0.912257  0.886023   595.898   121.131   25.9485   144.962   151.035   151.851   156.837     157.2   161.642
1         3     140.279   145.642    150.75  0.979097  0.876726  0.958239   428.804   194.059   21.4387   137.052    142.31   143.035   147.749   148.384    153.37
1         4     168.627   173.877   178.966  0.899469  0.851752  0.812911   203.753   86.6751   27.4592   166.143   170.676   171.582   176.749   177.021   181.917
1         5     163.375   168.852   174.088  0.955248  0.887794  0.824779   167.208   146.181   7.70938   160.412   165.851   166.123   171.472   171.835   176.458
1         6     143.016   148.377   153.472  0.910132  0.920385  0.768223    306.21   116.327   50.0008   140.415    145.22   145.764   150.296    150.84   157.277
1         7     156.186   161.536   166.749  0.933876  0.883227  0.778132   119.999   183.026   10.9794   153.775   158.579   158.942   163.565   164.653    169.73
1         8     165.257   170.553   175.651  0.922992  0.884682  0.790417   154.994   194.558   4.45832   163.143   167.313   168.129   172.934   173.568   178.101
1         9     142.461   147.779   153.006  0.978476  0.872636  0.853613   177.829   225.556   13.2389   139.506   144.492   145.126   150.203   150.837   156.095
1        10     160.599   165.959   171.116  0.933641  0.963411  0.945577   116.531   193.454   15.1473   157.959   162.672   163.024   168.398   169.103   173.332
1        11     163.729   169.087   174.193  0.923991  0.923232  0.849081   450.484   211.314   73.3192   160.418   166.038   166.492   171.387   171.478   176.735
1        12     144.791   150.247   155.431   0.88602  0.917247  0.849918    346.37   295.028   62.6822   141.959   146.854   147.398   152.475   152.656   157.823
1        13     148.266   153.679   158.694  0.895287   1.01744  0.858682   127.911   123.905   39.9552   146.052   150.222   150.676   155.299   155.752   160.557
1        14     172.199   177.522   182.464  0.912186  0.830608  0.783904   331.204   180.807   47.2821   169.418   174.404   174.676   179.752   180.115   184.557
1        15     168.512   173.632   178.561  0.921502   0.81413  0.753261   244.715   1.56936   8.03333   166.149   170.953   171.588   176.121   176.755   180.925
2         0     250.972   264.484    276.95   1.40633   1.34461   1.25378   206.249   135.756   14.4427   247.118   255.887   259.627   270.201   273.554   282.065
2         1     233.014   246.677   259.355   1.41727   1.33977   1.28094   475.587   509.044   107.682   228.665   237.563   241.303   250.459    255.36   264.387
2         2     237.272     250.7   263.165   1.42138   1.34279   1.23265   465.471   515.807   54.3066   233.378    241.76     245.5   254.785   259.299   268.841
2         3     208.835   222.309   234.737   1.42419   1.31732   1.26185   636.061   371.628   50.1424   203.604   213.663    217.79   226.301    231.33   239.068
2         4     225.101   238.561   250.943   1.40678   1.24178   1.32617   409.454   608.516   93.8659   220.991   228.858     233.5   241.882   246.009   255.165
2         5     216.983   230.341   242.769   1.37177   1.39441   1.33331   409.819   327.346   90.1924   213.281    220.76   225.532   234.172    238.17   248.357
2         6     224.425    238.11   250.992   1.39628   1.36606   1.23775    272.93   358.045   36.6736   220.697   228.821   233.851   242.104   247.778   255.129
2         7     217.911   231.315   243.708    1.4095   1.33769   1.41234   434.443   371.171   72.4427   214.249   222.889   226.887   235.398   239.009   249.068
2         8     238.902   252.434   265.138   1.34292   1.33967   1.27779   202.797   265.233    51.237   236.376   243.468   249.014   256.364   262.425   272.484
2         9     219.784   233.307   245.764   1.34985   1.27196   1.37411   419.901   428.349   35.1022   215.765   222.986   228.919   236.914   241.685   249.423
2        10     215.767    229.12   241.455   1.39238   1.26352   1.21128   358.503   387.314   113.343   211.699   220.339   225.498   232.719   237.491   247.678
2        11     233.179   246.602   259.022   1.33416   1.25083   1.20755   239.662   483.446   96.5561   229.668   236.631   241.919   250.172   254.427   263.197
2        12     227.148   240.647    253.04   1.36992   1.27922    1.3276   506.511   265.433   60.4226   223.249   230.986   237.305   244.398    249.17   258.068
2        13     220.184   233.615   246.146    1.3782   1.35515   1.25789   484.474   421.349   63.5887   215.765    223.76    228.79   236.656   242.459   249.939
2        14     250.187     263.4   275.627   1.41129   1.28952   1.27211   451.211   528.749   35.2824   246.154   253.891   257.889   266.916   271.559   279.554
2        15     209.112   222.519   234.985   1.41926    1.3893   1.32256   314.595   385.539   46.6218   205.215   213.984   217.337    226.88   231.394   240.292
3         0     396.003   417.704   438.531   1.76411    2.0245   2.03785   92.1758   192.656   50.5913   392.765   400.889   413.269   425.778    434.16   446.153
3         1     391.009   413.002   433.782   2.09473    2.0126   1.97578   404.806   588.276   80.0416   386.249   397.081   406.495   420.165   428.934   440.025
3         2     389.704   412.157   432.976   1.90989   1.76628   1.86162   223.968   90.3311   134.097   386.149    394.79   408.588   418.002   429.479   439.538
3         3     377.829   400.106   421.119   2.00372   1.90824   1.99852     218.2   189.482   49.7371    374.02   383.692    396.33   406.776   417.221    426.12
3         4     373.915   395.896    416.76   2.08364   1.95161   1.84883    496.61   514.454   46.0653   368.959   380.824   390.237   402.231   412.547   422.993
3         5     387.797   409.711   430.203   2.02735   2.04602   2.05483    178.72   233.325   139.148   384.152   393.824   404.914   415.875   424.387   435.993
3         6     401.425   423.257   444.142   1.84408   1.98357   1.97713   194.794   350.991   47.3054   397.796   406.437   417.914   428.875   440.095   450.669
3         7     395.653    418.01   438.876   1.93829   1.93033   2.22019   150.741   127.796   39.1168    392.31   400.692   414.104   424.936   434.479   444.385
3         8     392.962   414.986    435.65    2.2019   2.07249   2.50372   71.4809   95.6539   54.0429   388.765   398.179   410.946   420.875   430.289   440.864
3         9      387.39   409.588   430.464    2.0205   2.06798   2.00247   417.425   680.199   150.401   382.505   393.595   402.622    415.26   423.513   436.667
3        10     402.498   424.504   445.349   2.03717   2.13522   2.10741   336.328   611.765   62.1698   398.086   407.113   417.559   431.873   440.126   450.959
3        11     393.437   415.196   435.702   1.99311    1.9961   2.08424   373.264   569.111    89.543   389.186   398.858   409.174   420.136   430.065    441.93
3        12      401.48   423.432   443.715   2.05874   1.88451   2.04464   663.264   308.903   134.263   396.057    406.76    419.14   428.167   436.936   450.993
3        13     330.431   347.587   363.871   1.79273   1.70314    1.6177   1494.78   1028.89   229.624   322.067   335.551   339.371   352.404   353.978   369.034
3        14     331.013   348.175   364.175   1.84713   1.69331   1.77735   1781.98   974.171   110.915    320.38   336.629   339.982   354.425   358.036   369.127
3        15     404.268   426.298   446.923   2.06885   2.00521   2.08856   437.725   289.482   73.3242   398.959   410.179   421.011   431.973   441.129   453.767
