* Fitting the markers with func = [0]/x + pol6
* TeleNo     ParticleNo       Z         A          a0             a1             a2           a3             a4             a5             a6             a7
    0              0         1         1        3.82441        4.64827      -0.104584     -0.0225853    0.000118482    0.000115469    5.56902e-06   -5.64873e-07
    0              1         1         2       0.547063        8.05913      -0.482639      0.0100751    0.000734374   -1.81336e-05   -1.83931e-06    6.25288e-08
    0              2         1         3        1.39799        8.91603      -0.500465      0.0145274    0.000557215   -2.21501e-05   -1.38765e-06    5.03178e-08
    0              3         2         3        5.78123        16.9236      -0.342626     0.00193791    8.67294e-05   -1.08677e-06   -4.98962e-08    9.61557e-10
    0              4         2         4        2.73919        23.9451       -1.02977      0.0358473   -0.000554726   -2.66753e-06    1.65947e-07    -1.2428e-09
    0              5         2         6        4.60411        28.4593       -0.73409     0.00762861    8.03106e-05   -1.13534e-06   -2.16204e-08    2.59388e-10
    0              6         3         6       -3.89003        50.9193      -0.925719      0.0124715   -8.88939e-05   -3.20393e-07     8.4707e-09   -3.28341e-11
    0              7         3         7       0.966651        52.3031      -0.711355      0.0051369    -9.9167e-06   -1.34954e-07    7.20591e-10   -1.02764e-13
    0              8         3         8       -4.04057        56.5027      -0.792656     0.00666607   -1.94294e-05   -1.52754e-07    1.08998e-09   -1.22707e-12
    0              9         3         9        8.02291        57.0745       -0.65821      0.0038063   -3.58411e-06   -7.47474e-08    4.29467e-10   -1.25042e-12
    0             10         4         7       -3.78553        75.8697      -0.847534     0.00556337   -1.08311e-05   -8.19299e-08    4.23061e-10   -3.96063e-13
    0             11         4         9        1.41067        81.6385      -0.734028     0.00348054   -2.80987e-06   -4.05504e-08    1.40497e-10   -1.45271e-13
    0             12         4        10        5.72719        84.4925      -0.697277     0.00272539    2.53546e-06   -3.76372e-08    -7.7088e-11    5.73923e-13
    0             13         5        10       -12.0623        113.693      -0.859398     0.00409458   -7.55743e-06    -2.1629e-08    1.16809e-10   -1.31795e-13
    0             14         5        11       -3.41554        115.772      -0.779373     0.00311119   -4.07688e-06   -1.66363e-08    6.49713e-11   -5.60953e-14
    0             15         5        12       -28.0774        123.133      -0.861078     0.00386691   -7.26775e-06     -1.742e-08    1.16404e-10   -1.73404e-13
    0             16         5        13        -6.1872        124.906      -0.794768       0.003029   -3.62228e-06   -1.53333e-08    5.45555e-11   -4.40004e-14
    0             17         6        12        4.40228        145.838      -0.692667    0.000990128    5.81662e-06    -1.0901e-08   -8.29838e-11    2.15981e-13
    0             18         6        13        6.16368        151.143      -0.715377     0.00141374    2.85629e-06   -9.44843e-09   -4.02577e-11    1.19579e-13
    0             19         6        14        2.25278        157.409      -0.779601     0.00229631   -1.96398e-06   -8.23069e-09    2.29566e-11   -1.47606e-14
    0             20         6        15        4.73413        160.603      -0.727191     0.00171831   -9.12143e-08    -7.1931e-09    7.74986e-12     3.9051e-15
    0             21         7        14        3.25233        184.501      -0.535179    -0.00435251    6.94534e-05   -4.04567e-07    1.11525e-09   -1.19357e-12
    0             22         7        15        6.65944         190.35      -0.680114    0.000464465    6.42981e-06   -8.94029e-09   -7.89385e-11    1.93993e-13
    0             23         7        16        5.52165        196.012      -0.691599    0.000455831    6.70484e-06   -8.36574e-09    -8.4958e-11    2.00052e-13
    0             24         7        17        6.99019        201.135      -0.686205     0.00017515    9.14782e-06   -1.07927e-08      -1.26e-10    3.07367e-13
    0             25         8        16        5.48596        227.526      -0.698325    0.000312161    6.89323e-06   -8.43072e-09   -9.56131e-11    2.38353e-13
    0             26         8        17        3.38275        233.907      -0.720951    0.000745745    3.45808e-06   -5.45205e-09   -4.11266e-11    1.01893e-13
    0             27         8        18        2.14655        239.083      -0.696924    0.000594115     2.7327e-06   -2.25362e-09   -2.27264e-11    3.43428e-14
    0             28         8        19        1.34882        245.054      -0.712189    0.000569629    4.13854e-06   -4.50791e-09   -5.11489e-11    1.14315e-13
    0             29         9        19       -6.44713        281.055       -0.84166     0.00267657    -8.0671e-06   -6.07391e-09    1.26039e-10   -2.31255e-13
    0             30         9        20         20.887        280.519      -0.458531    -0.00559201    7.35313e-05   -4.13162e-07     1.1248e-09    -1.1869e-12
    0             31         9        21        1.05444        291.601       -0.77201     0.00131809    6.22421e-08   -6.85766e-09    7.35401e-13    3.33688e-14
    0             32        10        20       -0.37969        321.419      -0.865471     0.00452033   -4.71934e-05    3.12619e-07   -1.01418e-09    1.26401e-12
    0             33        10        21        7.69313        325.504      -0.730811     0.00093801   -5.46741e-08   -2.71272e-09     3.9681e-12    5.28398e-15
    0             34        10        22        23.6602        329.467       -0.65505    3.18091e-05    3.57061e-06   -2.26821e-10   -3.38252e-11    4.73936e-14
    0             35        11        23        5.64368         373.46      -0.719383     0.00103876   -2.97385e-06    1.02673e-09    7.13093e-11   -1.88428e-13
    0             36        11        24        14.0211        379.143       -0.69354    0.000646019   -7.34212e-07    5.54659e-10    4.18066e-11   -1.29186e-13
    0             37        11        25         12.703        382.003      -0.422275    -0.00621059     7.5722e-05    -4.1023e-07    1.07099e-09    -1.0809e-12
    1              0         1         1       -1.84806        7.64445      -0.997853      0.0430459     0.00356088    -0.00014495   -1.90259e-05    8.91299e-07
    1              1         1         2        4.74228        4.25338      -0.030443     -0.0050523   -9.45369e-06    7.51901e-06    2.58311e-07   -1.31067e-08
    1              2         1         3       0.566669        7.66392      -0.410619     0.00990669    0.000439669   -1.45412e-05   -9.69543e-07    3.25465e-08 
    1              3         2         3        4.81949        19.2386      -0.380482    -0.00112076    6.42631e-05    6.66694e-07   -5.49581e-09   -1.37092e-10
    1              4         2         4         2.9799        23.0323      -0.496989      0.0028644    5.19352e-05   -5.03521e-07   -1.36682e-08    1.98171e-10
    1              5         2         6         4.6587        27.3956      -0.492672     0.00231812    5.37447e-05   -3.49209e-07   -1.07807e-08     1.0469e-10
    1              6         3         6        7.75154        45.2294       -0.55481      0.0022749    1.93404e-05   -9.92393e-08   -1.49711e-09    9.11667e-12
    1              7         3         7        3.73534        49.4786      -0.610806     0.00295363    1.56546e-05   -1.17166e-07   -1.18681e-09    8.02837e-12
    1              8         3         8        5.05457        52.0864      -0.592681     0.00255378    1.48888e-05   -9.19363e-08     -1.028e-09     6.3027e-12
    1              9         3         9        2.12484        55.6397      -0.666425     0.00461371   -6.81714e-06   -1.04106e-07    3.20804e-10    8.81806e-13
    1             10         4         7      -0.119565        71.7124      -0.807543     0.00636856   -2.35456e-05   -6.93758e-08    9.46621e-10   -2.38072e-12
    1             11         4         9        4.41741        77.2462      -0.631695     0.00206996    7.76396e-06   -3.83325e-08   -2.77754e-10    1.23524e-12
    1             12         4        10        3.89817         80.819      -0.639496     0.00208878     7.5773e-06   -3.83592e-08   -2.72696e-10    1.23052e-12
    1             13         5        10        11.5248        104.145       -0.62895     0.00143973     4.5989e-06   -1.42874e-08   -8.91962e-11    2.77443e-13
    1             14         5        11        3.93172        108.593      -0.616099    0.000966547    7.54035e-06   -1.30775e-08   -1.52465e-10     4.2638e-13
    1             15         5        12        2.08113          113.6      -0.676151     0.00207379    3.01011e-07   -1.49727e-08   -7.55112e-13    8.19461e-14
    1             16         5        13        10.4047        116.462      -0.631651     0.00133269    4.29392e-06   -1.31078e-08   -8.18371e-11    2.66673e-13
    1             17         6        12       -4.64086        140.695      -0.712732     0.00198479    7.30778e-07   -1.83205e-08    2.06046e-12    1.13033e-13
    1             18         6        13       -3.47929        145.492      -0.746605     0.00289389   -6.76015e-06    -1.6231e-08    1.82432e-10   -3.77689e-13
    1             19         6        14        4.27428        147.743      -0.586442   -0.000214903    1.24923e-05    -8.8948e-09   -2.50798e-10    6.57482e-13
    1             20         6        15        4.04829        152.405      -0.609688    0.000553281    5.35515e-06    -3.9557e-09   -8.17388e-11    1.57363e-13
    1             21         7        14        2.80119        176.833      -0.668999     0.00131935   -1.84453e-07   -8.55383e-09    7.44727e-11   -2.12118e-13
    1             22         7        15        4.94779        182.187      -0.659706    0.000894655    3.92155e-06   -9.18009e-09   -6.58776e-11    2.09719e-13
    1             23         7        16         1.2278        188.583      -0.725857     0.00204172   -3.44984e-06   -1.14662e-08    1.07506e-10   -2.20423e-13
    1             24         7        17        9.70896        190.836      -0.603715   -5.24026e-05    8.88352e-06   -3.52375e-09    -1.9827e-10    5.17973e-13
    1             25         8        16        8.23094        216.532      -0.671836     0.00146802   -3.65953e-06   -3.45179e-09    1.17434e-10   -3.06191e-13
    1             26         8        17        5.15479        222.759       -0.68045     0.00156658   -3.59079e-06   -1.12742e-08    1.50203e-10   -3.33595e-13
    1             27         8        18        3.94039        230.039      -0.874401     0.00825575   -0.000113132    8.72091e-07   -3.23821e-09    4.60105e-12
    1             28         8        19        8.32272         233.86      -0.699582     0.00172062   -4.87993e-06    -5.8629e-09     1.4954e-10   -3.64765e-13
    1             29         9        19      -0.163239         265.69      -0.656547    0.000543786      4.214e-06   -8.68657e-09   -7.81034e-11    2.58813e-13
    1             30         9        20        11.0302        269.544      -0.557515    -0.00117783    1.44636e-05   -4.64108e-09   -3.13124e-10    8.28309e-13
    1             31         9        21        2.77896        276.982      -0.652595    0.000434379    4.23193e-06   -8.68773e-09   -7.97064e-11    3.02235e-13
    1             32        10        20        10.6499        306.984      -0.498424    -0.00211445    1.94801e-05    6.01481e-09   -5.31928e-10    1.41271e-12
    1             33        10        21        52.0417        310.522      -0.495186   -0.000876468    5.56697e-06     5.7592e-09   -7.93513e-11    1.48349e-13
    1             34        10        22       -96.1295        333.926       -1.06844     0.00634662   -2.45713e-05    -7.9142e-08    9.04325e-10   -1.86525e-12
    1             35        11        23       -5591.84        523.597       -1.97533    -0.00130801    5.11644e-05    1.92143e-08   -1.41715e-09    3.40716e-12
    1             36        11        24        4978.77        231.803        0.48312    -0.00190842   -9.78477e-06    1.53728e-08    2.31895e-10   -5.98685e-13
    1             37        11        25        8622.52        189.298       0.487843   -0.000550054   -6.52816e-06   -1.00108e-08    5.98582e-11    9.89604e-14
    2              0         1         1        1.37994        1.26399       -0.04253    -0.00709189    0.000210669    6.98311e-05     3.5196e-06   -6.06481e-07
    2              1         1         2        1.31204        2.03669     -0.0724231    -0.00732512    0.000152113    3.91955e-05     1.5463e-06   -1.86262e-07
    2              2         1         3        1.57964        2.57729     -0.0834733    -0.00745861    0.000130246    3.22612e-05    1.18224e-06   -1.25887e-07
    2              3         2         3        1.29906        9.87023      -0.447269     0.00354995    0.000263299   -2.21439e-06   -2.55036e-07    4.78239e-09
    2              4         2         4       0.837367        11.7284      -0.544285     0.00931281    0.000115632   -3.38714e-06   -8.54505e-08    1.82429e-09
    2              5         2         6       0.456764        13.9077      -0.525365     0.00710583    9.58591e-05   -1.87163e-06   -4.92228e-08    8.35853e-10
    2              6         3         6       -1.73652        24.7765      -0.808687      0.0159919   -0.000128551   -7.83773e-07    1.93846e-08   -8.58024e-11
    2              7         3         7      -0.869027        26.0596      -0.770662       0.013815    -9.9816e-05   -6.83042e-07    1.49608e-08   -6.23405e-11
    2              8         3         8      0.0899538        27.1204      -0.734912      0.0120657     -7.847e-05   -5.78834e-07    1.15049e-08   -4.62585e-11
    2              9         3         9        3.24203        27.7084      -0.690184      0.0105025   -6.42155e-05   -4.22908e-07    8.19031e-09   -3.18665e-11
    2             10         4         7      -0.298408        36.9505       -0.83034      0.0116123   -6.84817e-05   -2.80331e-07    5.42311e-09     -1.821e-11
    2             11         4         9       -0.16007        39.8995      -0.723722     0.00726301   -2.12028e-05   -1.87081e-07    1.17075e-09   -3.20734e-13
    2             12         4        10       -0.10628        41.6897      -0.724033     0.00711253   -2.19102e-05   -1.61355e-07     1.0731e-09   -3.87948e-13
    2             13         5        10      -0.299342        53.3353      -0.658804     0.00306274    1.83875e-05   -1.20829e-07   -1.37931e-09    8.83057e-12
    2             14         5        11        1.45366        55.0025      -0.635358     0.00259198    1.90719e-05   -9.97934e-08   -1.35453e-09    7.92811e-12
    2             15         5        12      -0.592645        57.3694      -0.659307     0.00291827    1.67587e-05    -1.0378e-07   -1.18098e-09    7.14922e-12
    2             16         5        13        1.06246        58.8521      -0.647584     0.00269022     1.7608e-05   -1.01222e-07    -1.2521e-09    7.66901e-12
    2             17         6        12       -1.53675        71.1541      -0.688064     0.00248868     1.9098e-05   -1.00605e-07   -1.35268e-09    8.35044e-12
    2             18         6        13      -0.967911        72.9419      -0.661191     0.00212051    1.66494e-05   -7.26756e-08   -1.04778e-09    5.95297e-12
    2             19         6        14         1.4766        74.6465      -0.635455     0.00161117      1.797e-05   -5.06603e-08   -1.04126e-09    4.92858e-12
    2             20         6        15         2.4305        75.9981      -0.617625     0.00146872    1.73411e-05   -5.03584e-08   -1.00375e-09    5.11454e-12
    2             21         7        14       0.561843        89.0122      -0.626189      0.0010026    1.60841e-05   -2.23501e-08   -7.67327e-10    2.83076e-12
    2             22         7        15        1.12262        91.0315      -0.630202     0.00118755    1.65941e-05   -4.52527e-08   -9.49803e-10    4.91677e-12
    2             23         7        16        1.83654        92.8754      -0.603502    0.000841533    1.50748e-05   -2.04777e-08   -7.19273e-10    2.89951e-12
    2             24         7        17        2.17225        95.5491      -0.676743     0.00356846   -1.89873e-05   -1.45843e-08    1.70067e-09   -8.55468e-12
    2             25         8        16        2.07578         108.34      -0.635397    0.000952922    1.46096e-05   -2.83781e-08   -7.22895e-10     3.0435e-12
    2             26         8        17       -1.44343         111.25      -0.659974      0.0011731    1.75939e-05   -4.81897e-08   -1.05192e-09    5.16685e-12
    2             27         8        18    -0.00400556        113.655      -0.655209     0.00123639    1.54319e-05   -5.29336e-08    -9.1384e-10       5.12e-12
    3              0         1         1       0.240139        2.07004      -0.410138      0.0224584     0.00279617   -0.000161428   -3.22498e-05    2.35477e-06
    3              1         1         2       0.770349        2.00065      -0.126673     -0.0122771    0.000598403    0.000140137    6.37559e-06   -1.28628e-06
    3              2         1         3        0.47048        3.07085      -0.320727      0.0102768    0.000493976   -1.62859e-05   -1.42015e-06    5.51657e-08
    3              3         2         3       0.347226        8.27243      -0.513805     0.00889026    0.000362289     -6.663e-06   -4.98705e-07    1.31138e-08
    3              4         2         4       0.957518        9.11657      -0.502941      0.0102463    0.000210266   -6.65571e-06   -2.59398e-07    7.67281e-09
    3              5         2         6       0.481884        10.9466      -0.520636     0.00929617    0.000160615   -4.10144e-06   -1.41732e-07    3.40923e-09
    3              6         3         6       -0.29693        19.0832      -0.733306        0.01707   -0.000155013   -1.63551e-06    4.43378e-08   -2.45315e-10
    3              7         3         7      -0.122986        20.2023      -0.734493      0.0173001    -0.00017526   -1.69102e-06    5.64404e-08   -3.65164e-10
    3              8         3         8        1.23671        20.1317      -0.550421     0.00605617    4.76731e-05   -8.70149e-07   -1.47822e-08    2.04413e-10
    3              9         3         9        2.27916        20.8188      -0.538999     0.00547551    6.41621e-05   -9.25079e-07   -2.09827e-08    2.78288e-10
    3             10         4         7        2.27294        26.5985      -0.536127     0.00343601    5.04617e-05   -3.62287e-07   -1.06576e-08    1.06665e-10
    3             11         4         9       0.180589        30.3112      -0.587284     0.00400892    5.70304e-05   -5.13156e-07   -1.33235e-08    1.42322e-10
    3             12         4        10       0.505123        31.7644      -0.594348     0.00420974    4.83895e-05   -4.86744e-07   -1.09104e-08    1.19155e-10
    3             13         5        10       0.755123         40.861      -0.568407     0.00200277    4.95368e-05   -2.31511e-07   -9.17107e-09    8.59088e-11
    3             14         5        11       0.629399        42.6631      -0.592583     0.00262754    4.33953e-05   -2.37549e-07   -7.56668e-09    6.41189e-11
    3             15         5        12       0.641034        43.8442      -0.570902     0.00180827     5.1438e-05   -1.88771e-07   -9.20363e-09    7.80089e-11
    3             16         5        13       0.998178        45.0731      -0.570611     0.00200722    4.90657e-05   -2.51194e-07   -9.44374e-09    9.47717e-11
    3             17         6        12      -0.180439        54.2917      -0.577125    0.000897487    5.25303e-05   -4.59336e-08   -8.36668e-09    4.51382e-11
    3             18         6        13       0.271531        55.8123      -0.568671      0.0013129    4.13609e-05   -1.54332e-07   -7.09913e-09    6.34236e-11
    3             19         6        14       0.983963        57.2118      -0.535709    0.000667028    4.32295e-05    -1.5202e-07    -7.8661e-09    8.14494e-11
    3             20         7        15       0.520563        70.4614      -0.607132     0.00180557    4.42783e-05   -3.72409e-07   -1.04794e-08     1.2836e-10
