*Energy (MeV/u)1	0 - [He-base] F.Hubert et al, AD&ND Tables 46(1990)1	Energy (MeV/u)2	1 - [H -base] J.F.Ziegler et al, Pergamon Press, NY (low energy)	Energy (MeV/u)3	2 - ATIMA 1.2  LS-theory (recommended for high energy)	Energy (MeV/u)4	3 - ATIMA 1.2  without LS-correction	Energy (MeV/u)5	4 - Range straggling - method [0] - LISE	Energy (MeV/u)6	5 - Range straggling - method [1] - Atima	Energy (MeV/u)7	6 - Lateral range - method [0] - LISE	Energy (MeV/u)8	7 - Lateral range - method [1] - Atima	Energy (MeV/u)9	8 - Lateral range - method [2] - PDG	
0.001000	0.134246  	0.001000	0.134246  	0.001000	0.128003  	0.001000	0.128003  	0.001000	0         	0.001000	0         	0.001000	0.000731003	0.001000	0.00108949	0.001000	0.000651083
0.002000	0.291455  	0.002000	0.268492  	0.002000	0.256006  	0.002000	0.256006  	0.002000	0.0210686 	0.002000	0.0210686 	0.002000	0.00214143	0.002000	0.00308419	0.002000	0.0019529
0.005000	0.617992  	0.005000	0.547333  	0.005000	0.530527  	0.005000	0.530527  	0.005000	0.0237012 	0.005000	0.0237012 	0.005000	0.00623348	0.005000	0.00878556	0.005000	0.00576264
0.008000	0.858364  	0.008000	0.752595  	0.008000	0.738682  	0.008000	0.738682  	0.008000	0.0237651 	0.008000	0.0237651 	0.008000	0.0100602 	0.008000	0.0140137 	0.008000	0.00936477
0.010000	0.994338  	0.010000	0.868708  	0.010000	0.858357  	0.010000	0.858357  	0.010000	0.0239661 	0.010000	0.0239661 	0.010000	0.012542  	0.010000	0.017292  	0.010000	0.0117111
0.015000	1.28353   	0.015000	1.11566   	0.015000	1.11693   	0.015000	1.11693   	0.015000	0.0248912 	0.015000	0.0248912 	0.015000	0.0186216 	0.015000	0.0246142 	0.015000	0.0174789
0.020000	1.52623   	0.020000	1.32291   	0.020000	1.33769   	0.020000	1.33769   	0.020000	0.0260471 	0.020000	0.0260471 	0.020000	0.0245776 	0.020000	0.0309755 	0.020000	0.0231488
0.025000	1.73901   	0.025000	1.50461   	0.025000	1.53364   	0.025000	1.53364   	0.025000	0.0272156 	0.025000	0.0272156 	0.025000	0.0303403 	0.025000	0.0367223 	0.025000	0.0287779
0.030000	1.93191   	0.030000	1.66933   	0.030000	1.70362   	0.030000	1.70362   	0.030000	0.0281832 	0.030000	0.0281832 	0.030000	0.0354223 	0.030000	0.041791  	0.030000	0.0339955
0.035000	2.10953   	0.035000	1.82101   	0.035000	1.85286   	0.035000	1.85286   	0.035000	0.0289612 	0.035000	0.0289612 	0.035000	0.0399989 	0.035000	0.0462914 	0.035000	0.0385867
0.040000	2.27499   	0.040000	1.9623    	0.040000	1.99088   	0.040000	1.99088   	0.040000	0.0296648 	0.040000	0.0296648 	0.040000	0.0443139 	0.040000	0.0504945 	0.040000	0.0429294
0.045000	2.43102   	0.045000	2.09554   	0.045000	2.12146   	0.045000	2.12146   	0.045000	0.0303275 	0.045000	0.0303275 	0.045000	0.0484666 	0.045000	0.0544992 	0.045000	0.047122
0.050000	2.57933   	0.050000	2.22219   	0.050000	2.24626   	0.050000	2.24626   	0.050000	0.0309587 	0.050000	0.03092   	0.050000	0.0524882 	0.050000	0.0583737 	0.050000	0.0511861
0.055000	2.7212    	0.055000	2.34333   	0.055000	2.36622   	0.055000	2.36622   	0.055000	0.0315615 	0.055000	0.0314558 	0.055000	0.056414  	0.055000	0.0621421 	0.055000	0.0551566
0.060000	2.85764   	0.060000	2.45985   	0.060000	2.482     	0.060000	2.482     	0.060000	0.0321381 	0.060000	0.0319608 	0.060000	0.0602527 	0.060000	0.0658608 	0.060000	0.05904
0.070000	3.1174    	0.070000	2.68166   	0.070000	2.70309   	0.070000	2.70309   	0.070000	0.0332222 	0.070000	0.0328951 	0.070000	0.0677007 	0.070000	0.0731312 	0.070000	0.0665729
0.080000	3.36356   	0.080000	2.89187   	0.080000	2.91298   	0.080000	2.91298   	0.080000	0.0342305 	0.080000	0.0337512 	0.080000	0.0741484 	0.080000	0.0794788 	0.080000	0.0730824
0.090000	3.59956   	0.090000	3.0934    	0.090000	3.11429   	0.090000	3.11429   	0.090000	0.0351814 	0.090000	0.0345503 	0.090000	0.0798157 	0.090000	0.0851629 	0.090000	0.0787965
0.100000	3.82788   	0.100000	3.28837   	0.100000	3.30898   	0.100000	3.30898   	0.100000	0.0360899 	0.100000	0.0353084 	0.100000	0.0849065 	0.100000	0.0903146 	0.100000	0.0839133
0.120000	4.26722   	0.120000	3.66353   	0.120000	3.68428   	0.120000	3.68428   	0.120000	0.0378252 	0.120000	0.0367463 	0.120000	0.0941778 	0.120000	0.0998342 	0.120000	0.0932035
0.140000	4.68736   	0.140000	4.0223    	0.140000	4.04746   	0.140000	4.04746   	0.140000	0.0395042 	0.140000	0.0381292 	0.140000	0.102545  	0.140000	0.108553  	0.140000	0.101587
0.160000	5.09518   	0.160000	4.37056   	0.160000	4.40391   	0.160000	4.40391   	0.160000	0.041169  	0.160000	0.0394949 	0.160000	0.110231  	0.160000	0.116641  	0.160000	0.109264
0.180000	5.495     	0.180000	4.71197   	0.180000	4.7571    	0.180000	4.7571    	0.180000	0.0428459 	0.180000	0.0408667 	0.180000	0.117333  	0.180000	0.12416   	0.180000	0.116356
0.200000	5.89042   	0.200000	5.04964   	0.200000	5.1093    	0.200000	5.1093    	0.200000	0.0445514 	0.200000	0.0422587 	0.200000	0.123861  	0.200000	0.13113   	0.200000	0.122872
0.250000	6.86897   	0.250000	5.88526   	0.250000	5.99428   	0.250000	5.99428   	0.250000	0.0489951 	0.250000	0.0458736 	0.250000	0.140005  	0.250000	0.148281  	0.250000	0.138995
0.300000	7.83207   	0.300000	6.70768   	0.300000	6.89293   	0.300000	6.89293   	0.300000	0.0537103 	0.300000	0.0496925 	0.300000	0.155359  	0.300000	0.164586  	0.300000	0.15433
0.350000	8.78134   	0.350000	7.51829   	0.350000	7.80355   	0.350000	7.80355   	0.350000	0.0585935 	0.350000	0.0536286 	0.350000	0.169479  	0.350000	0.179593  	0.350000	0.168436
0.400000	9.72693   	0.400000	8.32576   	0.400000	8.72982   	0.400000	8.72982   	0.400000	0.0636561 	0.400000	0.0576876 	0.400000	0.183338  	0.400000	0.194284  	0.400000	0.182283
0.450000	10.6773   	0.450000	9.1373    	0.450000	9.67526   	0.450000	9.67526   	0.450000	0.0689222 	0.450000	0.0618859 	0.450000	0.196644  	0.450000	0.208351  	0.450000	0.195579
0.500000	11.6384   	0.500000	9.95807   	0.500000	10.6416   	0.500000	10.6416   	0.500000	0.0743968 	0.500000	0.0662246 	0.500000	0.209627  	0.500000	0.222075  	0.500000	0.208563
0.600000	13.587    	0.600000	11.622    	0.600000	12.6373   	0.600000	12.6373   	0.600000	0.0859074 	0.600000	0.0752633 	0.600000	0.234406  	0.600000	0.248282  	0.600000	0.233349
0.700000	15.5976   	0.700000	13.3389   	0.700000	14.7159   	0.700000	14.7159   	0.700000	0.0980832 	0.700000	0.0847073 	0.700000	0.258095  	0.700000	0.273344  	0.700000	0.257063
0.800000	17.6623   	0.800000	15.102    	0.800000	16.8762   	0.800000	16.8762   	0.800000	0.110857  	0.800000	0.0944959 	0.800000	0.281059  	0.800000	0.297593  	0.800000	0.280071
0.900000	19.7529   	0.900000	16.8872   	0.900000	19.1172   	0.900000	19.1172   	0.900000	0.124192  	0.900000	0.104595  	0.900000	0.303325  	0.900000	0.321123  	0.900000	0.302382
1.000000	21.9011   	1.000000	18.7217   	1.000000	21.4411   	1.000000	21.4411   	1.000000	0.138115  	1.000000	0.115022  	1.000000	0.325266  	1.000000	0.344282  	1.000000	0.324382
1.250000	27.6467   	1.250000	23.628    	1.250000	27.6241   	1.250000	27.6241   	1.250000	0.175644  	1.250000	0.142616  	1.250000	0.378076  	1.250000	0.400039  	1.250000	0.377409
1.500000	34.352    	1.500000	29.3539   	1.500000	34.3225   	1.500000	34.3225   	1.500000	0.216729  	1.500000	0.172121  	1.500000	0.428916  	1.500000	0.453723  	1.500000	0.428537
1.750000	42.2206   	1.750000	36.0732   	1.750000	41.5324   	1.750000	41.5324   	1.750000	0.261365  	1.750000	0.20351   	1.750000	0.480035  	1.750000	0.507488  	1.750000	0.48003
2.000000	51.0424   	2.000000	43.6065   	2.000000	49.2565   	2.000000	49.2565   	2.000000	0.309663  	2.000000	0.236842  	2.000000	0.532419  	2.000000	0.562285  	2.000000	0.532864
2.250000	60.6812   	2.250000	51.8374   	2.250000	57.5006   	2.250000	57.5006   	2.250000	0.361775  	2.250000	0.272205  	2.250000	0.586585  	2.250000	0.618599  	2.250000	0.587576
2.500000	71.0468   	2.500000	60.6946   	2.500000	66.2695   	2.500000	66.2695   	2.500000	0.417827  	2.500000	0.309672  	2.500000	0.6429    	2.500000	0.676782  	2.500000	0.644515
3.000000	91.2028   	3.000000	80.1312   	3.000000	85.3907   	3.000000	85.3907   	3.000000	0.542017  	3.000000	0.391054  	3.000000	0.763023  	3.000000	0.799701  	3.000000	0.766138
3.500000	113.362   	3.500000	101.725   	3.500000	106.619   	3.500000	106.619   	3.500000	0.682418  	3.500000	0.481062  	3.500000	0.894367  	3.500000	0.932421  	3.500000	0.899329
4.000000	137.478   	4.000000	125.38    	4.000000	129.934   	4.000000	129.934   	4.000000	0.838835  	4.000000	0.579506  	4.000000	1.03783   	4.000000	1.07567   	4.000000	1.04495
4.500000	163.511   	4.500000	151.033   	4.500000	155.299   	4.500000	155.299   	4.500000	1.01087   	4.500000	0.686019  	4.500000	1.1938    	4.500000	1.22973   	4.500000	1.20337
5.000000	191.421   	5.000000	178.631   	5.000000	182.674   	5.000000	182.674   	5.000000	1.19805   	5.000000	0.800221  	5.000000	1.36231   	5.000000	1.39459   	5.000000	1.3746
5.500000	221.174   	5.500000	208.124   	5.500000	212.017   	5.500000	212.017   	5.500000	1.39985   	5.500000	0.921768  	5.500000	1.54325   	5.500000	1.57011   	5.500000	1.55852
6.000000	252.737   	6.000000	239.469   	6.000000	243.285   	6.000000	243.285   	6.000000	1.61581   	6.000000	1.05033   	6.000000	1.73634   	6.000000	1.756     	6.000000	1.75484
6.500000	286.081   	6.500000	272.624   	6.500000	276.437   	6.500000	276.437   	6.500000	1.84546   	6.500000	1.1856    	6.500000	1.94136   	6.500000	1.95202   	6.500000	1.96332
7.000000	321.178   	7.000000	307.551   	7.000000	311.433   	7.000000	311.433   	7.000000	2.08839   	7.000000	1.32732   	7.000000	2.15792   	7.000000	2.15777   	7.000000	2.18357
7.500000	358.003   	7.500000	344.216   	7.500000	348.237   	7.500000	348.237   	7.500000	2.34422   	7.500000	1.47526   	7.500000	2.38577   	7.500000	2.37298   	7.500000	2.41532
8.000000	396.533   	8.000000	382.584   	8.000000	386.816   	8.000000	386.816   	8.000000	2.61262   	8.000000	1.62919   	8.000000	2.62459   	8.000000	2.59734   	8.000000	2.65824
8.500000	436.745   	8.500000	422.625   	8.500000	427.138   	8.500000	427.138   	8.500000	2.89329   	8.500000	1.78889   	8.500000	2.87409   	8.500000	2.83057   	8.500000	2.91205
9.000000	478.618   	9.000000	464.312   	9.000000	469.174   	9.000000	469.174   	9.000000	3.18597   	9.000000	1.95417   	9.000000	3.13405   	9.000000	3.07244   	9.000000	3.17651
9.500000	522.134   	9.500000	507.618   	9.500000	512.896   	9.500000	512.896   	9.500000	3.4904    	9.500000	2.1249    	9.500000	3.40418   	9.500000	3.32268   	9.500000	3.45134
10.000000	567.274   	10.000000	552.509   	10.000000	558.28    	10.000000	558.28    	10.000000	3.80637   	10.000000	2.30099   	10.000000	3.6832    	10.000000	3.58108   	10.000000	3.73608
11.000000	662.355   	11.000000	646.061   	11.000000	653.813   	11.000000	653.8     	11.000000	4.4696    	11.000000	2.6692    	11.000000	4.26008   	11.000000	4.12057   	11.000000	4.3235
12.000000	763.734   	12.000000	745.163   	12.000000	755.469   	12.000000	755.421   	12.000000	5.17209   	12.000000	3.06195   	12.000000	4.87431   	12.000000	4.68791   	12.000000	4.94892
13.000000	871.292   	13.000000	849.811   	13.000000	863.099   	13.000000	862.996   	13.000000	5.91311   	13.000000	3.47817   	13.000000	5.52374   	13.000000	5.27226   	13.000000	5.61017
14.000000	984.922   	14.000000	959.986   	14.000000	976.566   	14.000000	976.395   	14.000000	6.69194   	14.000000	3.91577   	14.000000	6.20677   	14.000000	5.88394   	14.000000	6.30566
15.000000	1104.52   	15.000000	1075.66   	15.000000	1095.75   	15.000000	1095.5    	15.000000	7.5079    	15.000000	4.37345   	15.000000	6.92214   	15.000000	6.52171   	15.000000	7.03414
16.000000	1230.01   	16.000000	1196.8    	16.000000	1220.55   	16.000000	1220.21   	16.000000	8.36035   	16.000000	4.85016   	16.000000	7.6689    	16.000000	7.18458   	16.000000	7.79466
17.000000	1361.28   	17.000000	1323.38   	17.000000	1350.86   	17.000000	1350.43   	17.000000	9.24875   	17.000000	5.34483   	17.000000	8.44623   	17.000000	7.87175   	17.000000	8.58641
18.000000	1498.27   	18.000000	1455.36   	18.000000	1486.59   	18.000000	1486.07   	18.000000	10.1725   	18.000000	5.85666   	18.000000	9.25343   	18.000000	8.58253   	18.000000	9.4087
19.000000	1640.89   	19.000000	1592.69   	19.000000	1627.66   	19.000000	1627.05   	19.000000	11.1312   	19.000000	6.38509   	19.000000	10.0899   	19.000000	9.3163    	19.000000	10.2609
20.000000	1789.08   	20.000000	1735.34   	20.000000	1774      	20.000000	1773.29   	20.000000	12.1241   	20.000000	6.92967   	20.000000	10.955    	20.000000	10.0726   	20.000000	11.1424
21.000000	1942.76   	21.000000	1883.28   	21.000000	1925.54   	21.000000	1924.74   	21.000000	13.1511   	21.000000	7.49002   	21.000000	11.8483   	21.000000	10.8509   	21.000000	12.053
22.000000	2101.87   	22.000000	2036.46   	22.000000	2082.22   	22.000000	2081.32   	22.000000	14.2119   	22.000000	8.06585   	22.000000	12.7696   	22.000000	11.6509   	22.000000	12.992
23.000000	2266.36   	23.000000	2194.85   	23.000000	2243.96   	23.000000	2242.97   	23.000000	15.3055   	23.000000	8.65664   	23.000000	13.7181   	23.000000	12.4721   	23.000000	13.9591
24.000000	2436.15   	24.000000	2358.4    	24.000000	2410.7    	24.000000	2409.63   	24.000000	16.4315   	24.000000	9.26199   	24.000000	14.6935   	24.000000	13.3141   	24.000000	14.9538
25.000000	2611.19   	25.000000	2527.09   	25.000000	2582.37   	25.000000	2581.24   	25.000000	17.5896   	25.000000	9.88169   	25.000000	15.6954   	25.000000	14.1766   	25.000000	15.9758
27.000000	2976.83   	27.000000	2879.7    	27.000000	2940.34   	27.000000	2939.09   	27.000000	20.0005   	27.000000	11.1633   	27.000000	17.7774   	27.000000	15.9618   	27.000000	18.1001
29.000000	3362.86   	29.000000	3252.41   	29.000000	3317.42   	29.000000	3316.1    	29.000000	22.5348   	29.000000	12.4993   	29.000000	19.9613   	29.000000	17.8253   	29.000000	20.3295
31.000000	3768.89   	31.000000	3644.93   	31.000000	3713.37   	31.000000	3712.03   	31.000000	25.1922   	31.000000	13.8884   	31.000000	22.2456   	31.000000	19.7657   	31.000000	22.6625
33.000000	4194.57   	33.000000	4056.99   	33.000000	4128.68   	33.000000	4127.39   	33.000000	27.9859   	33.000000	15.3384   	33.000000	24.6354   	33.000000	21.7871   	33.000000	25.1045
35.000000	4639.58   	35.000000	4488.34   	35.000000	4563.18   	35.000000	4562.01   	35.000000	30.9147   	35.000000	16.8484   	35.000000	27.1305   	35.000000	23.889    	35.000000	27.6554
38.000000	5342.62   	38.000000	5170.97   	38.000000	5250.27   	38.000000	5249.4    	38.000000	35.5535   	38.000000	19.221    	38.000000	31.0679   	38.000000	27.191    	38.000000	31.6837
41.000000	6087.44   	41.000000	5895.6    	41.000000	5978.95   	41.000000	5978.55   	41.000000	40.4775   	41.000000	21.7192   	41.000000	35.2346   	41.000000	30.6681   	41.000000	35.9501
44.000000	6873.11   	44.000000	6661.45   	44.000000	6748.37   	44.000000	6748.59   	44.000000	45.6775   	44.000000	24.3366   	44.000000	39.6254   	44.000000	34.3161   	44.000000	40.4502
47.000000	7698.79   	47.000000	7467.79   	47.000000	7557.71   	47.000000	7558.74   	47.000000	51.1451   	47.000000	27.0693   	47.000000	44.2353   	47.000000	38.1309   	47.000000	45.179
50.000000	8563.67   	50.000000	8313.89   	50.000000	8406.26   	50.000000	8408.25   	50.000000	56.8734   	50.000000	29.9142   	50.000000	49.0593   	50.000000	42.1086   	50.000000	50.1323
55.000000	10090.2   	55.000000	9810.58   	55.000000	9905.93   	55.000000	9909.67   	55.000000	66.9849   	55.000000	34.8985   	55.000000	57.5638   	55.000000	49.091    	55.000000	58.8764
60.000000	11720.5   	60.000000	11412.8   	60.000000	11509.5   	60.000000	11515.4   	60.000000	77.7707   	60.000000	40.1725   	60.000000	66.6281   	60.000000	56.4982   	60.000000	68.2119
65.000000	13451.4   	65.000000	13117.7   	65.000000	13214.3   	65.000000	13222.8   	65.000000	89.2097   	65.000000	45.7232   	65.000000	76.2343   	65.000000	64.3163   	65.000000	78.1231
70.000000	15280.2   	70.000000	14922.7   	70.000000	15017.6   	70.000000	15029.1   	70.000000	101.273   	70.000000	51.5408   	70.000000	86.3619   	70.000000	72.5299   	70.000000	88.5911
75.000000	17204.6   	75.000000	16825.1   	75.000000	16917.1   	75.000000	16931.8   	75.000000	113.938   	75.000000	57.6147   	75.000000	96.9937   	75.000000	81.1258   	75.000000	99.6007
80.000000	19222.1   	80.000000	18822.5   	80.000000	18910.4   	80.000000	18928.8   	80.000000	127.187   	80.000000	63.9398   	80.000000	108.114   	80.000000	90.0926   	80.000000	111.138
85.000000	21330.5   	85.000000	20912.7   	85.000000	20995.4   	85.000000	21017.7   	85.000000	140.998   	85.000000	70.5028   	85.000000	119.707   	85.000000	99.4184   	85.000000	123.188
90.000000	23527.8   	90.000000	23093.4   	90.000000	23169.9   	90.000000	23196.6   	90.000000	155.351   	90.000000	77.2973   	90.000000	131.757   	90.000000	109.092   	90.000000	135.738
95.000000	25812.1   	95.000000	25362.6   	95.000000	25432.1   	95.000000	25463.4   	95.000000	170.229   	95.000000	84.3167   	95.000000	144.25    	95.000000	119.104   	95.000000	148.775
100.000000	28181.6   	100.000000	27718.2   	100.000000	27779.9   	100.000000	27816.2   	100.000000	185.612   	100.000000	91.5544   	100.000000	157.173   	100.000000	129.444   	100.000000	162.287
105.000000	30634.4   	105.000000	30158.3   	105.000000	30211.7   	105.000000	30253.2   	105.000000	201.485   	105.000000	99.004    	105.000000	170.511   	105.000000	140.103   	105.000000	176.261
110.000000	33169     	110.000000	32681     	110.000000	32725.6   	110.000000	32772.6   	110.000000	217.831   	110.000000	106.661   	110.000000	184.254   	110.000000	151.072   	110.000000	190.688
115.000000	35783.8   	115.000000	35284.6   	115.000000	35319.8   	115.000000	35372.8   	115.000000	234.633   	115.000000	114.517   	115.000000	198.387   	115.000000	162.341   	115.000000	205.554
120.000000	38477.2   	120.000000	37967.2   	120.000000	37993     	120.000000	38052.2   	120.000000	251.88    	120.000000	122.564   	120.000000	212.901   	120.000000	173.905   	120.000000	220.852
125.000000	41247.9   	125.000000	40727.3   	125.000000	40743.3   	125.000000	40809.1   	125.000000	269.552   	125.000000	130.8     	125.000000	227.783   	125.000000	185.753   	125.000000	236.569
130.000000	44094.5   	130.000000	43563.3   	130.000000	43569.4   	130.000000	43642.1   	130.000000	287.639   	130.000000	139.219   	130.000000	243.023   	130.000000	197.88    	130.000000	252.697
135.000000	47015.7   	135.000000	46473.5   	135.000000	46470     	135.000000	46549.7   	135.000000	306.132   	135.000000	147.814   	135.000000	258.612   	135.000000	210.279   	135.000000	269.227
140.000000	50010.2   	140.000000	49456.5   	140.000000	49443.6   	140.000000	49530.4   	140.000000	325.013   	140.000000	156.581   	140.000000	274.539   	140.000000	222.942   	140.000000	286.151
145.000000	53076.8   	145.000000	52510.9   	145.000000	52488.5   	145.000000	52583     	145.000000	344.265   	145.000000	165.513   	145.000000	290.792   	145.000000	235.861   	145.000000	303.456
150.000000	56214.3   	150.000000	55635.2   	150.000000	55603.6   	150.000000	55705.9   	150.000000	363.882   	150.000000	174.609   	150.000000	307.363   	150.000000	249.031   	150.000000	321.136
155.000000	59467     	155.000000	58828.1   	155.000000	58787.6   	155.000000	58898.1   	155.000000	383.851   	155.000000	183.866   	155.000000	324.244   	155.000000	262.446   	155.000000	339.182
160.000000	62787.3   	160.000000	62088.2   	160.000000	62039     	160.000000	62158.1   	160.000000	404.157   	160.000000	193.275   	160.000000	341.424   	160.000000	276.099   	160.000000	357.585
165.000000	66172.3   	165.000000	65414.3   	165.000000	65356.9   	165.000000	65484.8   	165.000000	424.793   	165.000000	202.838   	165.000000	358.895   	165.000000	289.984   	165.000000	376.339
170.000000	69620.9   	170.000000	68805.1   	170.000000	68740.1   	170.000000	68877     	170.000000	445.749   	170.000000	212.55    	170.000000	376.651   	170.000000	304.097   	170.000000	395.436
175.000000	73131.9   	175.000000	72259.5   	175.000000	72187.1   	175.000000	72333.4   	175.000000	467.01    	175.000000	222.406   	175.000000	394.679   	175.000000	318.43    	175.000000	414.865
180.000000	76704.3   	180.000000	75776.2   	180.000000	75696.9   	180.000000	75853.1   	180.000000	488.567   	180.000000	232.404   	180.000000	412.974   	180.000000	332.978   	180.000000	434.622
185.000000	80337     	185.000000	79354.1   	185.000000	79268.7   	185.000000	79434.8   	185.000000	510.416   	185.000000	242.542   	185.000000	431.53    	185.000000	347.738   	185.000000	454.701
190.000000	84028.9   	190.000000	82992.1   	190.000000	82901.5   	190.000000	83077.5   	190.000000	532.549   	190.000000	252.812   	190.000000	450.34    	190.000000	362.705   	190.000000	475.094
195.000000	87779     	195.000000	86689.1   	195.000000	86593.9   	195.000000	86780.1   	195.000000	554.952   	195.000000	263.211   	195.000000	469.394   	195.000000	377.873   	195.000000	495.795
200.000000	91586.5   	200.000000	90444.1   	200.000000	90344.9   	200.000000	90541.6   	200.000000	577.613   	200.000000	273.737   	200.000000	488.686   	200.000000	393.236   	200.000000	516.795
210.000000	99369.3   	210.000000	98124     	210.000000	98018.7   	210.000000	98237.5   	210.000000	623.682   	210.000000	295.163   	210.000000	527.954   	210.000000	424.531   	210.000000	559.667
220.000000	107370    	220.000000	106024    	220.000000	105916    	220.000000	106157    	220.000000	670.7     	220.000000	317.055   	220.000000	568.095   	220.000000	456.556   	220.000000	603.666
230.000000	115582    	230.000000	114136    	230.000000	114027    	230.000000	114294    	230.000000	718.593   	230.000000	339.388   	230.000000	609.056   	230.000000	489.275   	230.000000	648.739
240.000000	123999    	240.000000	122454    	240.000000	122349    	240.000000	122639    	240.000000	767.323   	240.000000	362.163   	240.000000	650.797   	240.000000	522.661   	240.000000	694.849
250.000000	132613    	250.000000	130970    	250.000000	130872    	250.000000	131188    	250.000000	816.827   	250.000000	385.367   	250.000000	693.271   	250.000000	556.681   	250.000000	741.949
260.000000	141421    	260.000000	139678    	260.000000	139590    	260.000000	139933    	260.000000	867.041   	260.000000	408.941   	260.000000	736.432   	260.000000	591.302   	260.000000	789.993
270.000000	150414    	270.000000	148573    	270.000000	148497    	270.000000	148868    	270.000000	917.93    	270.000000	432.892   	270.000000	780.245   	270.000000	626.502   	270.000000	838.948
280.000000	159590    	280.000000	157647    	280.000000	157588    	280.000000	157987    	280.000000	969.438   	280.000000	457.209   	280.000000	824.667   	280.000000	662.249   	280.000000	888.77
290.000000	168941    	290.000000	166896    	290.000000	166855    	290.000000	167284    	290.000000	1021.52   	290.000000	481.877   	290.000000	869.663   	290.000000	698.519   	290.000000	939.422
300.000000	178463    	300.000000	176314    	300.000000	176296    	300.000000	176754    	300.000000	1074.15   	300.000000	506.883   	300.000000	915.205   	300.000000	735.293   	300.000000	990.878
310.000000	188151    	310.000000	185896    	310.000000	185903    	310.000000	186392    	310.000000	1127.29   	310.000000	532.198   	310.000000	961.26    	310.000000	772.546   	310.000000	1043.1
320.000000	198002    	320.000000	195636    	320.000000	195672    	320.000000	196193    	320.000000	1180.89   	320.000000	557.817   	320.000000	1007.79   	320.000000	810.254   	320.000000	1096.06
330.000000	208009    	330.000000	205531    	330.000000	205598    	330.000000	206151    	330.000000	1234.9    	330.000000	583.734   	330.000000	1054.77   	330.000000	848.393   	330.000000	1149.71
340.000000	218170    	340.000000	215576    	340.000000	215676    	340.000000	216262    	340.000000	1289.32   	340.000000	609.928   	340.000000	1102.17   	340.000000	886.949   	340.000000	1204.04
350.000000	228479    	350.000000	225766    	350.000000	225902    	350.000000	226522    	350.000000	1344.1    	350.000000	636.382   	350.000000	1149.97   	350.000000	925.902   	350.000000	1259.02
360.000000	238934    	360.000000	236097    	360.000000	236272    	360.000000	236926    	360.000000	1399.23   	360.000000	663.096   	360.000000	1198.14   	360.000000	965.233   	360.000000	1314.61
370.000000	249530    	370.000000	246565    	370.000000	246781    	370.000000	247469    	370.000000	1454.65   	370.000000	690.068   	370.000000	1246.66   	370.000000	1004.92   	370.000000	1370.8
380.000000	260263    	380.000000	257166    	380.000000	257425    	380.000000	258149    	380.000000	1510.35   	380.000000	717.29    	380.000000	1295.49   	380.000000	1044.95   	380.000000	1427.54
390.000000	271131    	390.000000	267896    	390.000000	268200    	390.000000	268960    	390.000000	1566.3    	390.000000	744.742   	390.000000	1344.63   	390.000000	1085.3    	390.000000	1484.83
400.000000	282129    	400.000000	278752    	400.000000	279103    	400.000000	279899    	400.000000	1622.49   	400.000000	772.413   	400.000000	1394.05   	400.000000	1125.97   	400.000000	1542.64
410.000000	293255    	410.000000	289730    	410.000000	290129    	410.000000	290963    	410.000000	1678.87   	410.000000	800.295   	410.000000	1443.73   	410.000000	1166.93   	410.000000	1600.95
420.000000	304504    	420.000000	300828    	420.000000	301275    	420.000000	302148    	420.000000	1735.43   	420.000000	828.371   	420.000000	1493.64   	420.000000	1208.16   	420.000000	1659.72
430.000000	315875    	430.000000	312040    	430.000000	312538    	430.000000	313450    	430.000000	1792.17   	430.000000	856.629   	430.000000	1543.79   	430.000000	1249.67   	430.000000	1718.95
440.000000	327364    	440.000000	323366    	440.000000	323915    	440.000000	324867    	440.000000	1849.06   	440.000000	885.069   	440.000000	1594.14   	440.000000	1291.43   	440.000000	1778.61
450.000000	338968    	450.000000	334801    	450.000000	335404    	450.000000	336394    	450.000000	1906.08   	450.000000	913.699   	450.000000	1644.68   	450.000000	1333.43   	450.000000	1838.69
460.000000	350684    	460.000000	346342    	460.000000	347000    	460.000000	348030    	460.000000	1963.21   	460.000000	942.513   	460.000000	1695.4    	460.000000	1375.66   	460.000000	1899.17
470.000000	362510    	470.000000	357987    	470.000000	358699    	470.000000	359771    	470.000000	2020.42   	470.000000	971.503   	470.000000	1746.27   	470.000000	1418.11   	470.000000	1960.02
480.000000	374443    	480.000000	369733    	480.000000	370500    	480.000000	371613    	480.000000	2077.71   	480.000000	1000.66   	480.000000	1797.29   	480.000000	1460.76   	480.000000	2021.22
490.000000	386480    	490.000000	381578    	490.000000	382400    	490.000000	383555    	490.000000	2135.05   	490.000000	1029.95   	490.000000	1848.44   	490.000000	1503.6    	490.000000	2082.77
500.000000	398619    	500.000000	393518    	500.000000	394395    	500.000000	395592    	500.000000	2192.44   	500.000000	1059.39   	500.000000	1899.7    	500.000000	1546.62   	500.000000	2144.64
520.000000	423194    	520.000000	417676    	520.000000	418663    	520.000000	419946    	520.000000	2307.32   	520.000000	1118.71   	520.000000	2002.54   	520.000000	1633.18   	520.000000	2269.3
540.000000	448147    	540.000000	442189    	540.000000	443285    	540.000000	444654    	540.000000	2422.23   	540.000000	1178.6    	540.000000	2105.7    	540.000000	1720.36   	540.000000	2395.09
560.000000	473463    	560.000000	467038    	560.000000	468239    	560.000000	469697    	560.000000	2537.05   	560.000000	1238.97   	560.000000	2209.1    	560.000000	1808.07   	560.000000	2521.87
580.000000	499123    	580.000000	492207    	580.000000	493511    	580.000000	495060    	580.000000	2651.75   	580.000000	1299.82   	580.000000	2312.66   	580.000000	1896.26   	580.000000	2649.57
600.000000	525113    	600.000000	517681    	600.000000	519084    	600.000000	520725    	600.000000	2766.25   	600.000000	1361.17   	600.000000	2416.33   	600.000000	1984.87   	600.000000	2778.09
620.000000	551417    	620.000000	543444    	620.000000	544941    	620.000000	546676    	620.000000	2880.48   	620.000000	1422.91   	620.000000	2520.03   	620.000000	2073.84   	620.000000	2907.33
640.000000	578021    	640.000000	569483    	640.000000	571068    	640.000000	572900    	640.000000	2994.38   	640.000000	1485.03   	640.000000	2623.7    	640.000000	2163.12   	640.000000	3037.21
660.000000	604911    	660.000000	595784    	660.000000	597453    	660.000000	599382    	660.000000	3107.92   	660.000000	1547.53   	660.000000	2727.32   	660.000000	2252.67   	660.000000	3167.68
680.000000	632074    	680.000000	622335    	680.000000	624084    	680.000000	626110    	680.000000	3221.07   	680.000000	1610.39   	680.000000	2830.82   	680.000000	2342.45   	680.000000	3298.66
700.000000	659498    	700.000000	649123    	700.000000	650948    	700.000000	653072    	700.000000	3333.78   	700.000000	1673.58   	700.000000	2934.16   	700.000000	2432.41   	700.000000	3430.08
720.000000	687172    	720.000000	676139    	720.000000	678032    	720.000000	680255    	720.000000	3446      	720.000000	1737.09   	720.000000	3037.3    	720.000000	2522.51   	720.000000	3561.88
740.000000	715084    	740.000000	703371    	740.000000	705325    	740.000000	707649    	740.000000	3557.68   	740.000000	1800.89   	740.000000	3140.2    	740.000000	2612.71   	740.000000	3694
760.000000	743223    	760.000000	730808    	760.000000	732817    	760.000000	735244    	760.000000	3668.82   	760.000000	1864.95   	760.000000	3242.84   	760.000000	2702.98   	760.000000	3826.38
780.000000	771579    	780.000000	758442    	780.000000	760500    	780.000000	763030    	780.000000	3779.41   	780.000000	1929.25   	780.000000	3345.19   	780.000000	2793.31   	780.000000	3958.98
800.000000	800142    	800.000000	786264    	800.000000	788364    	800.000000	790998    	800.000000	3889.41   	800.000000	1993.78   	800.000000	3447.23   	800.000000	2883.65   	800.000000	4091.76
820.000000	828903    	820.000000	814264    	820.000000	816401    	820.000000	819138    	820.000000	3998.82   	820.000000	2058.57   	820.000000	3548.92   	820.000000	2973.98   	820.000000	4224.68
840.000000	857853    	840.000000	842435    	840.000000	844602    	840.000000	847443    	840.000000	4107.61   	840.000000	2123.61   	840.000000	3650.26   	840.000000	3064.29   	840.000000	4357.69
860.000000	886983    	860.000000	870768    	860.000000	872959    	860.000000	875904    	860.000000	4215.76   	860.000000	2188.9    	860.000000	3751.21   	860.000000	3154.53   	860.000000	4490.75
880.000000	916285    	880.000000	899256    	880.000000	901463    	880.000000	904515    	880.000000	4323.25   	880.000000	2254.4    	880.000000	3851.75   	880.000000	3244.69   	880.000000	4623.82
900.000000	945751    	900.000000	927892    	900.000000	930108    	900.000000	933267    	900.000000	4430.07   	900.000000	2320.1    	900.000000	3951.88   	900.000000	3334.75   	900.000000	4756.88
920.000000	975373    	920.000000	956669    	920.000000	958887    	920.000000	962155    	920.000000	4536.23   	920.000000	2385.99   	920.000000	4051.58   	920.000000	3424.7    	920.000000	4889.88
940.000000	1.00514e+06	940.000000	985581    	940.000000	987795    	940.000000	991172    	940.000000	4641.72   	940.000000	2452.05   	940.000000	4150.84   	940.000000	3514.51   	940.000000	5022.81
960.000000	1.03506e+06	960.000000	1.01462e+06	960.000000	1.01683e+06	960.000000	1.02031e+06	960.000000	4746.53   	960.000000	2518.28   	960.000000	4249.65   	960.000000	3604.18   	960.000000	5155.65
980.000000	1.0651e+06	980.000000	1.04378e+06	980.000000	1.04597e+06	980.000000	1.04957e+06	980.000000	4850.67   	980.000000	2584.65   	980.000000	4348      	980.000000	3693.68   	980.000000	5288.36
1000.000000	1.09528e+06	1000.000000	1.07306e+06	1000.000000	1.07523e+06	1000.000000	1.07894e+06	1000.000000	4954.13   	1000.000000	2651.18   	1000.000000	4445.88   	1000.000000	3783.02   	1000.000000	5420.92
1020.000000	1.12558e+06	1020.000000	1.10245e+06	1020.000000	1.1046e+06	1020.000000	1.10841e+06	1020.000000	5056.9    	1020.000000	2717.86   	1020.000000	4543.29   	1020.000000	3872.16   	1020.000000	5553.32
1040.000000	1.15599e+06	1040.000000	1.13195e+06	1040.000000	1.13406e+06	1040.000000	1.13798e+06	1040.000000	5158.98   	1040.000000	2784.69   	1040.000000	4640.21   	1040.000000	3961.1    	1040.000000	5685.52
1060.000000	1.18652e+06	1060.000000	1.16155e+06	1060.000000	1.16363e+06	1060.000000	1.16766e+06	1060.000000	5260.36   	1060.000000	2851.67   	1060.000000	4736.64   	1060.000000	4049.83   	1060.000000	5817.51
1080.000000	1.21715e+06	1080.000000	1.19124e+06	1080.000000	1.19328e+06	1080.000000	1.19742e+06	1080.000000	5361.05   	1080.000000	2918.82   	1080.000000	4832.58   	1080.000000	4138.34   	1080.000000	5949.26
1100.000000	1.24788e+06	1100.000000	1.22102e+06	1100.000000	1.22302e+06	1100.000000	1.22727e+06	1100.000000	5461.03   	1100.000000	2986.12   	1100.000000	4928.01   	1100.000000	4226.61   	1100.000000	6080.77
1120.000000	1.27871e+06	1120.000000	1.2509e+06	1120.000000	1.25284e+06	1120.000000	1.2572e+06	1120.000000	5560.33   	1120.000000	3053.57   	1120.000000	5022.94   	1120.000000	4314.64   	1120.000000	6212.01
1140.000000	1.30962e+06	1140.000000	1.28085e+06	1140.000000	1.28274e+06	1140.000000	1.28722e+06	1140.000000	5658.94   	1140.000000	3121.15   	1140.000000	5117.37   	1140.000000	4402.43   	1140.000000	6342.98
1160.000000	1.34062e+06	1160.000000	1.31088e+06	1160.000000	1.31271e+06	1160.000000	1.31731e+06	1160.000000	5756.87   	1160.000000	3188.86   	1160.000000	5211.29   	1160.000000	4489.96   	1160.000000	6473.66
1180.000000	1.37169e+06	1180.000000	1.34099e+06	1180.000000	1.34276e+06	1180.000000	1.34747e+06	1180.000000	5854.13   	1180.000000	3256.68   	1180.000000	5304.71   	1180.000000	4577.23   	1180.000000	6604.04
1200.000000	1.40285e+06	1200.000000	1.37117e+06	1200.000000	1.37288e+06	1200.000000	1.37769e+06	1200.000000	5950.71   	1200.000000	3324.61   	1200.000000	5397.62   	1200.000000	4664.24   	1200.000000	6734.12
1220.000000	1.43407e+06	1220.000000	1.40142e+06	1220.000000	1.40306e+06	1220.000000	1.40799e+06	1220.000000	6046.62   	1220.000000	3392.65   	1220.000000	5490.02   	1220.000000	4750.97   	1220.000000	6863.87
1240.000000	1.46536e+06	1240.000000	1.43173e+06	1240.000000	1.4333e+06	1240.000000	1.43834e+06	1240.000000	6141.85   	1240.000000	3460.8    	1240.000000	5581.91   	1240.000000	4837.42   	1240.000000	6993.28
1260.000000	1.49672e+06	1260.000000	1.46211e+06	1260.000000	1.4636e+06	1260.000000	1.46876e+06	1260.000000	6236.42   	1260.000000	3529.05   	1260.000000	5673.29   	1260.000000	4923.59   	1260.000000	7122.36
1280.000000	1.52813e+06	1280.000000	1.49254e+06	1280.000000	1.49396e+06	1280.000000	1.49923e+06	1280.000000	6330.32   	1280.000000	3597.4    	1280.000000	5764.15   	1280.000000	5009.48   	1280.000000	7251.07
1300.000000	1.5596e+06	1300.000000	1.52302e+06	1300.000000	1.52437e+06	1300.000000	1.52975e+06	1300.000000	6423.56   	1300.000000	3665.85   	1300.000000	5854.51   	1300.000000	5095.06   	1300.000000	7379.43
1320.000000	1.59111e+06	1320.000000	1.55356e+06	1320.000000	1.55482e+06	1320.000000	1.56033e+06	1320.000000	6516.15   	1320.000000	3734.41   	1320.000000	5944.36   	1320.000000	5180.36   	1320.000000	7507.42
1340.000000	1.62268e+06	1340.000000	1.58414e+06	1340.000000	1.58533e+06	1340.000000	1.59095e+06	1340.000000	6608.1    	1340.000000	3803.06   	1340.000000	6033.71   	1340.000000	5265.35   	1340.000000	7635.04
1360.000000	1.65429e+06	1360.000000	1.61477e+06	1360.000000	1.61588e+06	1360.000000	1.62162e+06	1360.000000	6699.4    	1360.000000	3871.81   	1360.000000	6122.56   	1360.000000	5350.05   	1360.000000	7762.28
1380.000000	1.68594e+06	1380.000000	1.64545e+06	1380.000000	1.64648e+06	1380.000000	1.65233e+06	1380.000000	6790.08   	1380.000000	3940.65   	1380.000000	6210.9    	1380.000000	5434.44   	1380.000000	7889.13
1400.000000	1.71763e+06	1400.000000	1.67616e+06	1400.000000	1.67712e+06	1400.000000	1.68309e+06	1400.000000	6880.13   	1400.000000	4009.59   	1400.000000	6298.75   	1400.000000	5518.53   	1400.000000	8015.6
1420.000000	1.74936e+06	1420.000000	1.70691e+06	1420.000000	1.70779e+06	1420.000000	1.71388e+06	1420.000000	6969.56   	1420.000000	4078.63   	1420.000000	6386.1    	1420.000000	5602.32   	1420.000000	8141.68
1440.000000	1.78112e+06	1440.000000	1.7377e+06	1440.000000	1.73851e+06	1440.000000	1.74471e+06	1440.000000	7058.37   	1440.000000	4147.76   	1440.000000	6472.96   	1440.000000	5685.8    	1440.000000	8267.36
1460.000000	1.8129e+06	1460.000000	1.76852e+06	1460.000000	1.76926e+06	1460.000000	1.77558e+06	1460.000000	7146.58   	1460.000000	4216.99   	1460.000000	6559.33   	1460.000000	5768.97   	1460.000000	8392.64
1480.000000	1.84471e+06	1480.000000	1.79938e+06	1480.000000	1.80004e+06	1480.000000	1.80647e+06	1480.000000	7234.19   	1480.000000	4286.31   	1480.000000	6645.21   	1480.000000	5851.82   	1480.000000	8517.52
1500.000000	1.87655e+06	1500.000000	1.83026e+06	1500.000000	1.83085e+06	1500.000000	1.8374e+06	1500.000000	7321.21   	1500.000000	4355.73   	1500.000000	6730.61   	1500.000000	5934.37   	1500.000000	8642
1520.000000	1.90841e+06	1520.000000	1.86117e+06	1520.000000	1.8617e+06	1520.000000	1.86836e+06	1520.000000	7407.63   	1520.000000	4425.24   	1520.000000	6815.53   	1520.000000	6016.61   	1520.000000	8766.06
1540.000000	1.94028e+06	1540.000000	1.8921e+06	1540.000000	1.89257e+06	1540.000000	1.89935e+06	1540.000000	7493.47   	1540.000000	4494.83   	1540.000000	6899.98   	1540.000000	6098.53   	1540.000000	8889.71
1560.000000	1.97217e+06	1560.000000	1.92306e+06	1560.000000	1.92347e+06	1560.000000	1.93036e+06	1560.000000	7578.74   	1560.000000	4564.52   	1560.000000	6983.94   	1560.000000	6180.14   	1560.000000	9012.95
1580.000000	2.00407e+06	1580.000000	1.95404e+06	1580.000000	1.95439e+06	1580.000000	1.9614e+06	1580.000000	7663.42   	1580.000000	4634.28   	1580.000000	7067.44   	1580.000000	6261.43   	1580.000000	9135.77
1600.000000	2.03599e+06	1600.000000	1.98504e+06	1600.000000	1.98534e+06	1600.000000	1.99246e+06	1600.000000	7747.55   	1600.000000	4704.13   	1600.000000	7150.47   	1600.000000	6342.41   	1600.000000	9258.17
1620.000000	2.06791e+06	1620.000000	2.01605e+06	1620.000000	2.01631e+06	1620.000000	2.02355e+06	1620.000000	7831.11   	1620.000000	4774.05   	1620.000000	7233.03   	1620.000000	6423.08   	1620.000000	9380.16
1640.000000	2.09985e+06	1640.000000	2.04709e+06	1640.000000	2.0473e+06	1640.000000	2.05465e+06	1640.000000	7914.11   	1640.000000	4844.04   	1640.000000	7315.14   	1640.000000	6503.43   	1640.000000	9501.72
1660.000000	2.13178e+06	1660.000000	2.07813e+06	1660.000000	2.07831e+06	1660.000000	2.08578e+06	1660.000000	7996.56   	1660.000000	4914.1    	1660.000000	7396.78   	1660.000000	6583.46   	1660.000000	9622.86
1680.000000	2.16372e+06	1680.000000	2.10919e+06	1680.000000	2.10933e+06	1680.000000	2.11692e+06	1680.000000	8078.47   	1680.000000	4984.22   	1680.000000	7477.97   	1680.000000	6663.18   	1680.000000	9743.57
1700.000000	2.19566e+06	1700.000000	2.14026e+06	1700.000000	2.14038e+06	1700.000000	2.14808e+06	1700.000000	8159.83   	1700.000000	5054.4    	1700.000000	7558.71   	1700.000000	6742.59   	1700.000000	9863.86
1750.000000	2.2755e+06	1750.000000	2.21798e+06	1750.000000	2.21805e+06	1750.000000	2.22604e+06	1750.000000	8360.93   	1750.000000	5230.15   	1750.000000	7758.61   	1750.000000	6939.73   	1750.000000	10162.7
1800.000000	2.3553e+06	1800.000000	2.29574e+06	1800.000000	2.2958e+06	1800.000000	2.30409e+06	1800.000000	8558.8    	1800.000000	5406.31   	1800.000000	7955.77   	1800.000000	7134.92   	1800.000000	10458.9
1850.000000	2.43505e+06	1850.000000	2.37352e+06	1850.000000	2.37362e+06	1850.000000	2.3822e+06	1850.000000	8753.53   	1850.000000	5582.91   	1850.000000	8150.26   	1850.000000	7328.18   	1850.000000	10752.5
1900.000000	2.5147e+06	1900.000000	2.4513e+06	1900.000000	2.4515e+06	1900.000000	2.46037e+06	1900.000000	8945.22   	1900.000000	5759.98   	1900.000000	8342.14   	1900.000000	7519.52   	1900.000000	11043.4
1950.000000	2.59425e+06	1950.000000	2.52906e+06	1950.000000	2.52942e+06	1950.000000	2.53858e+06	1950.000000	9133.95   	1950.000000	5937.53   	1950.000000	8531.47   	1950.000000	7708.96   	1950.000000	11331.7
2000.000000	2.67368e+06	2000.000000	2.60679e+06	2000.000000	2.60736e+06	2000.000000	2.61682e+06	2000.000000	9319.81   	2000.000000	6115.57   	2000.000000	8718.3    	2000.000000	7896.53   	2000.000000	11617.5
2100.000000	2.83206e+06	2100.000000	2.76211e+06	2100.000000	2.76331e+06	2100.000000	2.77334e+06	2100.000000	9683.27   	2100.000000	6473.12   	2100.000000	9084.74   	2100.000000	8266.14   	2100.000000	12181.2
2200.000000	2.98973e+06	2200.000000	2.91714e+06	2200.000000	2.91926e+06	2200.000000	2.92986e+06	2200.000000	10036.2   	2200.000000	6832.58   	2200.000000	9441.9    	2200.000000	8628.53   	2200.000000	12734.9
2300.000000	3.14656e+06	2300.000000	3.0718e+06	2300.000000	3.07517e+06	2300.000000	3.08634e+06	2300.000000	10379.2   	2300.000000	7193.89   	2300.000000	9790.22   	2300.000000	8983.9    	2300.000000	13278.6
2400.000000	3.30245e+06	2400.000000	3.22601e+06	2400.000000	3.23097e+06	2400.000000	3.2427e+06	2400.000000	10712.8   	2400.000000	7556.95   	2400.000000	10130.1   	2400.000000	9332.47   	2400.000000	13812.8
2500.000000	3.45731e+06	2500.000000	3.37971e+06	2500.000000	3.38663e+06	2500.000000	3.39892e+06	2500.000000	11037.5   	2500.000000	7921.71   	2500.000000	10462     	2500.000000	9674.42   	2500.000000	14337.5
2600.000000	3.61109e+06	2600.000000	3.53283e+06	2600.000000	3.5421e+06	2600.000000	3.55496e+06	2600.000000	11353.6   	2600.000000	8288.02   	2600.000000	10786.2   	2600.000000	10009.9   	2600.000000	14853.1
2700.000000	3.76371e+06	2700.000000	3.68534e+06	2700.000000	3.69734e+06	2700.000000	3.71076e+06	2700.000000	11661.7   	2700.000000	8655.82   	2700.000000	11103     	2700.000000	10339.2   	2700.000000	15359.7
2800.000000	3.91512e+06	2800.000000	3.83719e+06	2800.000000	3.85233e+06	2800.000000	3.86632e+06	2800.000000	11962.1   	2800.000000	9025.11   	2800.000000	11412.8   	2800.000000	10662.5   	2800.000000	15857.6
2900.000000	4.06528e+06	2900.000000	3.98835e+06	2900.000000	4.00707e+06	2900.000000	4.02161e+06	2900.000000	12255.2   	2900.000000	9395.89   	2900.000000	11716     	2900.000000	10979.9   	2900.000000	16347.1
3000.000000	4.21416e+06	3000.000000	4.13878e+06	3000.000000	4.16152e+06	3000.000000	4.17662e+06	3000.000000	12541.5   	3000.000000	9768.19   	3000.000000	12012.7   	3000.000000	11291.7   	3000.000000	16828.5
3200.000000	4.50795e+06	3200.000000	4.43739e+06	3200.000000	4.46954e+06	3200.000000	4.48575e+06	3200.000000	13094.6   	3200.000000	10517.4   	3200.000000	12588.3   	3200.000000	11899.3   	3200.000000	17767.9
3400.000000	4.79633e+06	3400.000000	4.73285e+06	3400.000000	4.77634e+06	3400.000000	4.79365e+06	3400.000000	13624.1   	3400.000000	11272.9   	3400.000000	13141.6   	3400.000000	12486.5   	3400.000000	18677.8
3600.000000	5.07918e+06	3600.000000	5.02505e+06	3600.000000	5.08188e+06	3600.000000	5.10026e+06	3600.000000	14131.9   	3600.000000	12034.7   	3600.000000	13674.6   	3600.000000	13054.9   	3600.000000	19560
3800.000000	5.35647e+06	3800.000000	5.31393e+06	3800.000000	5.38613e+06	3800.000000	5.40558e+06	3800.000000	14620.1   	3800.000000	12802.9   	3800.000000	14188.8   	3800.000000	13605.6   	3800.000000	20416.2
4000.000000	5.62819e+06	4000.000000	5.59944e+06	4000.000000	5.6891e+06	4000.000000	5.70959e+06	4000.000000	15090.2   	4000.000000	13577.7   	4000.000000	14685.9   	4000.000000	14139.8   	4000.000000	21248.2
4200.000000	5.89437e+06	4200.000000	5.88157e+06	4200.000000	5.99077e+06	4200.000000	6.01231e+06	4200.000000	15543.6   	4200.000000	14358.9   	4200.000000	15167.2   	4200.000000	14658.5   	4200.000000	22057.3
4400.000000	6.15507e+06	4400.000000	6.16031e+06	4400.000000	6.29117e+06	4400.000000	6.31373e+06	4400.000000	15981.8   	4400.000000	15146.6   	4400.000000	15633.9   	4400.000000	15162.8   	4400.000000	22844.9
4600.000000	6.41035e+06	4600.000000	6.43569e+06	4600.000000	6.59032e+06	4600.000000	6.61389e+06	4600.000000	16405.9   	4600.000000	15940.8   	4600.000000	16086.9   	4600.000000	15653.6   	4600.000000	23612.3
4800.000000	6.66031e+06	4800.000000	6.70772e+06	4800.000000	6.88822e+06	4800.000000	6.9128e+06	4800.000000	16816.8   	4800.000000	16741.3   	4800.000000	16527.4   	4800.000000	16131.5   	4800.000000	24360.8
5000.000000	6.90503e+06	5000.000000	6.97643e+06	5000.000000	7.18492e+06	5000.000000	7.2105e+06	5000.000000	17215.4   	5000.000000	17548.1   	5000.000000	16956.3   	5000.000000	16597.5   	5000.000000	25091.3
5250.000000	7.20374e+06	5250.000000	7.30773e+06	5250.000000	7.55413e+06	5250.000000	7.58094e+06	5250.000000	17697.8   	5250.000000	18565.4   	5250.000000	17477.1   	5250.000000	17164.2   	5250.000000	25980.8
5500.000000	7.49467e+06	5500.000000	7.634e+06 	5500.000000	7.92154e+06	5500.000000	7.94956e+06	5500.000000	18163.9   	5500.000000	19592.3   	5500.000000	17982.3   	5500.000000	17714.5   	5500.000000	26845.7
6000.000000	8.05404e+06	6000.000000	8.27186e+06	6000.000000	8.65119e+06	6000.000000	8.6816e+06	6000.000000	19051.9   	6000.000000	21674.6   	6000.000000	18950.7   	6000.000000	18770.3   	6000.000000	28508.1
6500.000000	8.58499e+06	6500.000000	8.89084e+06	6500.000000	9.37428e+06	6500.000000	9.40704e+06	6500.000000	19887.9   	6500.000000	23793.8   	6500.000000	19870.2   	6500.000000	19772.9   	6500.000000	30090
7000.000000	9.08932e+06	7000.000000	9.49179e+06	7000.000000	1.00912e+07	7000.000000	1.01263e+07	7000.000000	20678.8   	7000.000000	25949.7   	7000.000000	20747.6   	7000.000000	20728.8   	7000.000000	31601.1
7500.000000	9.56876e+06	7500.000000	1.00756e+07	7500.000000	1.08025e+07	7500.000000	1.08398e+07	7500.000000	21430.2   	7500.000000	28139.4   	7500.000000	21588.6   	7500.000000	21643.5   	7500.000000	33049.5
8000.000000	1.0025e+07	8000.000000	1.06431e+07	8000.000000	1.15083e+07	8000.000000	1.15478e+07	8000.000000	22146.6   	8000.000000	30362.3   	8000.000000	22398     	8000.000000	22521.6   	8000.000000	34442.2
8500.000000	1.04595e+07	8500.000000	1.11951e+07	8500.000000	1.2209e+07	8500.000000	1.22508e+07	8500.000000	22832     	8500.000000	32619.6   	8500.000000	23179.6   	8500.000000	23367.2   	8500.000000	35784.9
9000.000000	1.08737e+07	9000.000000	1.17323e+07	9000.000000	1.2905e+07	9000.000000	1.29489e+07	9000.000000	23489.4   	9000.000000	34910.8   	9000.000000	23936.7   	9000.000000	24183.6   	9000.000000	37082.9
9500.000000	1.1269e+07	9500.000000	1.22555e+07	9500.000000	1.35966e+07	9500.000000	1.36425e+07	9500.000000	24121.6   	9500.000000	37235     	9500.000000	24672.2   	9500.000000	24973.8   	9500.000000	38340.5
10000.000000	1.16465e+07	10000.000000	1.27654e+07	10000.000000	1.42838e+07	10000.000000	1.43319e+07	10000.000000	24731     	10000.000000	39591.3   	10000.000000	25388.5   	10000.000000	25740.4   	10000.000000	39561.7
11000.000000	1.2353e+07	11000.000000	1.37478e+07	11000.000000	1.56465e+07	11000.000000	1.56987e+07	11000.000000	25888.8   	11000.000000	44397.8   	11000.000000	26771.4   	11000.000000	27211.1   	11000.000000	41907.5
12000.000000	1.3001e+07	12000.000000	1.4684e+07	12000.000000	1.69948e+07	12000.000000	1.7051e+07	12000.000000	26976.3   	12000.000000	49327.1   	12000.000000	28098.7   	12000.000000	28610.7   	12000.000000	44143
13000.000000	1.35975e+07	13000.000000	1.55782e+07	13000.000000	1.83301e+07	13000.000000	1.83901e+07	13000.000000	28003.7   	13000.000000	54374.3   	13000.000000	29380.7   	13000.000000	29950.8   	13000.000000	46285.7
14000.000000	1.41483e+07	14000.000000	1.64341e+07	14000.000000	1.96535e+07	14000.000000	1.97172e+07	14000.000000	28978.9   	14000.000000	59533.1   	14000.000000	30625.1   	14000.000000	31240.3   	14000.000000	48349.6
15000.000000	1.46584e+07	15000.000000	1.72547e+07	15000.000000	2.09659e+07	15000.000000	2.10333e+07	15000.000000	29908.3   	15000.000000	64797.9   	15000.000000	31838     	15000.000000	32486.8   	15000.000000	50346.2
16000.000000	1.51322e+07	16000.000000	1.8043e+07	16000.000000	2.22682e+07	16000.000000	2.23393e+07	16000.000000	30797.3   	16000.000000	70164.9   	16000.000000	33024.1   	16000.000000	33696.1   	16000.000000	52284.6
17000.000000	1.55732e+07	17000.000000	1.88014e+07	17000.000000	2.35613e+07	17000.000000	2.3636e+07	17000.000000	31650.2   	17000.000000	75632.3   	17000.000000	34187.1   	17000.000000	34873.2   	17000.000000	54172.3
18000.000000	1.59849e+07	18000.000000	1.95321e+07	18000.000000	2.48457e+07	18000.000000	2.49239e+07	18000.000000	32470.8   	18000.000000	81198.7   	18000.000000	35330.2   	18000.000000	36021.9   	18000.000000	56015.8
19000.000000	1.63699e+07	19000.000000	2.02371e+07	19000.000000	2.61221e+07	19000.000000	2.62038e+07	19000.000000	33262.3   	19000.000000	86862.7   	19000.000000	36455.7   	19000.000000	37145.9   	19000.000000	57820.3
20000.000000	1.67308e+07	20000.000000	2.09183e+07	20000.000000	2.7391e+07	20000.000000	2.74761e+07	20000.000000	34027.3   	20000.000000	92622.9   	20000.000000	37565.6   	20000.000000	38247.9   	20000.000000	59590.5
21000.000000	1.70697e+07	21000.000000	2.15771e+07	21000.000000	2.8653e+07	21000.000000	2.87412e+07	21000.000000	34768.2   	21000.000000	98476.8   	21000.000000	38661.5   	21000.000000	39330.1   	21000.000000	61329.7
22000.000000	1.73886e+07	22000.000000	2.22151e+07	22000.000000	2.99083e+07	22000.000000	2.99997e+07	22000.000000	35486.8   	22000.000000	104417    	22000.000000	39744.5   	22000.000000	40394.6   	22000.000000	63041.2
23000.000000	1.76891e+07	23000.000000	2.28335e+07	23000.000000	3.11574e+07	23000.000000	3.12519e+07	23000.000000	36184.9   	23000.000000	110441    	23000.000000	40815.8   	23000.000000	41443     	23000.000000	64727.7
24000.000000	1.79728e+07	24000.000000	2.34336e+07	24000.000000	3.24005e+07	24000.000000	3.2498e+07	24000.000000	36864.1   	24000.000000	116550    	24000.000000	41876     	24000.000000	42476.7   	24000.000000	66391.3
25000.000000	1.82411e+07	25000.000000	2.40165e+07	25000.000000	3.3638e+07	25000.000000	3.37386e+07	25000.000000	37525.6   	25000.000000	122741    	25000.000000	42926     	25000.000000	43497     	25000.000000	68034.1
26000.000000	1.8495e+07	26000.000000	2.4583e+07	26000.000000	3.48703e+07	26000.000000	3.49737e+07	26000.000000	38170.7   	26000.000000	129010    	26000.000000	43966.2   	26000.000000	44504.9   	26000.000000	69657.7
27000.000000	1.87358e+07	27000.000000	2.51343e+07	27000.000000	3.60974e+07	27000.000000	3.62037e+07	27000.000000	38800.6   	27000.000000	135355    	27000.000000	44997.2   	27000.000000	45501.3   	27000.000000	71263.6
28000.000000	1.89643e+07	28000.000000	2.56709e+07	28000.000000	3.73198e+07	28000.000000	3.74289e+07	28000.000000	39416.1   	28000.000000	141776    	28000.000000	46019.4   	28000.000000	46486.9   	28000.000000	72853.1
29000.000000	1.91816e+07	29000.000000	2.61939e+07	29000.000000	3.85376e+07	29000.000000	3.86494e+07	29000.000000	40018.2   	29000.000000	148272    	29000.000000	47033.1   	29000.000000	47462.6   	29000.000000	74427.3
30000.000000	1.93883e+07	30000.000000	2.67037e+07	30000.000000	3.9751e+07	30000.000000	3.98654e+07	30000.000000	40607.6   	30000.000000	154841    	30000.000000	48038.6   	30000.000000	48428.8   	30000.000000	75987.1
32000.000000	1.9773e+07	32000.000000	2.76869e+07	32000.000000	4.21654e+07	32000.000000	4.22849e+07	32000.000000	41751.3   	32000.000000	168198    	32000.000000	50025.6   	32000.000000	50334.8   	32000.000000	79066.6
34000.000000	2.01236e+07	34000.000000	2.8625e+07	34000.000000	4.45643e+07	34000.000000	4.46886e+07	34000.000000	42852.2   	34000.000000	181838    	34000.000000	51982     	34000.000000	52208.2   	34000.000000	82097
36000.000000	2.04442e+07	36000.000000	2.95222e+07	36000.000000	4.69489e+07	36000.000000	4.70777e+07	36000.000000	43914.5   	36000.000000	195752    	36000.000000	53908.9   	36000.000000	54051.8   	36000.000000	85082.7
38000.000000	2.07385e+07	38000.000000	3.03821e+07	38000.000000	4.93201e+07	38000.000000	4.94533e+07	38000.000000	44941.8   	38000.000000	209923    	38000.000000	55807     	38000.000000	55867.3   	38000.000000	88026.6
40000.000000	2.10094e+07	40000.000000	3.12076e+07	40000.000000	5.1679e+07	40000.000000	5.18162e+07	40000.000000	45937.3   	40000.000000	224340    	40000.000000	57677     	40000.000000	57656.4   	40000.000000	90931.3
42000.000000	2.12595e+07	42000.000000	3.20014e+07	42000.000000	5.40262e+07	42000.000000	5.41673e+07	42000.000000	46903.5   	42000.000000	238993    	42000.000000	59519.6   	42000.000000	59420.5   	42000.000000	93799
44000.000000	2.1491e+07	44000.000000	3.27661e+07	44000.000000	5.63627e+07	44000.000000	5.65073e+07	44000.000000	47842.9   	44000.000000	253873    	44000.000000	61335.3   	44000.000000	61160.7   	44000.000000	96631.4
46000.000000	2.17059e+07	46000.000000	3.35036e+07	46000.000000	5.86888e+07	46000.000000	5.88368e+07	46000.000000	48757.4   	46000.000000	268976    	46000.000000	63124.6   	46000.000000	62877.6   	46000.000000	99429.6
48000.000000	2.19058e+07	48000.000000	3.4216e+07	48000.000000	6.10054e+07	48000.000000	6.11563e+07	48000.000000	49648.9   	48000.000000	284297    	48000.000000	64887.9   	48000.000000	64572.1   	48000.000000	102195
50000.000000	2.20922e+07	50000.000000	3.49049e+07	50000.000000	6.33128e+07	50000.000000	6.34665e+07	50000.000000	50518.9   	50000.000000	299830    	50000.000000	66625.7   	50000.000000	66244.8   	50000.000000	104928
