*Energy (MeV/u)1	0 - [He-base] F.Hubert et al, AD&ND Tables 46(1990)1	Energy (MeV/u)2	1 - [H -base] J.F.Ziegler et al, Pergamon Press, NY (low energy)	Energy (MeV/u)3	2 - ATIMA 1.2  LS-theory (recommended for high energy)	Energy (MeV/u)4	3 - ATIMA 1.2  without LS-correction	Energy (MeV/u)5	4 - electrical component of [1] - J.F.Ziegler et al	Energy (MeV/u)6	5 - nuclear component of [1] - J.F.Ziegler et al	
0.001000	0.341841  	0.001000	0.185544  	0.001000	0.20295   	0.001000	0.20295   	0.001000	0.112078  	0.001000	0.0734659
0.002000	0.378766  	0.002000	0.205492  	0.002000	0.225179  	0.002000	0.225179  	0.002000	0.145347  	0.002000	0.0601451
0.005000	0.466949  	0.005000	0.245131  	0.005000	0.267619  	0.005000	0.267619  	0.005000	0.204944  	0.005000	0.0401872
0.008000	0.535025  	0.008000	0.275476  	0.008000	0.299129  	0.008000	0.299129  	0.008000	0.244444  	0.008000	0.0310318
0.010000	0.573675  	0.010000	0.292948  	0.010000	0.317044  	0.010000	0.317044  	0.010000	0.265779  	0.010000	0.0271692
0.015000	0.670386  	0.015000	0.339656  	0.015000	0.36135   	0.015000	0.36135   	0.015000	0.318625  	0.015000	0.0210312
0.020000	0.746858  	0.020000	0.415171  	0.020000	0.424437  	0.020000	0.424437  	0.020000	0.397809  	0.020000	0.0173619
0.025000	0.830639  	0.025000	0.487565  	0.025000	0.486597  	0.025000	0.486597  	0.025000	0.472677  	0.025000	0.0148872
0.030000	0.901136  	0.030000	0.555743  	0.030000	0.540173  	0.030000	0.540173  	0.030000	0.542775  	0.030000	0.0129684
0.035000	0.951197  	0.035000	0.616914  	0.035000	0.590238  	0.035000	0.590238  	0.035000	0.605301  	0.035000	0.0116131
0.040000	0.988374  	0.040000	0.66914   	0.040000	0.636622  	0.040000	0.636622  	0.040000	0.658602  	0.040000	0.0105385
0.045000	1.01428   	0.045000	0.715983  	0.045000	0.679349  	0.045000	0.679349  	0.045000	0.706319  	0.045000	0.00966315
0.050000	1.02979   	0.050000	0.757555  	0.050000	0.718484  	0.050000	0.718484  	0.050000	0.74862   	0.050000	0.00893482
0.055000	1.06834   	0.055000	0.794085  	0.055000	0.754134  	0.055000	0.754134  	0.055000	0.785767  	0.055000	0.00831827
0.060000	1.10053   	0.060000	0.825885  	0.060000	0.786436  	0.060000	0.786436  	0.060000	0.818096  	0.060000	0.00778885
0.070000	1.14793   	0.070000	0.876806  	0.070000	0.841678  	0.070000	0.841678  	0.070000	0.869882  	0.070000	0.00692486
0.080000	1.20054   	0.080000	0.913543  	0.080000	0.885719  	0.080000	0.885719  	0.080000	0.907295  	0.080000	0.00624776
0.090000	1.23979   	0.090000	0.939246  	0.090000	0.920171  	0.090000	0.920171  	0.090000	0.933545  	0.090000	0.00570136
0.100000	1.26924   	0.100000	0.956665  	0.100000	0.946608  	0.100000	0.946608  	0.100000	0.951415  	0.100000	0.00525021
0.120000	1.27946   	0.120000	0.975058  	0.120000	0.981032  	0.120000	0.981032  	0.120000	0.970511  	0.120000	0.00454677
0.140000	1.28651   	0.140000	0.987036  	0.140000	0.998361  	0.140000	0.998361  	0.140000	0.983015  	0.140000	0.00402158
0.160000	1.28953   	0.160000	0.991165  	0.160000	1.00514   	0.160000	1.00514   	0.160000	0.987552  	0.160000	0.00361313
0.180000	1.29273   	0.180000	0.991077  	0.180000	1.00562   	0.180000	1.00562   	0.180000	0.987792  	0.180000	0.00328557
0.200000	1.29751   	0.200000	0.988784  	0.200000	1.00248   	0.200000	1.00248   	0.200000	0.985768  	0.200000	0.00301651
0.250000	1.28221   	0.250000	0.984776  	0.250000	0.987792  	0.250000	0.987792  	0.250000	0.982262  	0.250000	0.00251401
0.300000	1.27721   	0.300000	0.981295  	0.300000	0.970531  	0.300000	0.970531  	0.300000	0.979131  	0.300000	0.00216364
0.350000	1.27368   	0.350000	0.976844  	0.350000	0.954411  	0.350000	0.954411  	0.350000	0.97494   	0.350000	0.00190429
0.400000	1.2799    	0.400000	0.978993  	0.400000	0.946292  	0.400000	0.946292  	0.400000	0.977289  	0.400000	0.00170396
0.450000	1.28248   	0.450000	0.979453  	0.450000	0.935927  	0.450000	0.935927  	0.450000	0.977908  	0.450000	0.00154419
0.500000	1.28086   	0.500000	0.976973  	0.500000	0.924162  	0.500000	0.924162  	0.500000	0.975559  	0.500000	0.00141357
0.600000	1.22873   	0.600000	0.96999   	0.600000	0.897298  	0.600000	0.897298  	0.600000	0.968778  	0.600000	0.00121229
0.700000	1.15375   	0.700000	0.945462  	0.700000	0.868068  	0.700000	0.868068  	0.700000	0.944398  	0.700000	0.00106398
0.800000	1.1108    	0.800000	0.909485  	0.800000	0.839743  	0.800000	0.839743  	0.800000	0.908535  	0.800000	0.000949829
0.900000	1.06811   	0.900000	0.874703  	0.900000	0.812575  	0.900000	0.812575  	0.900000	0.873844  	0.900000	0.000859072
1.000000	1.02615   	1.000000	0.841099  	1.000000	0.786669  	1.000000	0.786669  	1.000000	0.840313  	1.000000	0.000785064
1.250000	0.928099  	1.250000	0.765795  	1.250000	0.725356  	1.250000	0.725356  	1.250000	0.765146  	1.250000	0.000648212
1.500000	0.842252  	1.500000	0.70051   	1.500000	0.671557  	1.500000	0.671557  	1.500000	0.699956  	1.500000	0.000553903
1.750000	0.767636  	1.750000	0.64373   	1.750000	0.625924  	1.750000	0.625924  	1.750000	0.643245  	1.750000	0.000484722
2.000000	0.705891  	2.000000	0.59712   	2.000000	0.5864    	2.000000	0.5864    	2.000000	0.596689  	2.000000	0.000431672
2.250000	0.654776  	2.250000	0.557857  	2.250000	0.55173   	2.250000	0.55173   	2.250000	0.557468  	2.250000	0.000389621
2.500000	0.600287  	2.500000	0.523979  	2.500000	0.521047  	2.500000	0.521047  	2.500000	0.523624  	2.500000	0.000355418
3.000000	0.532403  	3.000000	0.46663   	3.000000	0.469194  	3.000000	0.469194  	3.000000	0.466327  	3.000000	0.000303045
3.500000	0.479017  	3.500000	0.422855  	3.500000	0.427114  	3.500000	0.427114  	3.500000	0.422591  	3.500000	0.000264727
4.000000	0.435902  	4.000000	0.387798  	4.000000	0.392333  	4.000000	0.392333  	4.000000	0.387562  	4.000000	0.000235406
4.500000	0.400326  	4.500000	0.358833  	4.500000	0.363131  	4.500000	0.363131  	4.500000	0.358621  	4.500000	0.000212206
5.000000	0.37045   	5.000000	0.334378  	5.000000	0.338278  	5.000000	0.338278  	5.000000	0.334185  	5.000000	0.000193365
5.500000	0.344988  	5.500000	0.313393  	5.500000	0.316866  	5.500000	0.316866  	5.500000	0.313215  	5.500000	0.000177744
6.000000	0.323018  	6.000000	0.295155  	6.000000	0.298224  	6.000000	0.298224  	6.000000	0.294991  	6.000000	0.000164569
6.500000	0.303857  	6.500000	0.279139  	6.500000	0.281843  	6.500000	0.281843  	6.500000	0.278985  	6.500000	0.000153301
7.000000	0.286993  	7.000000	0.264947  	7.000000	0.267329  	7.000000	0.267329  	7.000000	0.264804  	7.000000	0.000143546
7.500000	0.272029  	7.500000	0.252277  	7.500000	0.254375  	7.500000	0.254375  	7.500000	0.252142  	7.500000	0.000135016
8.000000	0.258658  	8.000000	0.24089   	8.000000	0.242738  	8.000000	0.242738  	8.000000	0.240762  	8.000000	0.000127488
8.500000	0.246634  	8.500000	0.230594  	8.500000	0.232223  	8.500000	0.232223  	8.500000	0.230473  	8.500000	0.000120794
9.000000	0.23576   	9.000000	0.221236  	9.000000	0.222671  	9.000000	0.222671  	9.000000	0.221121  	9.000000	0.000114801
9.500000	0.225877  	9.500000	0.212689  	9.500000	0.213952  	9.500000	0.213952  	9.500000	0.21258   	9.500000	0.000109401
10.000000	0.216852  	10.000000	0.205773  	10.000000	0.20596   	10.000000	0.20596   	10.000000	0.205669  	10.000000	0.000104511
11.000000	0.200963  	11.000000	0.191712  	11.000000	0.191497  	11.000000	0.191601  	11.000000	0.191616  	11.000000	9.59882e-05
12.000000	0.187412  	12.000000	0.179542  	12.000000	0.179055  	12.000000	0.179227  	12.000000	0.179453  	12.000000	8.88081e-05
13.000000	0.175713  	13.000000	0.168909  	13.000000	0.168227  	13.000000	0.168442  	13.000000	0.168827  	13.000000	8.2672e-05
14.000000	0.165505  	14.000000	0.159542  	14.000000	0.158709  	14.000000	0.158951  	14.000000	0.159465  	14.000000	7.73647e-05
15.000000	0.156516  	15.000000	0.151228  	15.000000	0.150271  	15.000000	0.150528  	15.000000	0.151155  	15.000000	7.27265e-05
16.000000	0.148537  	16.000000	0.143799  	16.000000	0.142732  	16.000000	0.142998  	16.000000	0.14373   	16.000000	6.86366e-05
17.000000	0.141404  	17.000000	0.13712   	17.000000	0.135952  	17.000000	0.136221  	17.000000	0.137055  	17.000000	6.50019e-05
18.000000	0.134988  	18.000000	0.131082  	18.000000	0.129822  	18.000000	0.130087  	18.000000	0.131021  	18.000000	6.17493e-05
19.000000	0.129183  	19.000000	0.125598  	19.000000	0.124249  	19.000000	0.124506  	19.000000	0.125539  	19.000000	5.88207e-05
20.000000	0.123905  	20.000000	0.120594  	20.000000	0.119156  	20.000000	0.119405  	20.000000	0.120538  	20.000000	5.61693e-05
21.000000	0.119085  	21.000000	0.116009  	21.000000	0.114482  	21.000000	0.114723  	21.000000	0.115955  	21.000000	5.3757e-05
22.000000	0.114664  	22.000000	0.111792  	22.000000	0.11018   	22.000000	0.110408  	22.000000	0.11174   	22.000000	5.15523e-05
23.000000	0.110594  	23.000000	0.1079    	23.000000	0.106205  	23.000000	0.106419  	23.000000	0.107851  	23.000000	4.95292e-05
24.000000	0.106834  	24.000000	0.104297  	24.000000	0.102518  	24.000000	0.102719  	24.000000	0.104249  	24.000000	4.76657e-05
25.000000	0.103349  	25.000000	0.100951  	25.000000	0.0990868 	25.000000	0.0992779 	25.000000	0.100905  	25.000000	4.59435e-05
27.000000	0.0970905 	27.000000	0.0949273 	27.000000	0.0928995 	27.000000	0.0930674 	27.000000	0.0948845 	27.000000	4.28622e-05
29.000000	0.0916271 	29.000000	0.0896537 	29.000000	0.0874767 	29.000000	0.087615  	29.000000	0.0896136 	29.000000	4.01845e-05
31.000000	0.0868138 	31.000000	0.084997  	31.000000	0.0828478 	31.000000	0.0829546 	31.000000	0.0849592 	31.000000	3.78349e-05
33.000000	0.0825393 	33.000000	0.0808537 	33.000000	0.07888   	33.000000	0.0789613 	33.000000	0.080818  	33.000000	3.57558e-05
35.000000	0.0787164 	35.000000	0.0771424 	35.000000	0.0753332 	35.000000	0.0753829 	35.000000	0.0771085 	35.000000	3.39025e-05
38.000000	0.0736813 	38.000000	0.0722468 	38.000000	0.0706419 	38.000000	0.0706594 	38.000000	0.0722153 	38.000000	3.14704e-05
41.000000	0.06933   	41.000000	0.0680101 	41.000000	0.0665735 	41.000000	0.0665677 	41.000000	0.0679807 	41.000000	2.9377e-05
44.000000	0.0655298 	44.000000	0.0643062 	44.000000	0.0630036 	44.000000	0.0629867 	44.000000	0.0642786 	44.000000	2.75553e-05
47.000000	0.0621805 	47.000000	0.0610393 	47.000000	0.0598546 	47.000000	0.0598248 	47.000000	0.0610134 	47.000000	2.59549e-05
50.000000	0.0592049 	50.000000	0.0581356 	50.000000	0.0570571 	50.000000	0.0570112 	50.000000	0.0581111 	50.000000	2.45374e-05
55.000000	0.0549177 	55.000000	0.0539509 	55.000000	0.0530072 	55.000000	0.0529503 	55.000000	0.0539284 	55.000000	2.25024e-05
60.000000	0.0512971 	60.000000	0.0504167 	60.000000	0.0495787 	60.000000	0.0495145 	60.000000	0.0503959 	60.000000	2.0791e-05
65.000000	0.0481961 	65.000000	0.0473908 	65.000000	0.0466427 	65.000000	0.0465677 	65.000000	0.0473715 	65.000000	1.93307e-05
70.000000	0.0455083 	70.000000	0.0447698 	70.000000	0.0440875 	70.000000	0.044011  	70.000000	0.0447517 	70.000000	1.80695e-05
75.000000	0.0431547 	75.000000	0.0424766 	75.000000	0.0418561 	75.000000	0.0417708 	75.000000	0.0424596 	75.000000	1.69688e-05
80.000000	0.0410754 	80.000000	0.0404528 	80.000000	0.0398784 	80.000000	0.0397908 	80.000000	0.0404368 	80.000000	1.59994e-05
85.000000	0.0392242 	85.000000	0.0386529 	85.000000	0.0381166 	85.000000	0.0380278 	85.000000	0.0386378 	85.000000	1.51388e-05
90.000000	0.0375646 	90.000000	0.0370415 	90.000000	0.0365373 	90.000000	0.0364474 	90.000000	0.0370272 	90.000000	1.43694e-05
95.000000	0.0360678 	95.000000	0.0355901 	95.000000	0.035113  	95.000000	0.0350224 	95.000000	0.0355765 	95.000000	1.36774e-05
100.000000	0.0347103 	100.000000	0.0342758 	100.000000	0.0338219 	100.000000	0.0337306 	100.000000	0.0342628 	100.000000	1.30515e-05
105.000000	0.0334733 	105.000000	0.0330799 	105.000000	0.0326458 	105.000000	0.0325541 	105.000000	0.0330674 	105.000000	1.24825e-05
110.000000	0.0323409 	110.000000	0.0319869 	110.000000	0.0315698 	110.000000	0.0314779 	110.000000	0.0319749 	110.000000	1.19628e-05
115.000000	0.0313001 	115.000000	0.0309839 	115.000000	0.0305823 	115.000000	0.0304896 	115.000000	0.0309724 	115.000000	1.14864e-05
120.000000	0.0303399 	120.000000	0.0300603 	120.000000	0.0296697 	120.000000	0.0295788 	120.000000	0.0300492 	120.000000	1.10478e-05
125.000000	0.0294512 	125.000000	0.0292068 	125.000000	0.0288248 	125.000000	0.0287367 	125.000000	0.0291961 	125.000000	1.06428e-05
130.000000	0.0286259 	130.000000	0.0284157 	130.000000	0.0280442 	130.000000	0.0279556 	130.000000	0.0284054 	130.000000	1.02675e-05
135.000000	0.0278575 	135.000000	0.0276803 	135.000000	0.027318  	135.000000	0.0272292 	135.000000	0.0276704 	135.000000	9.91882e-06
140.000000	0.02714   	140.000000	0.026995  	140.000000	0.0266407 	140.000000	0.0265519 	140.000000	0.0269854 	140.000000	9.59392e-06
145.000000	0.0264685 	145.000000	0.0263547 	145.000000	0.0260077 	145.000000	0.0259189 	145.000000	0.0263454 	145.000000	9.29042e-06
150.000000	0.0258385 	150.000000	0.0257552 	150.000000	0.0254146 	150.000000	0.0253259 	150.000000	0.0257462 	150.000000	9.00627e-06
155.000000	0.0249514 	155.000000	0.0251926 	155.000000	0.0248583 	155.000000	0.0247692 	155.000000	0.0251838 	155.000000	8.73963e-06
160.000000	0.0244315 	160.000000	0.0246636 	160.000000	0.024334  	160.000000	0.0242456 	160.000000	0.0246551 	160.000000	8.48893e-06
165.000000	0.0239412 	165.000000	0.0241653 	165.000000	0.0238384 	165.000000	0.0237523 	165.000000	0.024157  	165.000000	8.25275e-06
170.000000	0.023478  	170.000000	0.0236951 	170.000000	0.0233717 	170.000000	0.0232867 	170.000000	0.023687  	170.000000	8.02985e-06
175.000000	0.0230398 	175.000000	0.0232506 	175.000000	0.0229318 	175.000000	0.0228465 	175.000000	0.0232428 	175.000000	7.81914e-06
180.000000	0.0226245 	180.000000	0.0228298 	180.000000	0.0225149 	180.000000	0.0224297 	180.000000	0.0228222 	180.000000	7.61961e-06
185.000000	0.0222303 	185.000000	0.0224309 	185.000000	0.0221196 	185.000000	0.0220344 	185.000000	0.0224234 	185.000000	7.4304e-06
190.000000	0.0218557 	190.000000	0.0220521 	190.000000	0.0217445 	190.000000	0.0216592 	190.000000	0.0220448 	190.000000	7.25072e-06
195.000000	0.0214992 	195.000000	0.021692  	195.000000	0.0213868 	195.000000	0.0213024 	195.000000	0.0216849 	195.000000	7.07985e-06
200.000000	0.0211595 	200.000000	0.0213493 	200.000000	0.0210454 	200.000000	0.0209628 	200.000000	0.0213424 	200.000000	6.91715e-06
210.000000	0.020526  	210.000000	0.0207111 	210.000000	0.0204122 	210.000000	0.0203304 	210.000000	0.0207045 	210.000000	6.614e-06
220.000000	0.019947  	220.000000	0.0201289 	220.000000	0.0198352 	220.000000	0.0197536 	220.000000	0.0201226 	220.000000	6.33724e-06
230.000000	0.0194157 	230.000000	0.0195958 	230.000000	0.0193071 	230.000000	0.0192254 	230.000000	0.0195898 	230.000000	6.08354e-06
240.000000	0.0189264 	240.000000	0.0191058 	240.000000	0.0188197 	240.000000	0.01874   	240.000000	0.0191    	240.000000	5.85008e-06
250.000000	0.0184743 	250.000000	0.0186539 	250.000000	0.018371  	250.000000	0.0182926 	250.000000	0.0186483 	250.000000	5.63452e-06
260.000000	0.0180553 	260.000000	0.0182359 	260.000000	0.0179573 	260.000000	0.0178788 	260.000000	0.0182305 	260.000000	5.43484e-06
270.000000	0.0176659 	270.000000	0.0178481 	270.000000	0.0175733 	270.000000	0.017495  	270.000000	0.0178428 	270.000000	5.24934e-06
280.000000	0.017303  	280.000000	0.0174874 	280.000000	0.017216  	280.000000	0.0171382 	280.000000	0.0174823 	280.000000	5.07653e-06
290.000000	0.0169641 	290.000000	0.017151  	290.000000	0.016882  	290.000000	0.0168058 	290.000000	0.0171461 	290.000000	4.91514e-06
300.000000	0.0166468 	300.000000	0.0168367 	300.000000	0.0165706 	300.000000	0.0164952 	300.000000	0.016832  	300.000000	4.76407e-06
310.000000	0.0163492 	310.000000	0.0165424 	310.000000	0.01628   	310.000000	0.0162045 	310.000000	0.0165378 	310.000000	4.62233e-06
320.000000	0.0160694 	320.000000	0.0162662 	320.000000	0.0160074 	320.000000	0.015932  	320.000000	0.0162617 	320.000000	4.48909e-06
330.000000	0.015806  	330.000000	0.0160066 	330.000000	0.0157501 	330.000000	0.0156759 	330.000000	0.0160022 	330.000000	4.36359e-06
340.000000	0.0155576 	340.000000	0.0157621 	340.000000	0.0155078 	340.000000	0.0154349 	340.000000	0.0157578 	340.000000	4.24516e-06
350.000000	0.0153229 	350.000000	0.0155315 	350.000000	0.0152804 	350.000000	0.0152078 	350.000000	0.0155273 	350.000000	4.13323e-06
360.000000	0.0151009 	360.000000	0.0153136 	360.000000	0.0150662 	360.000000	0.0149933 	360.000000	0.0153096 	360.000000	4.02725e-06
370.000000	0.0148905 	370.000000	0.0151075 	370.000000	0.0148633 	370.000000	0.0147906 	370.000000	0.0151036 	370.000000	3.92677e-06
380.000000	0.0146909 	380.000000	0.0149123 	380.000000	0.0146705 	380.000000	0.0145988 	380.000000	0.0149085 	380.000000	3.83136e-06
390.000000	0.0145014 	390.000000	0.0147272 	390.000000	0.0144875 	390.000000	0.0144169 	390.000000	0.0147234 	390.000000	3.74064e-06
400.000000	0.0143211 	400.000000	0.0145513 	400.000000	0.0143145 	400.000000	0.0142443 	400.000000	0.0145477 	400.000000	3.65427e-06
410.000000	0.0141495 	410.000000	0.0143841 	410.000000	0.0141506 	410.000000	0.0140804 	410.000000	0.0143806 	410.000000	3.57195e-06
420.000000	0.0139859 	420.000000	0.014225  	420.000000	0.0139948 	420.000000	0.0139244 	420.000000	0.0142215 	420.000000	3.49338e-06
430.000000	0.0138299 	430.000000	0.0140734 	430.000000	0.0138461 	430.000000	0.013776  	430.000000	0.01407   	430.000000	3.41832e-06
440.000000	0.0136809 	440.000000	0.0139288 	440.000000	0.0137037 	440.000000	0.0136345 	440.000000	0.0139255 	440.000000	3.34653e-06
450.000000	0.0135385 	450.000000	0.0137908 	450.000000	0.0135678 	450.000000	0.0134995 	450.000000	0.0137875 	450.000000	3.2778e-06
460.000000	0.0134023 	460.000000	0.013659  	460.000000	0.0134387 	460.000000	0.0133707 	460.000000	0.0136557 	460.000000	3.21194e-06
470.000000	0.0132718 	470.000000	0.0135329 	470.000000	0.0133156 	470.000000	0.0132476 	470.000000	0.0135297 	470.000000	3.14877e-06
480.000000	0.0131469 	480.000000	0.0134122 	480.000000	0.0131976 	480.000000	0.0131298 	480.000000	0.0134091 	480.000000	3.08813e-06
490.000000	0.0130271 	490.000000	0.0132966 	490.000000	0.0130841 	490.000000	0.0130171 	490.000000	0.0132936 	490.000000	3.02986e-06
500.000000	0.0129121 	500.000000	0.0131858 	500.000000	0.0129754 	500.000000	0.0129092 	500.000000	0.0131828 	500.000000	2.97382e-06
520.000000	0.0126957 	520.000000	0.0129776 	520.000000	0.0127724 	520.000000	0.0127066 	520.000000	0.0129747 	520.000000	2.86796e-06
540.000000	0.0124956 	540.000000	0.0127855 	540.000000	0.0125859 	540.000000	0.0125199 	540.000000	0.0127827 	540.000000	2.76963e-06
560.000000	0.0123103 	560.000000	0.0126079 	560.000000	0.0124131 	560.000000	0.0123475 	560.000000	0.0126052 	560.000000	2.67805e-06
580.000000	0.0121383 	580.000000	0.0124433 	580.000000	0.0122524 	580.000000	0.012188  	580.000000	0.0124407 	580.000000	2.59254e-06
600.000000	0.0119783 	600.000000	0.0122905 	600.000000	0.0121038 	600.000000	0.01204   	600.000000	0.012288  	600.000000	2.5125e-06
620.000000	0.0118292 	620.000000	0.0121484 	620.000000	0.0119663 	620.000000	0.0119025 	620.000000	0.0121459 	620.000000	2.43743e-06
640.000000	0.0116901 	640.000000	0.0120159 	640.000000	0.0118383 	640.000000	0.0117744 	640.000000	0.0120135 	640.000000	2.36686e-06
660.000000	0.0115601 	660.000000	0.0118922 	660.000000	0.0117185 	660.000000	0.011655  	660.000000	0.0118899 	660.000000	2.3004e-06
680.000000	0.0114384 	680.000000	0.0117767 	680.000000	0.0116061 	680.000000	0.0115434 	680.000000	0.0117744 	680.000000	2.2377e-06
700.000000	0.0113243 	700.000000	0.0116685 	700.000000	0.0115011 	700.000000	0.0114391 	700.000000	0.0116663 	700.000000	2.17844e-06
720.000000	0.0112173 	720.000000	0.0115671 	720.000000	0.0114031 	720.000000	0.0113413 	720.000000	0.0115649 	720.000000	2.12235e-06
740.000000	0.0111168 	740.000000	0.0114719 	740.000000	0.0113114 	740.000000	0.0112495 	740.000000	0.0114698 	740.000000	2.06917e-06
760.000000	0.0110223 	760.000000	0.0113825 	760.000000	0.0112253 	760.000000	0.0111634 	760.000000	0.0113805 	760.000000	2.01868e-06
780.000000	0.0109334 	780.000000	0.0112985 	780.000000	0.0111441 	780.000000	0.0110823 	780.000000	0.0112965 	780.000000	1.97068e-06
800.000000	0.0108497 	800.000000	0.0112194 	800.000000	0.0110673 	800.000000	0.011006  	800.000000	0.0112175 	800.000000	1.92499e-06
820.000000	0.0107709 	820.000000	0.0111449 	820.000000	0.0109951 	820.000000	0.0109345 	820.000000	0.011143  	820.000000	1.88144e-06
840.000000	0.0106965 	840.000000	0.0110747 	840.000000	0.0109289 	840.000000	0.0108687 	840.000000	0.0110729 	840.000000	1.83988e-06
860.000000	0.0106264 	860.000000	0.0110085 	860.000000	0.0108667 	860.000000	0.0108066 	860.000000	0.0110067 	860.000000	1.80018e-06
880.000000	0.0105601 	880.000000	0.010946  	880.000000	0.010808  	880.000000	0.0107479 	880.000000	0.0109442 	880.000000	1.76222e-06
900.000000	0.0104976 	900.000000	0.0108869 	900.000000	0.0107523 	900.000000	0.0106924 	900.000000	0.0108852 	900.000000	1.72588e-06
920.000000	0.0104385 	920.000000	0.0108312 	920.000000	0.0106994 	920.000000	0.0106399 	920.000000	0.0108295 	920.000000	1.69106e-06
940.000000	0.0103827 	940.000000	0.0107784 	940.000000	0.0106492 	940.000000	0.0105902 	940.000000	0.0107768 	940.000000	1.65766e-06
960.000000	0.01033   	960.000000	0.0107286 	960.000000	0.0106017 	960.000000	0.0105431 	960.000000	0.010727  	960.000000	1.62561e-06
980.000000	0.0102801 	980.000000	0.0106814 	980.000000	0.0105569 	980.000000	0.0104984 	980.000000	0.0106798 	980.000000	1.59481e-06
1000.000000	0.010233  	1000.000000	0.0106368 	1000.000000	0.0105145 	1000.000000	0.0104561 	1000.000000	0.0106352 	1000.000000	1.56519e-06
1020.000000	0.0101884 	1020.000000	0.0105946 	1020.000000	0.0104744 	1020.000000	0.0104159 	1020.000000	0.010593  	1020.000000	1.53669e-06
1040.000000	0.0101463 	1040.000000	0.0105546 	1040.000000	0.0104363 	1040.000000	0.0103778 	1040.000000	0.0105531 	1040.000000	1.50925e-06
1060.000000	0.0101064 	1060.000000	0.0105167 	1060.000000	0.0104001 	1060.000000	0.0103415 	1060.000000	0.0105153 	1060.000000	1.4828e-06
1080.000000	0.0100688 	1080.000000	0.0104809 	1080.000000	0.0103656 	1080.000000	0.0103071 	1080.000000	0.0104795 	1080.000000	1.4573e-06
1100.000000	0.0100332 	1100.000000	0.010447  	1100.000000	0.0103327 	1100.000000	0.0102743 	1100.000000	0.0104456 	1100.000000	1.43269e-06
1120.000000	0.0099996 	1120.000000	0.0104149 	1120.000000	0.0103014 	1120.000000	0.0102432 	1120.000000	0.0104135 	1120.000000	1.40892e-06
1140.000000	0.00996787	1140.000000	0.0103845 	1140.000000	0.0102715 	1140.000000	0.0102136 	1140.000000	0.0103831 	1140.000000	1.38596e-06
1160.000000	0.00993791	1160.000000	0.0103557 	1160.000000	0.0102429 	1160.000000	0.0101854 	1160.000000	0.0103543 	1160.000000	1.36375e-06
1180.000000	0.00990965	1180.000000	0.0103285 	1180.000000	0.0102158 	1180.000000	0.0101585 	1180.000000	0.0103271 	1180.000000	1.34227e-06
1200.000000	0.00988301	1200.000000	0.0103027 	1200.000000	0.01019   	1200.000000	0.010133  	1200.000000	0.0103014 	1200.000000	1.32148e-06
1220.000000	0.00985791	1220.000000	0.0102783 	1220.000000	0.0101656 	1220.000000	0.0101086 	1220.000000	0.010277  	1220.000000	1.30135e-06
1240.000000	0.00983428	1240.000000	0.0102553 	1240.000000	0.0101424 	1240.000000	0.0100854 	1240.000000	0.010254  	1240.000000	1.28184e-06
1260.000000	0.00981206	1260.000000	0.0102335 	1260.000000	0.0101203 	1260.000000	0.0100633 	1260.000000	0.0102323 	1260.000000	1.26293e-06
1280.000000	0.00979118	1280.000000	0.010213  	1280.000000	0.0100992 	1280.000000	0.0100423 	1280.000000	0.0102118 	1280.000000	1.24459e-06
1300.000000	0.00977159	1300.000000	0.0101936 	1300.000000	0.0100791 	1300.000000	0.0100222 	1300.000000	0.0101924 	1300.000000	1.22679e-06
1320.000000	0.00975324	1320.000000	0.0101753 	1320.000000	0.0100599 	1320.000000	0.0100031 	1320.000000	0.0101741 	1320.000000	1.2095e-06
1340.000000	0.00973606	1340.000000	0.0101581 	1340.000000	0.0100415 	1340.000000	0.00998487	1340.000000	0.0101569 	1340.000000	1.19272e-06
1360.000000	0.00972002	1360.000000	0.0101419 	1360.000000	0.010024  	1360.000000	0.00996749	1360.000000	0.0101407 	1360.000000	1.17641e-06
1380.000000	0.00970507	1380.000000	0.0101266 	1380.000000	0.0100072 	1380.000000	0.00995093	1380.000000	0.0101255 	1380.000000	1.16055e-06
1400.000000	0.00969117	1400.000000	0.0101123 	1400.000000	0.00999115	1400.000000	0.00993513	1400.000000	0.0101112 	1400.000000	1.14514e-06
1420.000000	0.00967826	1420.000000	0.0100989 	1420.000000	0.00997589	1420.000000	0.00992007	1420.000000	0.0100977 	1420.000000	1.13014e-06
1440.000000	0.00966633	1440.000000	0.0100863 	1440.000000	0.00996137	1440.000000	0.00990572	1440.000000	0.0100852 	1440.000000	1.11554e-06
1460.000000	0.00965532	1460.000000	0.0100745 	1460.000000	0.00994757	1460.000000	0.00989204	1460.000000	0.0100734 	1460.000000	1.10132e-06
1480.000000	0.0096452 	1480.000000	0.0100635 	1480.000000	0.00993446	1480.000000	0.00987899	1480.000000	0.0100624 	1480.000000	1.08748e-06
1500.000000	0.00963594	1500.000000	0.0100533 	1500.000000	0.00992198	1500.000000	0.00986657	1500.000000	0.0100522 	1500.000000	1.07399e-06
1520.000000	0.00962752	1520.000000	0.0100438 	1520.000000	0.00991012	1520.000000	0.00985472	1520.000000	0.0100427 	1520.000000	1.06084e-06
1540.000000	0.00961989	1540.000000	0.010035  	1540.000000	0.00989884	1540.000000	0.00984344	1540.000000	0.0100339 	1540.000000	1.04802e-06
1560.000000	0.00961304	1560.000000	0.0100268 	1560.000000	0.00988811	1560.000000	0.0098327 	1560.000000	0.0100258 	1560.000000	1.03552e-06
1580.000000	0.00960693	1580.000000	0.0100194 	1580.000000	0.0098779 	1580.000000	0.00982247	1580.000000	0.0100183 	1580.000000	1.02332e-06
1600.000000	0.00960153	1600.000000	0.0100125 	1600.000000	0.00986818	1600.000000	0.00981273	1600.000000	0.0100115 	1600.000000	1.01142e-06
1620.000000	0.00959683	1620.000000	0.0100062 	1620.000000	0.00985893	1620.000000	0.00980346	1620.000000	0.0100052 	1620.000000	9.99799e-07
1640.000000	0.00959281	1640.000000	0.0100005 	1640.000000	0.00985014	1640.000000	0.00979464	1640.000000	0.00999952	1640.000000	9.88451e-07
1660.000000	0.00958943	1660.000000	0.00999536	1660.000000	0.00984176	1660.000000	0.00978625	1660.000000	0.00999439	1660.000000	9.77367e-07
1680.000000	0.00958668	1680.000000	0.00999076	1680.000000	0.0098338 	1680.000000	0.00977828	1680.000000	0.00998979	1680.000000	9.66536e-07
1700.000000	0.00958454	1700.000000	0.00998667	1700.000000	0.00982622	1700.000000	0.00977071	1700.000000	0.00998571	1700.000000	9.55952e-07
1750.000000	0.00958171	1750.000000	0.0099786 	1750.000000	0.00980887	1750.000000	0.00975342	1750.000000	0.00997767	1750.000000	9.30509e-07
1800.000000	0.00958229	1800.000000	0.00997339	1800.000000	0.00979358	1800.000000	0.00973829	1800.000000	0.00997248	1800.000000	9.06429e-07
1850.000000	0.00958601	1850.000000	0.00997082	1850.000000	0.00978016	1850.000000	0.00972512	1850.000000	0.00996994	1850.000000	8.83604e-07
1900.000000	0.00959266	1900.000000	0.00997068	1900.000000	0.00976848	1900.000000	0.00971372	1900.000000	0.00996982	1900.000000	8.61936e-07
1950.000000	0.00960203	1950.000000	0.00997279	1950.000000	0.00975843	1950.000000	0.00970394	1950.000000	0.00997195	1950.000000	8.4134e-07
2000.000000	0.00961394	2000.000000	0.00997697	2000.000000	0.0097499 	2000.000000	0.00969562	2000.000000	0.00997615	2000.000000	8.21736e-07
2100.000000	0.00964473	2100.000000	0.00999097	2100.000000	0.00973694	2100.000000	0.00968287	2100.000000	0.00999018	2100.000000	7.85229e-07
2200.000000	0.00968386	2200.000000	0.0100116 	2200.000000	0.00972866	2200.000000	0.0096746 	2200.000000	0.0100109 	2200.000000	7.51925e-07
2300.000000	0.00973039	2300.000000	0.0100381 	2300.000000	0.00972413	2300.000000	0.00967006	2300.000000	0.0100374 	2300.000000	7.21416e-07
2400.000000	0.00978349	2400.000000	0.0100696 	2400.000000	0.00972264	2400.000000	0.00966868	2400.000000	0.0100689 	2400.000000	6.93359e-07
2500.000000	0.00984249	2500.000000	0.0101056 	2500.000000	0.00972369	2500.000000	0.00966994	2500.000000	0.0101049 	2500.000000	6.67469e-07
2600.000000	0.0099068 	2600.000000	0.0101455 	2600.000000	0.00972693	2600.000000	0.00967346	2600.000000	0.0101449 	2600.000000	6.43501e-07
2700.000000	0.00997594	2700.000000	0.010189  	2700.000000	0.00973208	2700.000000	0.00967887	2700.000000	0.0101883 	2700.000000	6.21246e-07
2800.000000	0.0100495 	2800.000000	0.0102355 	2800.000000	0.0097389 	2800.000000	0.0096859 	2800.000000	0.0102349 	2800.000000	6.00525e-07
2900.000000	0.010127  	2900.000000	0.0102848 	2900.000000	0.00974716	2900.000000	0.0096943 	2900.000000	0.0102843 	2900.000000	5.81184e-07
3000.000000	0.0102082 	3000.000000	0.0103367 	3000.000000	0.00975666	3000.000000	0.00970387	3000.000000	0.0103361 	3000.000000	5.63088e-07
3200.000000	0.0103806 	3200.000000	0.0104469 	3200.000000	0.00977859	3200.000000	0.00972582	3200.000000	0.0104464 	3200.000000	5.30172e-07
3400.000000	0.0105648 	3400.000000	0.0105646 	3400.000000	0.00980343	3400.000000	0.00975065	3400.000000	0.0105641 	3400.000000	5.00999e-07
3600.000000	0.0107593 	3600.000000	0.0106884 	3600.000000	0.00983029	3600.000000	0.00977753	3600.000000	0.0106879 	3600.000000	4.74959e-07
3800.000000	0.0109629 	3800.000000	0.0108173 	3800.000000	0.00985853	3800.000000	0.00980583	3800.000000	0.0108169 	3800.000000	4.51568e-07
4000.000000	0.0111746 	4000.000000	0.0109506 	4000.000000	0.00988768	4000.000000	0.0098351 	4000.000000	0.0109502 	4000.000000	4.30438e-07
4200.000000	0.0113936 	4200.000000	0.0110876 	4200.000000	0.00991742	4200.000000	0.00986498	4200.000000	0.0110872 	4200.000000	4.11253e-07
4400.000000	0.0116194 	4400.000000	0.0112277 	4400.000000	0.00994751	4400.000000	0.0098952 	4400.000000	0.0112273 	4400.000000	3.93754e-07
4600.000000	0.0118514 	4600.000000	0.0113705 	4600.000000	0.00997774	4600.000000	0.00992556	4600.000000	0.0113701 	4600.000000	3.77725e-07
4800.000000	0.0120891 	4800.000000	0.0115156 	4800.000000	0.010008  	4800.000000	0.00995591	4800.000000	0.0115152 	4800.000000	3.62988e-07
5000.000000	0.0123321 	5000.000000	0.0116628 	5000.000000	0.0100381 	5000.000000	0.00998612	5000.000000	0.0116624 	5000.000000	3.49391e-07
5250.000000	0.012643  	5250.000000	0.0118492 	5250.000000	0.0100754 	5250.000000	0.0100235 	5250.000000	0.0118489 	5250.000000	3.33803e-07
5500.000000	0.0129613 	5500.000000	0.012038  	5500.000000	0.0101122 	5500.000000	0.0100605 	5500.000000	0.0120377 	5500.000000	3.19585e-07
6000.000000	0.0136181 	6000.000000	0.0124212 	6000.000000	0.0101841 	6000.000000	0.0101326 	6000.000000	0.0124209 	6000.000000	2.94591e-07
6500.000000	0.0142998 	6500.000000	0.0128104 	6500.000000	0.0102534 	6500.000000	0.010202  	6500.000000	0.0128102 	6500.000000	2.7332e-07
7000.000000	0.0150045 	7000.000000	0.013204  	7000.000000	0.0103198 	7000.000000	0.0102685 	7000.000000	0.0132038 	7000.000000	2.54993e-07
7500.000000	0.0157308 	7500.000000	0.0136009 	7500.000000	0.0103834 	7500.000000	0.0103321 	7500.000000	0.0136007 	7500.000000	2.39033e-07
8000.000000	0.0164774 	8000.000000	0.0140003 	8000.000000	0.0104442 	8000.000000	0.010393  	8000.000000	0.0140001 	8000.000000	2.25004e-07
8500.000000	0.0172436 	8500.000000	0.0144017 	8500.000000	0.0105023 	8500.000000	0.0104511 	8500.000000	0.0144014 	8500.000000	2.12574e-07
9000.000000	0.0180287 	9000.000000	0.0148044 	9000.000000	0.0105578 	9000.000000	0.0105068 	9000.000000	0.0148042 	9000.000000	2.01482e-07
9500.000000	0.0188322 	9500.000000	0.0152082 	9500.000000	0.0106109 	9500.000000	0.0105601 	9500.000000	0.0152081 	9500.000000	1.9152e-07
10000.000000	0.0196536 	10000.000000	0.0156129 	10000.000000	0.0106619 	10000.000000	0.0106111 	10000.000000	0.0156127 	10000.000000	1.82523e-07
11000.000000	0.0213491 	11000.000000	0.0164237 	11000.000000	0.0107577 	11000.000000	0.010707  	11000.000000	0.0164235 	11000.000000	1.66909e-07
12000.000000	0.0231131 	12000.000000	0.0172356 	12000.000000	0.0108461 	12000.000000	0.0107955 	12000.000000	0.0172354 	12000.000000	1.53819e-07
13000.000000	0.0249444 	13000.000000	0.0180477 	13000.000000	0.0109278 	13000.000000	0.0108776 	13000.000000	0.0180475 	13000.000000	1.42682e-07
14000.000000	0.0268422 	14000.000000	0.0188595 	14000.000000	0.0110036 	14000.000000	0.010954  	14000.000000	0.0188594 	14000.000000	1.33088e-07
15000.000000	0.0288057 	15000.000000	0.0196706 	15000.000000	0.0110743 	15000.000000	0.0110253 	15000.000000	0.0196705 	15000.000000	1.24735e-07
16000.000000	0.0308346 	16000.000000	0.0204808 	16000.000000	0.0111406 	16000.000000	0.0110922 	16000.000000	0.0204807 	16000.000000	1.17395e-07
17000.000000	0.0329287 	17000.000000	0.02129   	17000.000000	0.0112031 	17000.000000	0.0111551 	17000.000000	0.0212898 	17000.000000	1.10892e-07
18000.000000	0.0350879 	18000.000000	0.0220979 	18000.000000	0.0112622 	18000.000000	0.0112145 	18000.000000	0.0220978 	18000.000000	1.0509e-07
19000.000000	0.0373121 	19000.000000	0.0229045 	19000.000000	0.0113181 	19000.000000	0.0112706 	19000.000000	0.0229044 	19000.000000	9.98801e-08
20000.000000	0.0396014 	20000.000000	0.0237099 	20000.000000	0.0113713 	20000.000000	0.0113238 	20000.000000	0.0237098 	20000.000000	9.51757e-08
21000.000000	0.0419559 	21000.000000	0.0245139 	21000.000000	0.0114217 	21000.000000	0.0113743 	21000.000000	0.0245138 	21000.000000	9.09059e-08
22000.000000	0.0443758 	22000.000000	0.0253166 	22000.000000	0.0114692 	22000.000000	0.0114225 	22000.000000	0.0253165 	22000.000000	8.70126e-08
23000.000000	0.0468611 	23000.000000	0.026118  	23000.000000	0.0115145 	23000.000000	0.0114684 	23000.000000	0.0261179 	23000.000000	8.34477e-08
24000.000000	0.0494121 	24000.000000	0.026918  	24000.000000	0.0115579 	24000.000000	0.0115123 	24000.000000	0.026918  	24000.000000	8.0171e-08
25000.000000	0.052029  	25000.000000	0.0277168 	25000.000000	0.0115993 	25000.000000	0.0115544 	25000.000000	0.0277167 	25000.000000	7.71486e-08
26000.000000	0.054712  	26000.000000	0.0285143 	26000.000000	0.0116392 	26000.000000	0.0115947 	26000.000000	0.0285142 	26000.000000	7.43517e-08
27000.000000	0.0574615 	27000.000000	0.0293105 	27000.000000	0.0116775 	27000.000000	0.0116335 	27000.000000	0.0293104 	27000.000000	7.17558e-08
28000.000000	0.0602777 	28000.000000	0.0301054 	28000.000000	0.0117144 	28000.000000	0.0116707 	28000.000000	0.0301054 	28000.000000	6.93398e-08
29000.000000	0.0631608 	29000.000000	0.0308992 	29000.000000	0.0117498 	29000.000000	0.0117066 	29000.000000	0.0308991 	29000.000000	6.70854e-08
30000.000000	0.0661112 	30000.000000	0.0316918 	30000.000000	0.0117838 	30000.000000	0.0117412 	30000.000000	0.0316917 	30000.000000	6.49768e-08
32000.000000	0.072215  	32000.000000	0.0332735 	32000.000000	0.0118482 	32000.000000	0.0118069 	32000.000000	0.0332734 	32000.000000	6.11436e-08
34000.000000	0.0785917 	34000.000000	0.0348508 	34000.000000	0.0119082 	34000.000000	0.0118684 	34000.000000	0.0348507 	34000.000000	5.77483e-08
36000.000000	0.0852439 	36000.000000	0.0364238 	36000.000000	0.0119643 	36000.000000	0.0119262 	36000.000000	0.0364237 	36000.000000	5.47193e-08
38000.000000	0.0921743 	38000.000000	0.0379928 	38000.000000	0.0120173 	38000.000000	0.0119806 	38000.000000	0.0379927 	38000.000000	5.20001e-08
40000.000000	0.0993859 	40000.000000	0.0395578 	40000.000000	0.0120672 	40000.000000	0.0120321 	40000.000000	0.0395578 	40000.000000	4.95449e-08
42000.000000	0.106882  	42000.000000	0.0411192 	42000.000000	0.0121144 	42000.000000	0.0120809 	42000.000000	0.0411192 	42000.000000	4.73168e-08
44000.000000	0.114664  	44000.000000	0.042677  	44000.000000	0.0121591 	44000.000000	0.0121272 	44000.000000	0.042677  	44000.000000	4.52854e-08
46000.000000	0.122737  	46000.000000	0.0442314 	46000.000000	0.0122015 	46000.000000	0.0121714 	46000.000000	0.0442314 	46000.000000	4.34256e-08
48000.000000	0.131102  	48000.000000	0.0457825 	48000.000000	0.0122418 	48000.000000	0.0122136 	48000.000000	0.0457825 	48000.000000	4.17164e-08
50000.000000	0.139764  	50000.000000	0.0473305 	50000.000000	0.0122801 	50000.000000	0.0122539 	50000.000000	0.0473305 	50000.000000	4.01399e-08
