*Energy (MeV/u)1	0 - [He-base] F.Hubert et al, AD&ND Tables 46(1990)1	Energy (MeV/u)2	1 - [H -base] J.F.Ziegler et al, Pergamon Press, NY (low energy)	Energy (MeV/u)3	2 - ATIMA 1.2  LS-theory (recommended for high energy)	Energy (MeV/u)4	3 - ATIMA 1.2  without LS-correction	Energy (MeV/u)5	4 - Range straggling - method [0] - LISE	Energy (MeV/u)6	5 - Range straggling - method [1] - Atima	Energy (MeV/u)7	6 - Lateral range - method [0] - LISE	Energy (MeV/u)8	7 - Lateral range - method [1] - Atima	Energy (MeV/u)9	8 - Lateral range - method [2] - PDG	
0.001000	0.110137  	0.001000	0.110137  	0.001000	0.0675358 	0.001000	0.0675358 	0.001000	0         	0.001000	0         	0.001000	0.000195244	0.001000	0.000308418	0.001000	0.000148213
0.002000	0.225272  	0.002000	0.220274  	0.002000	0.135072  	0.002000	0.135072  	0.002000	0.00881598	0.002000	0.00881598	0.002000	0.000571773	0.002000	0.000872554	0.002000	0.000450553
0.005000	0.49899   	0.005000	0.48211   	0.005000	0.304216  	0.005000	0.304216  	0.005000	0.0103728 	0.005000	0.0103728 	0.005000	0.00193471	0.005000	0.00285808	0.005000	0.0015723
0.008000	0.713832  	0.008000	0.687627  	0.008000	0.447624  	0.008000	0.447624  	0.008000	0.010435  	0.008000	0.010435  	0.008000	0.00343948	0.008000	0.00499779	0.008000	0.00283528
0.010000	0.837631  	0.010000	0.806051  	0.010000	0.534615  	0.010000	0.534615  	0.010000	0.0106521 	0.010000	0.0106521 	0.010000	0.00448712	0.010000	0.00647054	0.010000	0.00372218
0.015000	1.10339   	0.015000	1.06028   	0.015000	0.731789  	0.015000	0.731789  	0.015000	0.0117662 	0.015000	0.0117662 	0.015000	0.00720235	0.015000	0.0102486 	0.015000	0.00603773
0.020000	1.3182    	0.020000	1.26576   	0.020000	0.901409  	0.020000	0.901409  	0.020000	0.0130904 	0.020000	0.0130904 	0.020000	0.00986302	0.020000	0.013926  	0.020000	0.00831735
0.025000	1.49674   	0.025000	1.43655   	0.025000	1.04878   	0.025000	1.04878   	0.025000	0.0142831 	0.025000	0.0142831 	0.025000	0.0123905 	0.025000	0.0174079 	0.025000	0.0104878
0.030000	1.65072   	0.030000	1.58385   	0.030000	1.18049   	0.030000	1.18049   	0.030000	0.0153217 	0.030000	0.0153217 	0.030000	0.0148162 	0.030000	0.0207396 	0.030000	0.0125751
0.035000	1.78747   	0.035000	1.71466   	0.035000	1.30106   	0.035000	1.30106   	0.035000	0.0162383 	0.035000	0.0162383 	0.035000	0.017178  	0.035000	0.0239739 	0.035000	0.0146118
0.040000	1.91159   	0.040000	1.83339   	0.040000	1.413     	0.040000	1.413     	0.040000	0.0170538 	0.040000	0.0170538 	0.040000	0.0194961 	0.040000	0.0271399 	0.040000	0.0166144
0.045000	2.02612   	0.045000	1.94295   	0.045000	1.51812   	0.045000	1.51812   	0.045000	0.0177882 	0.045000	0.0177882 	0.045000	0.0216172 	0.045000	0.0298885 	0.045000	0.018449
0.050000	2.13326   	0.050000	2.04544   	0.050000	1.61775   	0.050000	1.61775   	0.050000	0.0184581 	0.050000	0.0184175 	0.050000	0.0233857 	0.050000	0.0321188 	0.050000	0.0199793
0.055000	2.23462   	0.055000	2.1424    	0.055000	1.71292   	0.055000	1.71292   	0.055000	0.0190768 	0.055000	0.0189684 	0.055000	0.0249533 	0.055000	0.034058  	0.055000	0.0213364
0.060000	2.33142   	0.060000	2.235     	0.060000	1.80445   	0.060000	1.80445   	0.060000	0.0196549 	0.060000	0.0194762 	0.060000	0.0263831 	0.060000	0.0357961 	0.060000	0.0225748
0.070000	2.5149    	0.070000	2.41051   	0.070000	1.97901   	0.070000	1.97901   	0.070000	0.0207206 	0.070000	0.020399  	0.070000	0.0289697 	0.070000	0.0388724 	0.070000	0.0248167
0.080000	2.68904   	0.080000	2.5771    	0.080000	2.14526   	0.080000	2.14526   	0.080000	0.0217035 	0.080000	0.021239  	0.080000	0.0313492 	0.080000	0.0416355 	0.080000	0.0268812
0.090000	2.85725   	0.090000	2.738     	0.090000	2.3058    	0.090000	2.3058    	0.090000	0.0226352 	0.090000	0.0220286 	0.090000	0.0335946 	0.090000	0.0441962 	0.090000	0.0288319
0.100000	3.02177   	0.100000	2.89538   	0.100000	2.46248   	0.100000	2.46248   	0.100000	0.0235371 	0.100000	0.0227886 	0.100000	0.035729  	0.100000	0.0465977 	0.100000	0.0306892
0.120000	3.3433    	0.120000	3.20295   	0.120000	2.76923   	0.120000	2.76923   	0.120000	0.0253068 	0.120000	0.0242721 	0.120000	0.0398255 	0.120000	0.0511423 	0.120000	0.0342625
0.140000	3.6594    	0.140000	3.50533   	0.140000	3.07247   	0.140000	3.07247   	0.140000	0.0270871 	0.140000	0.0257588 	0.140000	0.0437951 	0.140000	0.0554842 	0.140000	0.0377363
0.160000	3.97345   	0.160000	3.80575   	0.160000	3.37608   	0.160000	3.37608   	0.160000	0.0289162 	0.160000	0.0272831 	0.160000	0.0476702 	0.160000	0.0596789 	0.160000	0.0411384
0.180000	4.28777   	0.180000	4.10642   	0.180000	3.68226   	0.180000	3.68226   	0.180000	0.0308128 	0.180000	0.0288619 	0.180000	0.051432  	0.180000	0.0637293 	0.180000	0.044452
0.200000	4.60308   	0.200000	4.40805   	0.200000	3.99223   	0.200000	3.99223   	0.200000	0.0327845 	0.200000	0.0305017 	0.200000	0.0551166 	0.200000	0.0676626 	0.200000	0.0477069
0.250000	5.39879   	0.250000	5.16921   	0.250000	4.78731   	0.250000	4.78731   	0.250000	0.0380415 	0.250000	0.0348666 	0.250000	0.0643317 	0.250000	0.0774501 	0.250000	0.0558844
0.300000	6.19702   	0.300000	5.9328    	0.300000	5.61118   	0.300000	5.61118   	0.300000	0.0436788 	0.300000	0.0395326 	0.300000	0.0734306 	0.300000	0.0870216 	0.300000	0.0640065
0.350000	7.00095   	0.350000	6.70183   	0.350000	6.45877   	0.350000	6.45877   	0.350000	0.0495345 	0.350000	0.0443574 	0.350000	0.0822307 	0.350000	0.0962041 	0.350000	0.0719044
0.400000	7.81652   	0.400000	7.482     	0.400000	7.331     	0.400000	7.331     	0.400000	0.0556007 	0.400000	0.0493273 	0.400000	0.0910015 	0.400000	0.105285  	0.400000	0.0798116
0.450000	8.64959   	0.450000	8.2789    	0.450000	8.22944   	0.450000	8.22944   	0.450000	0.0618938 	0.450000	0.0544501 	0.450000	0.0996088 	0.450000	0.114144  	0.450000	0.0876063
0.500000	9.50347   	0.500000	9.09572   	0.500000	9.15447   	0.500000	9.15447   	0.500000	0.0684107 	0.500000	0.059719  	0.500000	0.108156  	0.500000	0.122865  	0.500000	0.0953759
0.600000	11.2744   	0.600000	10.7898   	0.600000	11.0828   	0.600000	11.0828   	0.600000	0.0820674 	0.600000	0.0706438 	0.600000	0.124876  	0.600000	0.139753  	0.600000	0.110658
0.700000	13.146    	0.700000	12.5802   	0.700000	13.1137   	0.700000	13.1137   	0.700000	0.0965092 	0.700000	0.0820343 	0.700000	0.141025  	0.700000	0.155903  	0.700000	0.125517
0.800000	15.1154   	0.800000	14.464    	0.800000	15.2455   	0.800000	15.2455   	0.800000	0.111711  	0.800000	0.0938604 	0.800000	0.156547  	0.800000	0.171315  	0.800000	0.139884
0.900000	17.1764   	0.900000	16.4356   	0.900000	17.4769   	0.900000	17.4769   	0.900000	0.127665  	0.900000	0.106111  	0.900000	0.171539  	0.900000	0.186064  	0.900000	0.153829
1.000000	19.3428   	1.000000	18.508    	1.000000	19.8102   	1.000000	19.8102   	1.000000	0.144432  	1.000000	0.118828  	1.000000	0.186086  	1.000000	0.200295  	1.000000	0.167422
1.250000	25.2611   	1.250000	24.1694   	1.250000	26.0954   	1.250000	26.0954   	1.250000	0.1901    	1.250000	0.153161  	1.250000	0.220967  	1.250000	0.234101  	1.250000	0.200224
1.500000	32.0248   	1.500000	30.6395   	1.500000	33.0083   	1.500000	33.0083   	1.500000	0.240871  	1.500000	0.192611  	1.500000	0.254698  	1.500000	0.266486  	1.500000	0.232178
1.750000	39.682    	1.750000	37.9643   	1.750000	40.5423   	1.750000	40.5423   	1.750000	0.296781  	1.750000	0.236348  	1.750000	0.287421  	1.750000	0.298225  	1.750000	0.263841
2.000000	48.1659   	2.000000	46.0798   	2.000000	48.6968   	2.000000	48.6968   	2.000000	0.357958  	2.000000	0.283766  	2.000000	0.302499  	2.000000	0.329802  	2.000000	0.278212
2.250000	57.4275   	2.250000	54.9394   	2.250000	57.4747   	2.250000	57.4747   	2.250000	0.424576  	2.250000	0.334637  	2.250000	0.316154  	2.250000	0.36162   	2.250000	0.291759
2.500000	67.4311   	2.500000	64.5085   	2.500000	66.8792   	2.500000	66.8792   	2.500000	0.496781  	2.500000	0.388867  	2.500000	0.332595  	2.500000	0.388355  	2.500000	0.307934
3.000000	88.8626   	3.000000	85.6793   	3.000000	87.5715   	3.000000	87.5715   	3.000000	0.658276  	3.000000	0.507202  	3.000000	0.37401   	3.000000	0.427948  	3.000000	0.348374
3.500000	112.855   	3.500000	109.453   	3.500000	110.768   	3.500000	110.768   	3.500000	0.842734  	3.500000	0.638444  	3.500000	0.426619  	3.500000	0.478837  	3.500000	0.39946
4.000000	139.357   	4.000000	135.741   	4.000000	136.445   	4.000000	136.445   	4.000000	1.05003   	4.000000	0.782205  	4.000000	0.48984   	4.000000	0.540246  	4.000000	0.460661
4.500000	168.322   	4.500000	164.478   	4.500000	164.57    	4.500000	164.57    	4.500000	1.27983   	4.500000	0.937984  	4.500000	0.56298   	4.500000	0.611336  	4.500000	0.531336
5.000000	199.708   	5.000000	195.613   	5.000000	195.104   	5.000000	195.104   	5.000000	1.53167   	5.000000	1.1053    	5.000000	0.64535   	5.000000	0.691292  	5.000000	0.610846
5.500000	233.478   	5.500000	229.096   	5.500000	228.008   	5.500000	228.008   	5.500000	1.80506   	5.500000	1.28374   	5.500000	0.736368  	5.500000	0.779425  	5.500000	0.698651
6.000000	269.598   	6.000000	264.885   	6.000000	263.24    	6.000000	263.24    	6.000000	2.09953   	6.000000	1.47291   	6.000000	0.835525  	6.000000	0.875131  	6.000000	0.794281
6.500000	308.036   	6.500000	302.939   	6.500000	300.763   	6.500000	300.763   	6.500000	2.4146    	6.500000	1.67243   	6.500000	0.942434  	6.500000	0.977954  	6.500000	0.897378
7.000000	348.763   	7.000000	343.221   	7.000000	340.539   	7.000000	340.539   	7.000000	2.74986   	7.000000	1.88199   	7.000000	1.05674   	7.000000	1.08747   	7.000000	1.00761
7.500000	391.75    	7.500000	385.697   	7.500000	382.534   	7.500000	382.534   	7.500000	3.10491   	7.500000	2.10131   	7.500000	1.17816   	7.500000	1.20335   	7.500000	1.12472
8.000000	436.974   	8.000000	430.333   	8.000000	426.714   	8.000000	426.714   	8.000000	3.47939   	8.000000	2.33012   	8.000000	1.30646   	8.000000	1.32531   	8.000000	1.24849
8.500000	484.411   	8.500000	477.102   	8.500000	473.051   	8.500000	473.051   	8.500000	3.87298   	8.500000	2.56813   	8.500000	1.44145   	8.500000	1.45313   	8.500000	1.37874
9.000000	534.037   	9.000000	525.973   	9.000000	521.515   	9.000000	521.515   	9.000000	4.28539   	9.000000	2.81512   	9.000000	1.58294   	9.000000	1.58661   	9.000000	1.5153
9.500000	585.831   	9.500000	576.923   	9.500000	572.081   	9.500000	572.081   	9.500000	4.71635   	9.500000	3.07091   	9.500000	1.73081   	9.500000	1.72557   	9.500000	1.65805
10.000000	639.774   	10.000000	629.917   	10.000000	624.723   	10.000000	624.723   	10.000000	5.16562   	10.000000	3.3354    	10.000000	1.8849    	10.000000	1.86987   	10.000000	1.80684
11.000000	754.031   	11.000000	741.518   	11.000000	736.248   	11.000000	736.237   	11.000000	6.12064   	11.000000	3.8914    	11.000000	2.21179   	11.000000	2.17435   	11.000000	2.12261
12.000000	876.663   	12.000000	861.142   	12.000000	856.045   	12.000000	856.004   	12.000000	7.15146   	12.000000	4.48362   	12.000000	2.56343   	12.000000	2.4997    	12.000000	2.46246
13.000000	1007.54   	13.000000	988.702   	13.000000	984.003   	13.000000	983.915   	13.000000	8.25707   	13.000000	5.11108   	13.000000	2.93945   	13.000000	2.84544   	13.000000	2.82606
14.000000	1146.54   	14.000000	1124.11   	14.000000	1120.03   	14.000000	1119.88   	14.000000	9.43673   	14.000000	5.77306   	14.000000	3.33955   	14.000000	3.21118   	14.000000	3.21312
15.000000	1293.56   	15.000000	1267.3    	15.000000	1264.03   	15.000000	1263.81   	15.000000	10.6899   	15.000000	6.46941   	15.000000	3.76346   	15.000000	3.5966    	15.000000	3.62341
16.000000	1448.48   	16.000000	1418.18   	16.000000	1415.95   	16.000000	1415.65   	16.000000	12.0161   	16.000000	7.19991   	16.000000	4.21101   	16.000000	4.00143   	16.000000	4.05677
17.000000	1611.21   	17.000000	1576.67   	17.000000	1575.71   	17.000000	1575.33   	17.000000	13.4152   	17.000000	7.96404   	17.000000	4.68205   	17.000000	4.42548   	17.000000	4.51308
18.000000	1781.65   	18.000000	1742.72   	18.000000	1743.28   	18.000000	1742.81   	18.000000	14.887    	18.000000	8.76148   	18.000000	5.17645   	18.000000	4.86857   	18.000000	4.99222
19.000000	1959.72   	19.000000	1916.25   	19.000000	1918.59   	19.000000	1918.03   	19.000000	16.4312   	19.000000	9.59212   	19.000000	5.69412   	19.000000	5.33055   	19.000000	5.49412
20.000000	2145.34   	20.000000	2097.19   	20.000000	2101.62   	20.000000	2100.96   	20.000000	18.048    	20.000000	10.4559   	20.000000	6.23499   	20.000000	5.8113    	20.000000	6.01873
21.000000	2338.41   	21.000000	2285.49   	21.000000	2292.32   	21.000000	2291.57   	21.000000	19.7374   	21.000000	11.3529   	21.000000	6.79903   	21.000000	6.31074   	21.000000	6.56603
22.000000	2538.88   	22.000000	2481.07   	22.000000	2490.65   	22.000000	2489.81   	22.000000	21.4992   	22.000000	12.2828   	22.000000	7.38618   	22.000000	6.82876   	22.000000	7.13598
23.000000	2746.66   	23.000000	2683.88   	23.000000	2696.59   	23.000000	2695.66   	23.000000	23.3333   	23.000000	13.2456   	23.000000	7.99636   	23.000000	7.36528   	23.000000	7.72853
24.000000	2961.68   	24.000000	2893.87   	24.000000	2910.1    	24.000000	2909.1    	24.000000	25.2395   	24.000000	14.2411   	24.000000	8.62955   	24.000000	7.9202    	24.000000	8.34365
25.000000	3183.88   	25.000000	3110.97   	25.000000	3131.16   	25.000000	3130.09   	25.000000	27.2182   	25.000000	15.2694   	25.000000	9.28576   	25.000000	8.49351   	25.000000	8.98138
27.000000	3649.54   	27.000000	3566.32   	27.000000	3595.85   	27.000000	3594.66   	27.000000	31.3932   	27.000000	17.4247   	27.000000	10.6672   	27.000000	9.69509   	27.000000	10.3247
29.000000	4143.16   	29.000000	4049.49   	29.000000	4090.46   	29.000000	4089.2    	29.000000	35.8578   	29.000000	19.7105   	29.000000	12.1405   	29.000000	10.9696   	29.000000	11.7584
31.000000	4664.28   	31.000000	4560.1    	31.000000	4614.55   	31.000000	4613.26   	31.000000	40.6044   	31.000000	22.1213   	31.000000	13.7043   	31.000000	12.3158   	31.000000	13.2814
33.000000	5212.45   	33.000000	5097.78   	33.000000	5166.16   	33.000000	5164.93   	33.000000	45.5878   	33.000000	24.6353   	33.000000	15.3506   	33.000000	13.7267   	33.000000	14.8859
35.000000	5787.28   	35.000000	5662.15   	35.000000	5744.66   	35.000000	5743.55   	35.000000	50.7997   	35.000000	27.2479   	35.000000	17.0761   	35.000000	15.1998   	35.000000	16.5689
38.000000	6698.64   	38.000000	6558.01   	38.000000	6662      	38.000000	6661.22   	38.000000	59.0428   	38.000000	31.3493   	38.000000	19.8091   	38.000000	17.5223   	38.000000	19.2373
41.000000	7667.88   	41.000000	7512.05   	41.000000	7637.81   	41.000000	7637.55   	41.000000	67.7898   	41.000000	35.6691   	41.000000	22.7111   	41.000000	19.9761   	41.000000	22.074
44.000000	8693.83   	44.000000	8523.22   	44.000000	8671.01   	44.000000	8671.45   	44.000000	77.0326   	44.000000	40.2001   	44.000000	25.7776   	44.000000	22.5572   	44.000000	25.0752
47.000000	9775.44   	47.000000	9590.5    	47.000000	9760.55   	47.000000	9761.89   	47.000000	86.7619   	47.000000	44.939    	47.000000	29.0049   	47.000000	25.2624   	47.000000	28.2374
50.000000	10911.7   	50.000000	10712.9   	50.000000	10905.5   	50.000000	10907.9   	50.000000	96.9696   	50.000000	49.8822   	50.000000	32.3894   	50.000000	28.0887   	50.000000	31.5579
55.000000	12924.3   	55.000000	12703.8   	55.000000	12934.5   	55.000000	12938.9   	55.000000	115.026   	55.000000	58.5674   	55.000000	38.3721   	55.000000	33.0622   	55.000000	37.4369
60.000000	15082     	60.000000	14841.3   	60.000000	15110.8   	60.000000	15117.8   	60.000000	134.34    	60.000000	67.7919   	60.000000	44.7684   	60.000000	38.3533   	60.000000	43.7353
65.000000	17380.9   	65.000000	17121.7   	65.000000	17430.9   	65.000000	17440.7   	65.000000	154.879   	65.000000	77.5348   	65.000000	51.5664   	65.000000	43.9525   	65.000000	50.4432
70.000000	19817.6   	70.000000	19541.5   	70.000000	19891.1   	70.000000	19904.3   	70.000000	176.595   	70.000000	87.782    	70.000000	58.7526   	70.000000	49.8495   	70.000000	57.5491
75.000000	22388.8   	75.000000	22097.2   	75.000000	22488     	75.000000	22505.1   	75.000000	199.454   	75.000000	98.5155   	75.000000	66.3155   	75.000000	56.0353   	75.000000	65.0433
80.000000	25091.4   	80.000000	24785.7   	80.000000	25218.8   	80.000000	25240.1   	80.000000	223.421   	80.000000	109.727   	80.000000	74.2444   	80.000000	62.5019   	80.000000	72.9169
85.000000	27922.7   	85.000000	27603.9   	85.000000	28080.4   	85.000000	28106.2   	85.000000	248.459   	85.000000	121.393   	85.000000	82.5284   	85.000000	69.2414   	85.000000	81.1606
90.000000	30879.8   	90.000000	30548.8   	90.000000	31069.9   	90.000000	31100.8   	90.000000	274.533   	90.000000	133.504   	90.000000	91.1571   	90.000000	76.246    	90.000000	89.7658
95.000000	33960.2   	95.000000	33617.8   	95.000000	34184.7   	95.000000	34220.9   	95.000000	301.612   	95.000000	146.046   	95.000000	100.121   	95.000000	83.5085   	95.000000	98.724
100.000000	37161.5   	100.000000	36808.1   	100.000000	37422.1   	100.000000	37464.2   	100.000000	329.662   	100.000000	159.01    	100.000000	109.409   	100.000000	91.0219   	100.000000	108.027
105.000000	40481.4   	105.000000	40117.2   	105.000000	40779.6   	105.000000	40827.9   	105.000000	358.653   	105.000000	172.382   	105.000000	119.014   	105.000000	98.7794   	105.000000	117.667
110.000000	43917.7   	110.000000	43542.5   	110.000000	44255     	110.000000	44309.8   	110.000000	388.557   	110.000000	186.157   	110.000000	128.925   	110.000000	106.775   	110.000000	127.637
115.000000	47468.2   	115.000000	47081.8   	115.000000	47845.6   	115.000000	47907.5   	115.000000	419.342   	115.000000	200.316   	115.000000	139.134   	115.000000	115.002   	115.000000	137.929
120.000000	51131     	120.000000	50732.6   	120.000000	51549.6   	120.000000	51618.8   	120.000000	450.986   	120.000000	214.846   	120.000000	149.634   	120.000000	123.456   	120.000000	148.536
125.000000	54904.2   	125.000000	54492.8   	125.000000	55364.4   	125.000000	55441.5   	125.000000	483.456   	125.000000	229.745   	125.000000	160.415   	125.000000	132.129   	125.000000	159.451
130.000000	58785.9   	130.000000	58360.3   	130.000000	59288.2   	130.000000	59373.4   	130.000000	516.729   	130.000000	245       	130.000000	171.471   	130.000000	141.017   	130.000000	170.668
135.000000	62774.3   	135.000000	62332.9   	135.000000	63319.2   	135.000000	63412.7   	135.000000	550.789   	135.000000	260.599   	135.000000	182.794   	135.000000	150.116   	135.000000	182.18
140.000000	66867.8   	140.000000	66408.6   	140.000000	67455.2   	140.000000	67557.3   	140.000000	585.606   	140.000000	276.534   	140.000000	194.376   	140.000000	159.419   	140.000000	193.982
145.000000	71064.6   	145.000000	70585.6   	145.000000	71694     	145.000000	71805.2   	145.000000	621.149   	145.000000	292.794   	145.000000	206.21    	145.000000	168.921   	145.000000	206.066
150.000000	75363.2   	150.000000	74861.9   	150.000000	76034     	150.000000	76154.7   	150.000000	657.403   	150.000000	309.375   	150.000000	218.289   	150.000000	178.618   	150.000000	218.426
155.000000	79822.6   	155.000000	79235.7   	155.000000	80473.5   	155.000000	80603.9   	155.000000	694.346   	155.000000	326.269   	155.000000	230.606   	155.000000	188.505   	155.000000	231.058
160.000000	84378.8   	160.000000	83705.2   	160.000000	85010.4   	160.000000	85151.1   	160.000000	731.95    	160.000000	343.467   	160.000000	243.155   	160.000000	198.578   	160.000000	243.954
165.000000	89027.9   	165.000000	88268.7   	165.000000	89643.2   	165.000000	89794.5   	165.000000	770.201   	165.000000	360.965   	165.000000	255.93    	165.000000	208.832   	165.000000	257.11
170.000000	93768.3   	170.000000	92924.5   	170.000000	94370.3   	170.000000	94532.5   	170.000000	809.081   	170.000000	378.758   	170.000000	268.925   	170.000000	219.263   	170.000000	270.521
175.000000	98598.4   	175.000000	97671     	175.000000	99189.9   	175.000000	99363.5   	175.000000	848.562   	175.000000	396.835   	175.000000	282.132   	175.000000	229.866   	175.000000	284.179
180.000000	103517    	180.000000	102507    	180.000000	104100    	180.000000	104286    	180.000000	888.629   	180.000000	415.194   	180.000000	295.547   	180.000000	240.638   	180.000000	298.081
185.000000	108522    	185.000000	107430    	185.000000	109101    	185.000000	109298    	185.000000	929.271   	185.000000	433.829   	185.000000	309.164   	185.000000	251.576   	185.000000	312.223
190.000000	113612    	190.000000	112439    	190.000000	114189    	190.000000	114398    	190.000000	970.471   	190.000000	452.728   	190.000000	322.979   	190.000000	262.676   	190.000000	326.599
195.000000	118786    	195.000000	117533    	195.000000	119364    	195.000000	119586    	195.000000	1012.21   	195.000000	471.879   	195.000000	336.985   	195.000000	273.933   	195.000000	341.205
200.000000	124043    	200.000000	122709    	200.000000	124624    	200.000000	124859    	200.000000	1054.46   	200.000000	491.286   	200.000000	351.177   	200.000000	285.344   	200.000000	356.035
210.000000	134799    	210.000000	133307    	210.000000	135393    	210.000000	135655    	210.000000	1140.45   	210.000000	530.844   	210.000000	380.098   	210.000000	308.614   	210.000000	386.349
220.000000	145869    	220.000000	144221    	220.000000	146487    	220.000000	146776    	220.000000	1228.33   	220.000000	571.332   	220.000000	409.705   	220.000000	332.46    	220.000000	417.508
230.000000	157244    	230.000000	155441    	230.000000	157893    	230.000000	158212    	230.000000	1317.97   	230.000000	612.706   	230.000000	439.958   	230.000000	356.854   	230.000000	449.476
240.000000	168915    	240.000000	166957    	240.000000	169604    	240.000000	169953    	240.000000	1409.28   	240.000000	654.965   	240.000000	470.827   	240.000000	381.777   	240.000000	482.225
250.000000	180872    	250.000000	178761    	250.000000	181610    	250.000000	181990    	250.000000	1502.16   	250.000000	698.086   	250.000000	502.278   	250.000000	407.203   	250.000000	515.723
260.000000	193108    	260.000000	190842    	260.000000	193900    	260.000000	194313    	260.000000	1596.49   	260.000000	741.957   	260.000000	534.276   	260.000000	433.108   	260.000000	549.937
270.000000	205615    	270.000000	203193    	270.000000	206466    	270.000000	206913    	270.000000	1692.18   	270.000000	786.592   	270.000000	566.794   	270.000000	459.474   	270.000000	584.842
280.000000	218384    	280.000000	215806    	280.000000	219301    	280.000000	219783    	280.000000	1789.15   	280.000000	831.969   	280.000000	599.801   	280.000000	486.279   	280.000000	620.407
290.000000	231408    	290.000000	228672    	290.000000	232395    	290.000000	232913    	290.000000	1887.3    	290.000000	878.061   	290.000000	633.269   	290.000000	513.504   	290.000000	656.608
300.000000	244681    	300.000000	241784    	300.000000	245742    	300.000000	246297    	300.000000	1986.58   	300.000000	924.841   	300.000000	667.178   	300.000000	541.132   	300.000000	693.422
310.000000	258196    	310.000000	255136    	310.000000	259334    	310.000000	259927    	310.000000	2086.91   	310.000000	972.254   	310.000000	701.502   	310.000000	569.148   	310.000000	730.825
320.000000	271946    	320.000000	268719    	320.000000	273164    	320.000000	273796    	320.000000	2188.2    	320.000000	1020.29   	320.000000	736.215   	320.000000	597.53    	320.000000	768.791
330.000000	285924    	330.000000	282528    	330.000000	287224    	330.000000	287896    	330.000000	2290.38   	330.000000	1068.95   	330.000000	771.294   	330.000000	626.264   	330.000000	807.297
340.000000	300125    	340.000000	296556    	340.000000	301508    	340.000000	302221    	340.000000	2393.41   	340.000000	1118.17   	340.000000	806.721   	340.000000	655.335   	340.000000	846.325
350.000000	314543    	350.000000	310796    	350.000000	316011    	350.000000	316766    	350.000000	2497.23   	350.000000	1167.93   	350.000000	842.476   	350.000000	684.731   	350.000000	885.855
360.000000	329173    	360.000000	325244    	360.000000	330726    	360.000000	331522    	360.000000	2601.78   	360.000000	1218.24   	360.000000	878.54    	360.000000	714.435   	360.000000	925.865
370.000000	344008    	370.000000	339893    	370.000000	345646    	370.000000	346485    	370.000000	2706.98   	370.000000	1269.08   	370.000000	914.89    	370.000000	744.432   	370.000000	966.335
380.000000	359044    	380.000000	354737    	380.000000	360765    	380.000000	361649    	380.000000	2812.79   	380.000000	1320.44   	380.000000	951.511   	380.000000	774.71    	380.000000	1007.25
390.000000	374276    	390.000000	369772    	390.000000	376079    	390.000000	377009    	390.000000	2919.17   	390.000000	1372.29   	390.000000	988.388   	390.000000	805.258   	390.000000	1048.58
400.000000	389698    	400.000000	384993    	400.000000	391583    	400.000000	392558    	400.000000	3026.08   	400.000000	1424.59   	400.000000	1025.5    	400.000000	836.064   	400.000000	1090.33
410.000000	405307    	410.000000	400393    	410.000000	407269    	410.000000	408291    	410.000000	3133.44   	410.000000	1477.34   	410.000000	1062.84   	410.000000	867.113   	410.000000	1132.46
420.000000	421097    	420.000000	415970    	420.000000	423134    	420.000000	424205    	420.000000	3241.24   	420.000000	1530.51   	420.000000	1100.39   	420.000000	898.396   	420.000000	1174.97
430.000000	437063    	430.000000	431717    	430.000000	439173    	430.000000	440293    	430.000000	3349.43   	430.000000	1584.07   	430.000000	1138.13   	430.000000	929.904   	430.000000	1217.85
440.000000	453203    	440.000000	447631    	440.000000	455382    	440.000000	456551    	440.000000	3457.99   	440.000000	1638.02   	440.000000	1176.06   	440.000000	961.627   	440.000000	1261.06
450.000000	469511    	450.000000	463707    	450.000000	471757    	450.000000	472975    	450.000000	3566.89   	450.000000	1692.37   	450.000000	1214.15   	450.000000	993.556   	450.000000	1304.62
460.000000	485984    	460.000000	479941    	460.000000	488292    	460.000000	489560    	460.000000	3676.07   	460.000000	1747.11   	460.000000	1252.41   	460.000000	1025.68   	460.000000	1348.49
470.000000	502617    	470.000000	496329    	470.000000	504983    	470.000000	506302    	470.000000	3785.49   	470.000000	1802.24   	470.000000	1290.81   	470.000000	1057.99   	470.000000	1392.66
480.000000	519407    	480.000000	512867    	480.000000	521825    	480.000000	523197    	480.000000	3895.13   	480.000000	1857.72   	480.000000	1329.34   	480.000000	1090.47   	480.000000	1437.13
490.000000	536350    	490.000000	529551    	490.000000	538815    	490.000000	540240    	490.000000	4004.96   	490.000000	1913.52   	490.000000	1368      	490.000000	1123.12   	490.000000	1481.87
500.000000	553443    	500.000000	546378    	500.000000	555951    	500.000000	557429    	500.000000	4114.96   	500.000000	1969.64   	500.000000	1406.77   	500.000000	1155.93   	500.000000	1526.89
520.000000	588062    	520.000000	580446    	520.000000	590641    	520.000000	592226    	520.000000	4335.4    	520.000000	2082.87   	520.000000	1484.63   	520.000000	1222.01   	520.000000	1617.68
540.000000	623239    	540.000000	615042    	540.000000	625865    	540.000000	627559    	540.000000	4556.22   	540.000000	2197.37   	540.000000	1562.84   	540.000000	1288.64   	540.000000	1709.41
560.000000	658947    	560.000000	650141    	560.000000	661595    	560.000000	663402    	560.000000	4777.19   	560.000000	2312.95   	560.000000	1641.33   	560.000000	1355.76   	560.000000	1802.01
580.000000	695164    	580.000000	685720    	580.000000	697808    	580.000000	699730    	580.000000	4998.2    	580.000000	2429.65   	580.000000	1720.04   	580.000000	1423.33   	580.000000	1895.38
600.000000	731865    	600.000000	721755    	600.000000	734480    	600.000000	736519    	600.000000	5219.12   	600.000000	2547.44   	600.000000	1798.93   	600.000000	1491.3    	600.000000	1989.48
620.000000	769029    	620.000000	758224    	620.000000	771587    	620.000000	773746    	620.000000	5439.78   	620.000000	2666.18   	620.000000	1877.93   	620.000000	1559.62   	620.000000	2084.22
640.000000	806635    	640.000000	795108    	640.000000	809108    	640.000000	811390    	640.000000	5660.08   	640.000000	2785.79   	640.000000	1957      	640.000000	1628.25   	640.000000	2179.54
660.000000	844665    	660.000000	832387    	660.000000	847026    	660.000000	849431    	660.000000	5879.93   	660.000000	2906.28   	660.000000	2036.11   	660.000000	1697.16   	660.000000	2275.4
680.000000	883098    	680.000000	870042    	680.000000	885322    	680.000000	887851    	680.000000	6099.27   	680.000000	3027.6    	680.000000	2115.22   	680.000000	1766.32   	680.000000	2371.75
700.000000	921918    	700.000000	908056    	700.000000	923978    	700.000000	926631    	700.000000	6317.99   	700.000000	3149.71   	700.000000	2194.29   	700.000000	1835.68   	700.000000	2468.52
720.000000	961107    	720.000000	946414    	720.000000	962975    	720.000000	965756    	720.000000	6535.99   	720.000000	3272.58   	720.000000	2273.29   	720.000000	1905.22   	720.000000	2565.67
740.000000	1.00065e+06	740.000000	985098    	740.000000	1.0023e+06	740.000000	1.00521e+06	740.000000	6753.19   	740.000000	3396.16   	740.000000	2352.19   	740.000000	1974.9    	740.000000	2663.16
760.000000	1.04053e+06	760.000000	1.02409e+06	760.000000	1.04193e+06	760.000000	1.04497e+06	760.000000	6969.56   	760.000000	3520.37   	760.000000	2430.95   	760.000000	2044.71   	760.000000	2760.94
780.000000	1.08073e+06	780.000000	1.06339e+06	780.000000	1.08186e+06	780.000000	1.08504e+06	780.000000	7185.05   	780.000000	3645.18   	780.000000	2509.57   	780.000000	2114.61   	780.000000	2858.98
800.000000	1.12124e+06	800.000000	1.10297e+06	800.000000	1.12208e+06	800.000000	1.12539e+06	800.000000	7399.63   	800.000000	3770.58   	800.000000	2588.03   	800.000000	2184.6    	800.000000	2957.25
820.000000	1.16204e+06	820.000000	1.14282e+06	820.000000	1.16257e+06	820.000000	1.16601e+06	820.000000	7613.24   	820.000000	3896.59   	820.000000	2666.29   	820.000000	2254.64   	820.000000	3055.71
840.000000	1.20312e+06	840.000000	1.18293e+06	840.000000	1.20331e+06	840.000000	1.20689e+06	840.000000	7825.78   	840.000000	4023.18   	840.000000	2744.33   	840.000000	2324.7    	840.000000	3154.31
860.000000	1.24448e+06	860.000000	1.22329e+06	860.000000	1.2443e+06	860.000000	1.248e+06 	860.000000	8037.14   	860.000000	4150.29   	860.000000	2822.12   	860.000000	2394.75   	860.000000	3253.01
880.000000	1.28609e+06	880.000000	1.26388e+06	880.000000	1.28551e+06	880.000000	1.28935e+06	880.000000	8247.31   	880.000000	4277.9    	880.000000	2899.65   	880.000000	2464.79   	880.000000	3351.79
900.000000	1.32794e+06	900.000000	1.3047e+06	900.000000	1.32694e+06	900.000000	1.33092e+06	900.000000	8456.28   	900.000000	4405.97   	900.000000	2976.91   	900.000000	2534.78   	900.000000	3450.61
920.000000	1.37003e+06	920.000000	1.34574e+06	920.000000	1.36858e+06	920.000000	1.3727e+06	920.000000	8664.03   	920.000000	4534.46   	920.000000	3053.87   	920.000000	2604.73   	920.000000	3549.46
940.000000	1.41234e+06	940.000000	1.38698e+06	940.000000	1.41041e+06	940.000000	1.41468e+06	940.000000	8870.57   	940.000000	4663.35   	940.000000	3130.54   	940.000000	2674.61   	940.000000	3648.32
960.000000	1.45487e+06	960.000000	1.42842e+06	960.000000	1.45245e+06	960.000000	1.45685e+06	960.000000	9075.88   	960.000000	4792.62   	960.000000	3206.91   	960.000000	2744.41   	960.000000	3747.16
980.000000	1.4976e+06	980.000000	1.47005e+06	980.000000	1.49466e+06	980.000000	1.49921e+06	980.000000	9279.98   	980.000000	4922.25   	980.000000	3282.97   	980.000000	2814.13   	980.000000	3845.96
1000.000000	1.54052e+06	1000.000000	1.51185e+06	1000.000000	1.53705e+06	1000.000000	1.54174e+06	1000.000000	9482.83   	1000.000000	5052.25   	1000.000000	3358.7    	1000.000000	2883.74   	1000.000000	3944.71
1020.000000	1.58362e+06	1020.000000	1.55383e+06	1020.000000	1.57961e+06	1020.000000	1.58444e+06	1020.000000	9684.45   	1020.000000	5182.61   	1020.000000	3434.11   	1020.000000	2953.25   	1020.000000	4043.39
1040.000000	1.6269e+06	1040.000000	1.59597e+06	1040.000000	1.62233e+06	1040.000000	1.6273e+06	1040.000000	9884.8    	1040.000000	5313.33   	1040.000000	3509.18   	1040.000000	3022.63   	1040.000000	4141.99
1060.000000	1.67035e+06	1060.000000	1.63826e+06	1060.000000	1.6652e+06	1060.000000	1.67032e+06	1060.000000	10083.9   	1060.000000	5444.44   	1060.000000	3583.91   	1060.000000	3091.88   	1060.000000	4240.47
1080.000000	1.71396e+06	1080.000000	1.68071e+06	1080.000000	1.70822e+06	1080.000000	1.71348e+06	1080.000000	10281.7   	1080.000000	5575.93   	1080.000000	3658.29   	1080.000000	3160.99   	1080.000000	4338.83
1100.000000	1.75772e+06	1100.000000	1.72329e+06	1100.000000	1.75138e+06	1100.000000	1.75678e+06	1100.000000	10478.3   	1100.000000	5707.8    	1100.000000	3732.32   	1100.000000	3229.95   	1100.000000	4437.06
1120.000000	1.80162e+06	1120.000000	1.76601e+06	1120.000000	1.79467e+06	1120.000000	1.80022e+06	1120.000000	10673.6   	1120.000000	5840.02   	1120.000000	3806      	1120.000000	3298.76   	1120.000000	4535.15
1140.000000	1.84566e+06	1140.000000	1.80886e+06	1140.000000	1.83809e+06	1140.000000	1.84378e+06	1140.000000	10867.6   	1140.000000	5972.58   	1140.000000	3879.33   	1140.000000	3367.41   	1140.000000	4633.08
1160.000000	1.88982e+06	1160.000000	1.85183e+06	1160.000000	1.88163e+06	1160.000000	1.88747e+06	1160.000000	11060.4   	1160.000000	6105.45   	1160.000000	3952.3    	1160.000000	3435.89   	1160.000000	4730.85
1180.000000	1.93411e+06	1180.000000	1.89492e+06	1180.000000	1.92529e+06	1180.000000	1.93128e+06	1180.000000	11252     	1180.000000	6238.61   	1180.000000	4024.91   	1180.000000	3504.2    	1180.000000	4828.45
1200.000000	1.97852e+06	1200.000000	1.93811e+06	1200.000000	1.96907e+06	1200.000000	1.9752e+06	1200.000000	11442.3   	1200.000000	6372.07   	1200.000000	4097.16   	1200.000000	3572.33   	1200.000000	4925.86
1220.000000	2.02303e+06	1220.000000	1.98142e+06	1220.000000	2.01295e+06	1220.000000	2.01923e+06	1220.000000	11631.4   	1220.000000	6505.81   	1220.000000	4169.05   	1220.000000	3640.28   	1220.000000	5023.07
1240.000000	2.06765e+06	1240.000000	2.02482e+06	1240.000000	2.05693e+06	1240.000000	2.06336e+06	1240.000000	11819.3   	1240.000000	6639.82   	1240.000000	4240.58   	1240.000000	3708.04   	1240.000000	5120.09
1260.000000	2.11236e+06	1260.000000	2.06832e+06	1260.000000	2.10101e+06	1260.000000	2.1076e+06	1260.000000	12006     	1260.000000	6774.11   	1260.000000	4311.75   	1260.000000	3775.61   	1260.000000	5216.89
1280.000000	2.15717e+06	1280.000000	2.1119e+06	1280.000000	2.14519e+06	1280.000000	2.15192e+06	1280.000000	12191.4   	1280.000000	6908.68   	1280.000000	4382.55   	1280.000000	3842.98   	1280.000000	5313.48
1300.000000	2.20206e+06	1300.000000	2.15558e+06	1300.000000	2.18946e+06	1300.000000	2.19634e+06	1300.000000	12375.7   	1300.000000	7043.51   	1300.000000	4452.98   	1300.000000	3910.16   	1300.000000	5409.84
1320.000000	2.24704e+06	1320.000000	2.19933e+06	1320.000000	2.23381e+06	1320.000000	2.24084e+06	1320.000000	12558.7   	1320.000000	7178.6    	1320.000000	4523.06   	1320.000000	3977.13   	1320.000000	5505.98
1340.000000	2.29208e+06	1340.000000	2.24316e+06	1340.000000	2.27824e+06	1340.000000	2.28543e+06	1340.000000	12740.6   	1340.000000	7313.96   	1340.000000	4592.77   	1340.000000	4043.9    	1340.000000	5601.88
1360.000000	2.3372e+06	1360.000000	2.28706e+06	1360.000000	2.32276e+06	1360.000000	2.3301e+06	1360.000000	12921.3   	1360.000000	7449.58   	1360.000000	4662.12   	1360.000000	4110.46   	1360.000000	5697.53
1380.000000	2.38239e+06	1380.000000	2.33103e+06	1380.000000	2.36735e+06	1380.000000	2.37484e+06	1380.000000	13100.8   	1380.000000	7585.46   	1380.000000	4731.11   	1380.000000	4176.81   	1380.000000	5792.95
1400.000000	2.42763e+06	1400.000000	2.37507e+06	1400.000000	2.41201e+06	1400.000000	2.41966e+06	1400.000000	13279.2   	1400.000000	7721.59   	1400.000000	4799.74   	1400.000000	4242.95   	1400.000000	5888.12
1420.000000	2.47293e+06	1420.000000	2.41916e+06	1420.000000	2.45675e+06	1420.000000	2.46454e+06	1420.000000	13456.4   	1420.000000	7857.98   	1420.000000	4868.02   	1420.000000	4308.87   	1420.000000	5983.03
1440.000000	2.51829e+06	1440.000000	2.46331e+06	1440.000000	2.50155e+06	1440.000000	2.5095e+06	1440.000000	13632.5   	1440.000000	7994.63   	1440.000000	4935.94   	1440.000000	4374.58   	1440.000000	6077.69
1460.000000	2.56369e+06	1460.000000	2.50752e+06	1460.000000	2.54641e+06	1460.000000	2.55451e+06	1460.000000	13807.5   	1460.000000	8131.53   	1460.000000	5003.51   	1460.000000	4440.08   	1460.000000	6172.1
1480.000000	2.60913e+06	1480.000000	2.55177e+06	1480.000000	2.59134e+06	1480.000000	2.59959e+06	1480.000000	13981.4   	1480.000000	8268.68   	1480.000000	5070.72   	1480.000000	4505.36   	1480.000000	6266.24
1500.000000	2.65462e+06	1500.000000	2.59608e+06	1500.000000	2.63632e+06	1500.000000	2.64472e+06	1500.000000	14154.2   	1500.000000	8406.09   	1500.000000	5137.59   	1500.000000	4570.42   	1500.000000	6360.11
1520.000000	2.70014e+06	1520.000000	2.64042e+06	1520.000000	2.68136e+06	1520.000000	2.68992e+06	1520.000000	14325.9   	1520.000000	8543.74   	1520.000000	5204.11   	1520.000000	4635.26   	1520.000000	6453.72
1540.000000	2.74569e+06	1540.000000	2.68481e+06	1540.000000	2.72645e+06	1540.000000	2.73516e+06	1540.000000	14496.5   	1540.000000	8681.64   	1540.000000	5270.28   	1540.000000	4699.88   	1540.000000	6547.06
1560.000000	2.79128e+06	1560.000000	2.72923e+06	1560.000000	2.77159e+06	1560.000000	2.78045e+06	1560.000000	14666.1   	1560.000000	8819.77   	1560.000000	5336.1    	1560.000000	4764.28   	1560.000000	6640.12
1580.000000	2.83688e+06	1580.000000	2.77369e+06	1580.000000	2.81678e+06	1580.000000	2.8258e+06	1580.000000	14834.5   	1580.000000	8958.12   	1580.000000	5401.59   	1580.000000	4828.45   	1580.000000	6732.92
1600.000000	2.88251e+06	1600.000000	2.81818e+06	1600.000000	2.86202e+06	1600.000000	2.87118e+06	1600.000000	15002     	1600.000000	9096.7    	1600.000000	5466.73   	1600.000000	4892.4    	1600.000000	6825.43
1620.000000	2.92816e+06	1620.000000	2.8627e+06	1620.000000	2.9073e+06	1620.000000	2.91662e+06	1620.000000	15168.4   	1620.000000	9235.49   	1620.000000	5531.54   	1620.000000	4956.13   	1620.000000	6917.66
1640.000000	2.97382e+06	1640.000000	2.90724e+06	1640.000000	2.95262e+06	1640.000000	2.96209e+06	1640.000000	15333.8   	1640.000000	9374.47   	1640.000000	5596.01   	1640.000000	5019.63   	1640.000000	7009.62
1660.000000	3.0195e+06	1660.000000	2.95181e+06	1660.000000	2.99799e+06	1660.000000	3.00761e+06	1660.000000	15498.1   	1660.000000	9513.66   	1660.000000	5660.14   	1660.000000	5082.91   	1660.000000	7101.29
1680.000000	3.06518e+06	1680.000000	2.9964e+06	1680.000000	3.04339e+06	1680.000000	3.05316e+06	1680.000000	15661.4   	1680.000000	9653.03   	1680.000000	5723.94   	1680.000000	5145.96   	1680.000000	7192.67
1700.000000	3.11087e+06	1700.000000	3.04101e+06	1700.000000	3.08882e+06	1700.000000	3.09875e+06	1700.000000	15823.8   	1700.000000	9792.6    	1700.000000	5787.42   	1700.000000	5208.79   	1700.000000	7283.78
1750.000000	3.2251e+06	1750.000000	3.15261e+06	1750.000000	3.20255e+06	1750.000000	3.21286e+06	1750.000000	16225.3   	1750.000000	10142.3   	1750.000000	5944.68   	1750.000000	5364.88   	1750.000000	7510.29
1800.000000	3.33932e+06	1800.000000	3.26428e+06	1800.000000	3.31647e+06	1800.000000	3.32717e+06	1800.000000	16620.8   	1800.000000	10493.3   	1800.000000	6099.94   	1800.000000	5519.56   	1800.000000	7735.01
1850.000000	3.45348e+06	1850.000000	3.37599e+06	1850.000000	3.43056e+06	1850.000000	3.44165e+06	1850.000000	17010.5   	1850.000000	10845.4   	1850.000000	6253.23   	1850.000000	5672.85   	1850.000000	7957.94
1900.000000	3.56755e+06	1900.000000	3.48772e+06	1900.000000	3.54479e+06	1900.000000	3.55627e+06	1900.000000	17394.5   	1900.000000	11198.9   	1900.000000	6404.61   	1900.000000	5824.75   	1900.000000	8179.09
1950.000000	3.68149e+06	1950.000000	3.59944e+06	1950.000000	3.65914e+06	1950.000000	3.67101e+06	1950.000000	17772.9   	1950.000000	11553.7   	1950.000000	6554.11   	1950.000000	5975.28   	1950.000000	8398.45
2000.000000	3.79527e+06	2000.000000	3.71113e+06	2000.000000	3.77361e+06	2000.000000	3.78586e+06	2000.000000	18146     	2000.000000	11909.8   	2000.000000	6701.77   	2000.000000	6124.45   	2000.000000	8616.04
2100.000000	4.02227e+06	2100.000000	3.9343e+06	2100.000000	4.0028e+06	2100.000000	4.01582e+06	2100.000000	18876.7   	2100.000000	12626     	2100.000000	6991.75   	2100.000000	6418.74   	2100.000000	9045.91
2200.000000	4.24833e+06	2200.000000	4.15708e+06	2200.000000	4.23224e+06	2200.000000	4.24602e+06	2200.000000	19587.6   	2200.000000	13347.2   	2200.000000	7274.85   	2200.000000	6707.75   	2200.000000	9468.82
2300.000000	4.47328e+06	2300.000000	4.37934e+06	2300.000000	4.46184e+06	2300.000000	4.47638e+06	2300.000000	20279.8   	2300.000000	14073.4   	2300.000000	7551.39   	2300.000000	6991.6    	2300.000000	9884.87
2400.000000	4.69699e+06	2400.000000	4.60096e+06	2400.000000	4.69151e+06	2400.000000	4.7068e+06	2400.000000	20954.1   	2400.000000	14804.4   	2400.000000	7821.66   	2400.000000	7270.43   	2400.000000	10294.2
2500.000000	4.91931e+06	2500.000000	4.82183e+06	2500.000000	4.92118e+06	2500.000000	4.93723e+06	2500.000000	21611.6   	2500.000000	15539.9   	2500.000000	8085.92   	2500.000000	7544.36   	2500.000000	10697
2600.000000	5.14015e+06	2600.000000	5.04187e+06	2600.000000	5.15079e+06	2600.000000	5.1676e+06	2600.000000	22253.1   	2600.000000	16279.8   	2600.000000	8344.45   	2600.000000	7813.53   	2600.000000	11093.3
2700.000000	5.35941e+06	2700.000000	5.26102e+06	2700.000000	5.38029e+06	2700.000000	5.39786e+06	2700.000000	22879.4   	2700.000000	17024     	2700.000000	8597.51   	2700.000000	8078.09   	2700.000000	11483.4
2800.000000	5.57701e+06	2800.000000	5.47919e+06	2800.000000	5.60965e+06	2800.000000	5.62797e+06	2800.000000	23491.2   	2800.000000	17772.5   	2800.000000	8845.33   	2800.000000	8338.19   	2800.000000	11867.3
2900.000000	5.7929e+06	2900.000000	5.69635e+06	2900.000000	5.83882e+06	2900.000000	5.8579e+06	2900.000000	24089.3   	2900.000000	18525.3   	2900.000000	9088.15   	2900.000000	8593.94   	2900.000000	12245.4
3000.000000	6.00701e+06	3000.000000	5.91244e+06	3000.000000	6.06777e+06	3000.000000	6.08762e+06	3000.000000	24674.3   	3000.000000	19282.3   	3000.000000	9326.19   	3000.000000	8845.51   	3000.000000	12617.7
3200.000000	6.42975e+06	3200.000000	6.34127e+06	3200.000000	6.52496e+06	3200.000000	6.54631e+06	3200.000000	25807.6   	3200.000000	20809     	3200.000000	9788.75   	3200.000000	9336.6    	3200.000000	13345.7
3400.000000	6.84496e+06	3400.000000	6.76545e+06	3400.000000	6.98106e+06	3400.000000	7.0039e+06	3400.000000	26895.6   	3400.000000	22352.5   	3400.000000	10234.5   	3400.000000	9812.47   	3400.000000	14052.7
3600.000000	7.25248e+06	3600.000000	7.1848e+06	3600.000000	7.43597e+06	3600.000000	7.46028e+06	3600.000000	27942.3   	3600.000000	23913     	3600.000000	10664.9   	3600.000000	10274.1   	3600.000000	14739.9
3800.000000	7.65224e+06	3800.000000	7.59923e+06	3800.000000	7.88959e+06	3800.000000	7.91537e+06	3800.000000	28951.1   	3800.000000	25490.3   	3800.000000	11081     	3800.000000	10722.3   	3800.000000	15408.4
4000.000000	8.0442e+06	4000.000000	8.00866e+06	4000.000000	8.3419e+06	4000.000000	8.36912e+06	4000.000000	29925.1   	4000.000000	27084.4   	4000.000000	11484.1   	4000.000000	11158     	4000.000000	16059.3
4200.000000	8.42841e+06	4200.000000	8.41306e+06	4200.000000	8.79286e+06	4200.000000	8.82151e+06	4200.000000	30866.9   	4200.000000	28695.1   	4200.000000	11875     	4200.000000	11581.9   	4200.000000	16693.6
4400.000000	8.80493e+06	4400.000000	8.81245e+06	4400.000000	9.24245e+06	4400.000000	9.27252e+06	4400.000000	31779     	4400.000000	30322.3   	4400.000000	12254.7   	4400.000000	11994.7   	4400.000000	17312.3
4600.000000	9.17384e+06	4600.000000	9.20683e+06	4600.000000	9.69068e+06	4600.000000	9.72215e+06	4600.000000	32663.5   	4600.000000	31965.7   	4600.000000	12623.9   	4600.000000	12397.1   	4600.000000	17916.3
4800.000000	9.53527e+06	4800.000000	9.59625e+06	4800.000000	1.01375e+07	4800.000000	1.01704e+07	4800.000000	33522.4   	4800.000000	33625.1   	4800.000000	12983.4   	4800.000000	12789.7   	4800.000000	18506.3
5000.000000	9.88934e+06	5000.000000	9.98076e+06	5000.000000	1.05831e+07	5000.000000	1.06173e+07	5000.000000	34357.3   	5000.000000	35300.4   	5000.000000	13333.9   	5000.000000	13173     	5000.000000	19083.1
5250.000000	1.03218e+07	5250.000000	1.04546e+07	5250.000000	1.11381e+07	5250.000000	1.1174e+07	5250.000000	35369.7   	5250.000000	37416.2   	5250.000000	13760.1   	5250.000000	13639.9   	5250.000000	19786.7
5500.000000	1.07433e+07	5500.000000	1.0921e+07	5500.000000	1.1691e+07	5500.000000	1.17287e+07	5500.000000	36350     	5500.000000	39556     	5500.000000	14174.2   	5500.000000	14094     	5500.000000	20472
6000.000000	1.15546e+07	6000.000000	1.1832e+07	6000.000000	1.2791e+07	6000.000000	1.2832e+07	6000.000000	38223.3   	6000.000000	43905.7   	6000.000000	14969.4   	6000.000000	14967.2   	6000.000000	21792.4
6500.000000	1.23257e+07	6500.000000	1.27151e+07	6500.000000	1.38834e+07	6500.000000	1.39277e+07	6500.000000	39993.6   	6500.000000	48346.3   	6500.000000	15726     	6500.000000	15798.5   	6500.000000	23052.5
7000.000000	1.30592e+07	7000.000000	1.35716e+07	7000.000000	1.49685e+07	7000.000000	1.50161e+07	7000.000000	41674.2   	7000.000000	52876.4   	7000.000000	16449.2   	7000.000000	16593     	7000.000000	24259.2
7500.000000	1.37575e+07	7500.000000	1.44029e+07	7500.000000	1.60468e+07	7500.000000	1.60976e+07	7500.000000	43275.8   	7500.000000	57489.1   	7500.000000	17143.3   	7500.000000	17354.7   	7500.000000	25418.4
8000.000000	1.44229e+07	8000.000000	1.52102e+07	8000.000000	1.71187e+07	8000.000000	1.71726e+07	8000.000000	44807.3   	8000.000000	62182.6   	8000.000000	17811.9   	8000.000000	18087.1   	8000.000000	26535.1
8500.000000	1.50575e+07	8500.000000	1.59947e+07	8500.000000	1.81844e+07	8500.000000	1.82415e+07	8500.000000	46276.1   	8500.000000	66959.2   	8500.000000	18458.1   	8500.000000	18793.5   	8500.000000	27613.5
9000.000000	1.56633e+07	9000.000000	1.67576e+07	9000.000000	1.92444e+07	9000.000000	1.93045e+07	9000.000000	47688.7   	9000.000000	71817.3   	9000.000000	19084.4   	9000.000000	19476.2   	9000.000000	28657.4
9500.000000	1.62421e+07	9500.000000	1.75e+07  	9500.000000	2.0299e+07	9500.000000	2.03621e+07	9500.000000	49050.2   	9500.000000	76754.3   	9500.000000	19693     	9500.000000	20137.7   	9500.000000	29670
10000.000000	1.67958e+07	10000.000000	1.8223e+07	10000.000000	2.13483e+07	10000.000000	2.14145e+07	10000.000000	50365.2   	10000.000000	81768.3   	10000.000000	20285.7   	10000.000000	20779.9   	10000.000000	30654.3
11000.000000	1.78337e+07	11000.000000	1.96142e+07	11000.000000	2.34325e+07	11000.000000	2.35046e+07	11000.000000	52871.4   	11000.000000	92021.1   	11000.000000	21429.7   	11000.000000	22013.1   	11000.000000	32547.1
12000.000000	1.87883e+07	12000.000000	2.09383e+07	12000.000000	2.5499e+07	12000.000000	2.55769e+07	12000.000000	55233.7   	12000.000000	102566    	12000.000000	22527.2   	12000.000000	23187.5   	12000.000000	34352.7
13000.000000	1.96692e+07	13000.000000	2.22015e+07	13000.000000	2.75494e+07	13000.000000	2.76328e+07	13000.000000	57472.5   	13000.000000	113391    	13000.000000	23586.1   	13000.000000	24312.2   	13000.000000	36084.4
14000.000000	2.04847e+07	14000.000000	2.3409e+07	14000.000000	2.95849e+07	14000.000000	2.96738e+07	14000.000000	59603.7   	14000.000000	124483    	14000.000000	24612.8   	14000.000000	25394.5   	14000.000000	37752.8
15000.000000	2.12417e+07	15000.000000	2.45657e+07	15000.000000	3.16068e+07	15000.000000	3.17011e+07	15000.000000	61640.1   	15000.000000	135826    	15000.000000	25612.1   	15000.000000	26440.2   	15000.000000	39366.5
16000.000000	2.19464e+07	16000.000000	2.56756e+07	16000.000000	3.36161e+07	16000.000000	3.37158e+07	16000.000000	63592.5   	16000.000000	147412    	16000.000000	26588     	16000.000000	27454.2   	16000.000000	40932.5
17000.000000	2.26041e+07	17000.000000	2.67425e+07	17000.000000	3.56136e+07	17000.000000	3.57187e+07	17000.000000	65469.9   	17000.000000	159237    	17000.000000	27543.6   	17000.000000	28440.3   	17000.000000	42456.8
18000.000000	2.32193e+07	18000.000000	2.77697e+07	18000.000000	3.76004e+07	18000.000000	3.77106e+07	18000.000000	67279.8   	18000.000000	171296    	18000.000000	28481.4   	18000.000000	29402     	18000.000000	43944.4
19000.000000	2.37959e+07	19000.000000	2.87599e+07	19000.000000	3.9577e+07	19000.000000	3.96923e+07	19000.000000	69028.6   	19000.000000	183586    	19000.000000	29403.5   	19000.000000	30342.1   	19000.000000	45399.3
20000.000000	2.43377e+07	20000.000000	2.9716e+07	20000.000000	4.15442e+07	20000.000000	4.16645e+07	20000.000000	70722     	20000.000000	196102    	20000.000000	30311.8   	20000.000000	31262.8   	20000.000000	46825.3
21000.000000	2.48475e+07	21000.000000	3.06401e+07	21000.000000	4.35025e+07	21000.000000	4.36276e+07	21000.000000	72364.5   	21000.000000	208840    	21000.000000	31207.5   	21000.000000	32166.2   	21000.000000	48225.1
22000.000000	2.53282e+07	22000.000000	3.15344e+07	22000.000000	4.54525e+07	22000.000000	4.55823e+07	22000.000000	73960.1   	22000.000000	221783    	22000.000000	32091.7   	22000.000000	33053.9   	22000.000000	49601.4
23000.000000	2.57822e+07	23000.000000	3.24008e+07	23000.000000	4.73945e+07	23000.000000	4.75289e+07	23000.000000	75512.4   	23000.000000	234923    	23000.000000	32965.4   	23000.000000	33927.4   	23000.000000	50956.3
24000.000000	2.62116e+07	24000.000000	3.32411e+07	24000.000000	4.93289e+07	24000.000000	4.94679e+07	24000.000000	77024.3   	24000.000000	248265    	24000.000000	33829.4   	24000.000000	34787.8   	24000.000000	52291.6
25000.000000	2.66184e+07	25000.000000	3.40567e+07	25000.000000	5.12562e+07	25000.000000	5.13997e+07	25000.000000	78499     	25000.000000	261801    	25000.000000	34684.4   	25000.000000	35636.3   	25000.000000	53609.1
26000.000000	2.70043e+07	26000.000000	3.48492e+07	26000.000000	5.31768e+07	26000.000000	5.33246e+07	26000.000000	79938.8   	26000.000000	275520    	26000.000000	35530.8   	26000.000000	36473.7   	26000.000000	54910
27000.000000	2.73708e+07	27000.000000	3.56199e+07	27000.000000	5.50908e+07	27000.000000	5.52429e+07	27000.000000	81346.1   	27000.000000	289421    	27000.000000	36369.3   	27000.000000	37300.8   	27000.000000	56195.7
28000.000000	2.77195e+07	28000.000000	3.63699e+07	28000.000000	5.69988e+07	28000.000000	5.7155e+07	28000.000000	82722.7   	28000.000000	303500    	28000.000000	37200     	28000.000000	38118.5   	28000.000000	57467.2
29000.000000	2.80514e+07	29000.000000	3.71004e+07	29000.000000	5.89008e+07	29000.000000	5.90611e+07	29000.000000	84070.7   	29000.000000	317757    	29000.000000	38023.6   	29000.000000	38927.2   	29000.000000	58725.6
30000.000000	2.83679e+07	30000.000000	3.78123e+07	30000.000000	6.07972e+07	30000.000000	6.09615e+07	30000.000000	85391.5   	30000.000000	332188    	30000.000000	38840.1   	30000.000000	39727.6   	30000.000000	59971.5
32000.000000	2.89584e+07	32000.000000	3.91844e+07	32000.000000	6.45741e+07	32000.000000	6.4746e+07	32000.000000	87958     	32000.000000	361562    	32000.000000	40453     	32000.000000	41304.9   	32000.000000	62428.9
34000.000000	2.94984e+07	34000.000000	4.04928e+07	34000.000000	6.8331e+07	34000.000000	6.85101e+07	34000.000000	90432.4   	34000.000000	391606    	34000.000000	42040.5   	34000.000000	42853.6   	34000.000000	64844.4
36000.000000	2.99939e+07	36000.000000	4.17434e+07	36000.000000	7.20693e+07	36000.000000	7.22555e+07	36000.000000	92823.6   	36000.000000	422293    	36000.000000	43603.8   	36000.000000	44376.1   	36000.000000	67221.7
38000.000000	3.04501e+07	38000.000000	4.29411e+07	38000.000000	7.57905e+07	38000.000000	7.59832e+07	38000.000000	95139.3   	38000.000000	453591    	38000.000000	45143.3   	38000.000000	45874.1   	38000.000000	69563.5
40000.000000	3.08714e+07	40000.000000	4.40905e+07	40000.000000	7.94956e+07	40000.000000	7.96945e+07	40000.000000	97385.9   	40000.000000	485468    	40000.000000	46659.9   	40000.000000	47349.2   	40000.000000	71872.2
42000.000000	3.12616e+07	42000.000000	4.51953e+07	42000.000000	8.31857e+07	42000.000000	8.33904e+07	42000.000000	99569.3   	42000.000000	517902    	42000.000000	48154.4   	42000.000000	48802.7   	42000.000000	74149.8
44000.000000	3.16239e+07	44000.000000	4.62589e+07	44000.000000	8.68616e+07	44000.000000	8.70718e+07	44000.000000	101694    	44000.000000	550875    	44000.000000	49627.4   	44000.000000	50235.8   	44000.000000	76398.1
46000.000000	3.19611e+07	46000.000000	4.72845e+07	46000.000000	9.05243e+07	46000.000000	9.07395e+07	46000.000000	103765    	46000.000000	584375    	46000.000000	51079.4   	46000.000000	51649.3   	46000.000000	78618.3
48000.000000	3.22757e+07	48000.000000	4.82746e+07	48000.000000	9.41743e+07	48000.000000	9.43942e+07	48000.000000	105786    	48000.000000	618389    	48000.000000	52510.8   	48000.000000	53044     	48000.000000	80811.6
50000.000000	3.25698e+07	50000.000000	4.92318e+07	50000.000000	9.78124e+07	50000.000000	9.80365e+07	50000.000000	107759    	50000.000000	652905    	50000.000000	53922.2   	50000.000000	54420.5   	50000.000000	82979
