*Energy (MeV/u)1	0 - [He-base] F.Hubert et al, AD&ND Tables 46(1990)1	Energy (MeV/u)2	1 - [H -base] J.F.Ziegler et al, Pergamon Press, NY (low energy)	Energy (MeV/u)3	2 - ATIMA 1.2  LS-theory (recommended for high energy)	Energy (MeV/u)4	3 - ATIMA 1.2  without LS-correction	Energy (MeV/u)5	4 - Range straggling - method [0] - LISE	Energy (MeV/u)6	5 - Range straggling - method [1] - Atima	Energy (MeV/u)7	6 - Lateral range - method [0] - LISE	Energy (MeV/u)8	7 - Lateral range - method [1] - Atima	Energy (MeV/u)9	8 - Lateral range - method [2] - PDG	
0.001000	0.0849777 	0.001000	0.0849777 	0.001000	0.0647173 	0.001000	0.0647173 	0.001000	0         	0.001000	0         	0.001000	0.000184111	0.001000	0.000289313	0.001000	0.000138395
0.002000	0.171747  	0.002000	0.169955  	0.002000	0.129435  	0.002000	0.129435  	0.002000	0.011176  	0.002000	0.011176  	0.002000	0.000539165	0.002000	0.000818496	0.002000	0.000420839
0.005000	0.359198  	0.005000	0.353535  	0.005000	0.267761  	0.005000	0.267761  	0.005000	0.0125608 	0.005000	0.0125608 	0.005000	0.00156335	0.005000	0.00232133	0.005000	0.00124699
0.008000	0.502317  	0.008000	0.493697  	0.008000	0.372738  	0.008000	0.372738  	0.008000	0.0125946 	0.008000	0.0125946 	0.008000	0.00252048	0.008000	0.00369675	0.008000	0.00203322
0.010000	0.585049  	0.010000	0.574721  	0.010000	0.433294  	0.010000	0.433294  	0.010000	0.0127015 	0.010000	0.0127015 	0.010000	0.00314327	0.010000	0.00458358	0.010000	0.00254861
0.015000	0.757746  	0.015000	0.743852  	0.015000	0.564851  	0.015000	0.564851  	0.015000	0.0132021 	0.015000	0.0132021 	0.015000	0.00467807	0.015000	0.00675192	0.015000	0.00382665
0.020000	0.896999  	0.020000	0.880228  	0.020000	0.678074  	0.020000	0.678074  	0.020000	0.0138414 	0.020000	0.0138414 	0.020000	0.00619392	0.020000	0.00887642	0.020000	0.00509664
0.025000	1.01627   	0.025000	0.99704   	0.025000	0.779295  	0.025000	0.779295  	0.025000	0.0144999 	0.025000	0.0144999 	0.025000	0.00770538	0.025000	0.0109825 	0.025000	0.00636844
0.030000	1.12246   	0.030000	1.10103   	0.030000	0.872507  	0.030000	0.872507  	0.030000	0.0151484 	0.030000	0.0151484 	0.030000	0.00923081	0.030000	0.0130973 	0.030000	0.00765677
0.035000	1.21958   	0.035000	1.19615   	0.035000	0.96044   	0.035000	0.96044   	0.035000	0.0157881 	0.035000	0.0157881 	0.035000	0.0107868 	0.035000	0.0152439 	0.035000	0.00897552
0.040000	1.31026   	0.040000	1.28495   	0.040000	1.0445    	0.040000	1.0445    	0.040000	0.0164176 	0.040000	0.0164176 	0.040000	0.0123811 	0.040000	0.0174337 	0.040000	0.0103311
0.045000	1.39627   	0.045000	1.36918   	0.045000	1.12569   	0.045000	1.12569   	0.045000	0.017039  	0.045000	0.017039  	0.045000	0.014022  	0.045000	0.0196779 	0.045000	0.0117302
0.050000	1.47888   	0.050000	1.45009   	0.050000	1.20474   	0.050000	1.20474   	0.050000	0.0176556 	0.050000	0.0181088 	0.050000	0.0157108 	0.050000	0.0219785 	0.050000	0.013174
0.055000	1.55905   	0.055000	1.52861   	0.055000	1.28224   	0.055000	1.28224   	0.055000	0.0182709 	0.055000	0.0193551 	0.055000	0.0174547 	0.055000	0.0243454 	0.055000	0.0146688
0.060000	1.63751   	0.060000	1.60544   	0.060000	1.35862   	0.060000	1.35862   	0.060000	0.0188885 	0.060000	0.0205237 	0.060000	0.0190926 	0.060000	0.0265637 	0.060000	0.0160746
0.070000	1.79143   	0.070000	1.75618   	0.070000	1.50945   	0.070000	1.50945   	0.070000	0.0201431 	0.070000	0.0227109 	0.070000	0.0220582 	0.070000	0.0304891 	0.070000	0.0186243
0.080000	1.94393   	0.080000	1.90554   	0.080000	1.65944   	0.080000	1.65944   	0.080000	0.0214422 	0.080000	0.0247864 	0.080000	0.0247947 	0.080000	0.0337973 	0.080000	0.020983
0.090000	2.09718   	0.090000	2.05562   	0.090000	1.81013   	0.090000	1.81013   	0.090000	0.0228043 	0.090000	0.0268184 	0.090000	0.0273951 	0.090000	0.0368839 	0.090000	0.0232311
0.100000	2.25263   	0.100000	2.20786   	0.100000	1.96265   	0.100000	1.96265   	0.100000	0.0242446 	0.100000	0.0288504 	0.100000	0.029834  	0.100000	0.0397327 	0.100000	0.0253467
0.120000	2.57376   	0.120000	2.52236   	0.120000	2.2763    	0.120000	2.2763    	0.120000	0.0274061 	0.120000	0.033024  	0.120000	0.0345157 	0.120000	0.0451044 	0.120000	0.0294253
0.140000	2.91202   	0.140000	2.85363   	0.140000	2.60489   	0.140000	2.60489   	0.140000	0.0309958 	0.140000	0.0374523 	0.140000	0.0389802 	0.140000	0.0501472 	0.140000	0.0333372
0.160000	3.26945   	0.160000	3.20368   	0.160000	2.95092   	0.160000	2.95092   	0.160000	0.0350507 	0.160000	0.0422053 	0.160000	0.0432764 	0.160000	0.0549535 	0.160000	0.0371233
0.180000	3.64675   	0.180000	3.57319   	0.180000	3.31573   	0.180000	3.31573   	0.180000	0.0395835 	0.180000	0.0473117 	0.180000	0.0474477 	0.180000	0.059581  	0.180000	0.0408191
0.200000	4.04395   	0.200000	3.96219   	0.200000	3.69991   	0.200000	3.69991   	0.200000	0.0445901 	0.200000	0.0527753 	0.200000	0.0514592 	0.200000	0.0640316 	0.200000	0.0443945
0.250000	5.1218    	0.250000	5.01777   	0.250000	4.74546   	0.250000	4.74546   	0.250000	0.0590681 	0.250000	0.0679115 	0.250000	0.0619679 	0.250000	0.0756349 	0.250000	0.0538132
0.300000	6.31512   	0.300000	6.18645   	0.300000	5.90911   	0.300000	5.90911   	0.300000	0.076068  	0.300000	0.0849019 	0.300000	0.0728447 	0.300000	0.0876227 	0.300000	0.0636428
0.350000	7.61717   	0.350000	7.46161   	0.350000	7.18453   	0.350000	7.18453   	0.350000	0.0952582 	0.350000	0.103432  	0.350000	0.0838968 	0.350000	0.0998049 	0.350000	0.0737093
0.400000	9.02251   	0.400000	8.83792   	0.400000	8.56541   	0.400000	8.56541   	0.400000	0.116381  	0.400000	0.123256  	0.400000	0.0955183 	0.400000	0.112587  	0.400000	0.0843464
0.450000	10.5268   	0.450000	10.3112   	0.450000	10.0463   	0.450000	10.0463   	0.450000	0.139249  	0.450000	0.1442    	0.450000	0.107532  	0.450000	0.12579   	0.450000	0.0953956
0.500000	12.1268   	0.500000	11.8781   	0.500000	11.6228   	0.500000	11.6228   	0.500000	0.163735  	0.500000	0.166144  	0.500000	0.12002   	0.500000	0.139479  	0.500000	0.106922
0.600000	15.6025   	0.600000	15.2821   	0.600000	15.0483   	0.600000	15.0483   	0.600000	0.217208  	0.600000	0.21273   	0.600000	0.146184  	0.600000	0.168095  	0.600000	0.131191
0.700000	19.4322   	0.700000	19.0326   	0.700000	18.8196   	0.700000	18.8196   	0.700000	0.27632   	0.700000	0.262607  	0.700000	0.174064  	0.700000	0.19842   	0.700000	0.157171
0.800000	23.6023   	0.800000	23.1166   	0.800000	22.9205   	0.800000	22.9205   	0.800000	0.340792  	0.800000	0.315557  	0.800000	0.203687  	0.800000	0.230444  	0.800000	0.184869
0.900000	28.102    	0.900000	27.5233   	0.900000	27.3388   	0.900000	27.3388   	0.900000	0.410441  	0.900000	0.371453  	0.900000	0.234961  	0.900000	0.26408   	0.900000	0.214195
1.000000	32.9222   	1.000000	32.244    	1.000000	32.065    	1.000000	32.065    	1.000000	0.485135  	1.000000	0.430203  	1.000000	0.267982  	1.000000	0.299357  	1.000000	0.24522
1.250000	46.3266   	1.250000	45.3716   	1.250000	45.1774   	1.250000	45.1774   	1.250000	0.693305  	1.250000	0.590902  	1.250000	0.357802  	1.250000	0.3944    	1.250000	0.329857
1.500000	61.5892   	1.500000	60.319    	1.500000	60.0694   	1.500000	60.0694   	1.500000	0.93115   	1.500000	0.778676  	1.500000	0.457269  	1.500000	0.499027  	1.500000	0.424545
1.750000	78.6336   	1.750000	77.0113   	1.750000	76.6691   	1.750000	76.6691   	1.750000	1.19773   	1.750000	0.989044  	1.750000	0.566743  	1.750000	0.612882  	1.750000	0.529024
2.000000	97.3979   	2.000000	95.3881   	2.000000	94.9198   	2.000000	94.9198   	2.000000	1.49225   	2.000000	1.21835   	2.000000	0.686205  	2.000000	0.735617  	2.000000	0.643025
2.250000	117.83    	2.250000	115.399   	2.250000	114.774   	2.250000	114.774   	2.250000	1.81406   	2.250000	1.46459   	2.250000	0.815403  	2.250000	0.866949  	2.250000	0.76633
2.500000	139.887   	2.500000	137       	2.500000	136.193   	2.500000	136.193   	2.500000	2.16258   	2.500000	1.72651   	2.500000	0.954106  	2.500000	1.00662   	2.500000	0.897026
3.000000	187.773   	3.000000	184.827   	3.000000	183.588   	3.000000	183.588   	3.000000	2.93771   	3.000000	2.29426   	3.000000	1.25636   	3.000000	1.31004   	3.000000	1.18312
3.500000	241.564   	3.500000	238.617   	3.500000	236.872   	3.500000	236.872   	3.500000	3.81411   	3.500000	2.91696   	3.500000	1.59429   	3.500000	1.64433   	3.500000	1.50511
4.000000	301.111   	4.000000	298.167   	4.000000	295.858   	4.000000	295.858   	4.000000	4.78888   	4.000000	3.59152   	4.000000	1.96772   	4.000000	2.00761   	4.000000	1.86117
4.500000	366.286   	4.500000	363.306   	4.500000	360.389   	4.500000	360.389   	4.500000	5.85956   	4.500000	4.31568   	4.500000	2.37529   	4.500000	2.39744   	4.500000	2.25001
5.000000	436.981   	5.000000	433.89    	5.000000	430.332   	5.000000	430.332   	5.000000	7.02401   	5.000000	5.0876    	5.000000	2.81591   	5.000000	2.81531   	5.000000	2.67061
5.500000	513.1     	5.500000	509.792   	5.500000	505.569   	5.500000	505.569   	5.500000	8.28037   	5.500000	5.90577   	5.500000	3.28872   	5.500000	3.26021   	5.500000	3.12215
6.000000	594.557   	6.000000	590.902   	6.000000	586       	6.000000	586       	6.000000	9.62701   	6.000000	6.7689    	6.000000	3.79299   	6.000000	3.73131   	6.000000	3.60393
6.500000	681.274   	6.500000	677.121   	6.500000	671.531   	6.500000	671.531   	6.500000	11.0624   	6.500000	7.67587   	6.500000	4.3281    	6.500000	4.22793   	6.500000	4.11537
7.000000	773.181   	7.000000	768.36    	7.000000	762.081   	7.000000	762.081   	7.000000	12.5853   	7.000000	8.62569   	7.000000	4.8935    	7.000000	4.74943   	7.000000	4.65594
7.500000	870.213   	7.500000	864.54    	7.500000	857.575   	7.500000	857.575   	7.500000	14.1945   	7.500000	9.61744   	7.500000	5.4887    	7.500000	5.29527   	7.500000	5.22515
8.000000	972.31    	8.000000	965.586   	8.000000	957.945   	8.000000	957.945   	8.000000	15.8887   	8.000000	10.6504   	8.000000	6.11325   	8.000000	5.86498   	8.000000	5.8226
8.500000	1079.42   	8.500000	1071.43   	8.500000	1063.13   	8.500000	1063.13   	8.500000	17.6671   	8.500000	11.7238   	8.500000	6.76675   	8.500000	6.45812   	8.500000	6.4479
9.000000	1191.48   	9.000000	1182.01   	9.000000	1173.06   	9.000000	1173.06   	9.000000	19.5286   	9.000000	12.8371   	9.000000	7.44884   	9.000000	7.07428   	9.000000	7.10069
9.500000	1308.45   	9.500000	1297.28   	9.500000	1287.7    	9.500000	1287.7    	9.500000	21.4725   	9.500000	13.9894   	9.500000	8.15917   	9.500000	7.7131    	9.500000	7.78066
10.000000	1430.28   	10.000000	1417.15   	10.000000	1406.99   	10.000000	1406.99   	10.000000	23.4977   	10.000000	15.18     	10.000000	8.89743   	10.000000	8.37424   	10.000000	8.4875
11.000000	1688.35   	11.000000	1669.53   	11.000000	1659.56   	11.000000	1659.56   	11.000000	27.8005   	11.000000	17.6803   	11.000000	10.4586   	11.000000	9.76399   	11.000000	9.98267
12.000000	1965.36   	12.000000	1939.99   	12.000000	1930.72   	12.000000	1930.71   	12.000000	32.4435   	12.000000	20.3425   	12.000000	12.1333   	12.000000	11.2437   	12.000000	11.587
13.000000	2261.01   	13.000000	2228.35   	13.000000	2220.24   	13.000000	2220.23   	13.000000	37.4233   	13.000000	23.1638   	13.000000	13.9207   	13.000000	12.8125   	13.000000	13.2999
14.000000	2575.03   	14.000000	2534.43   	14.000000	2527.94   	14.000000	2527.93   	14.000000	42.7374   	14.000000	26.1409   	14.000000	15.8202   	14.000000	14.4695   	14.000000	15.1208
15.000000	2907.15   	15.000000	2858.04   	15.000000	2853.66   	15.000000	2853.65   	15.000000	48.3841   	15.000000	29.2737   	15.000000	17.8313   	15.000000	16.2137   	15.000000	17.0491
16.000000	3257.15   	16.000000	3199.02   	16.000000	3197.24   	16.000000	3197.23   	16.000000	54.3621   	16.000000	32.5615   	16.000000	19.9535   	16.000000	18.0446   	16.000000	19.0845
17.000000	3624.79   	17.000000	3557.21   	17.000000	3558.56   	17.000000	3558.57   	17.000000	60.6699   	17.000000	36.0016   	17.000000	22.1863   	17.000000	19.9615   	17.000000	21.2266
18.000000	4009.87   	18.000000	3932.43   	18.000000	3937.51   	18.000000	3937.54   	18.000000	67.3069   	18.000000	39.5927   	18.000000	24.5294   	18.000000	21.9637   	18.000000	23.475
19.000000	4412.19   	19.000000	4324.55   	19.000000	4333.98   	19.000000	4334.04   	19.000000	74.2731   	19.000000	43.3347   	19.000000	26.9826   	19.000000	24.0509   	19.000000	25.8296
20.000000	4831.54   	20.000000	4733.42   	20.000000	4747.9    	20.000000	4748      	20.000000	81.5683   	20.000000	47.2274   	20.000000	29.5458   	20.000000	26.2227   	20.000000	28.2904
21.000000	5267.76   	21.000000	5158.88   	21.000000	5179.19   	21.000000	5179.33   	21.000000	89.1923   	21.000000	51.27     	21.000000	32.2186   	21.000000	28.4788   	21.000000	30.8572
22.000000	5720.68   	22.000000	5600.82   	22.000000	5627.78   	22.000000	5627.96   	22.000000	97.1451   	22.000000	55.4627   	22.000000	35.0011   	22.000000	30.8188   	22.000000	33.53
23.000000	6190.12   	23.000000	6059.08   	23.000000	6093.59   	23.000000	6093.82   	23.000000	105.427   	23.000000	59.8052   	23.000000	37.8932   	23.000000	33.2426   	23.000000	36.3088
24.000000	6675.92   	24.000000	6533.54   	24.000000	6576.56   	24.000000	6576.85   	24.000000	114.037   	24.000000	64.2962   	24.000000	40.8947   	24.000000	35.7497   	24.000000	39.1934
25.000000	7177.94   	25.000000	7024.09   	25.000000	7076.62   	25.000000	7077      	25.000000	122.974   	25.000000	68.9337   	25.000000	44.0055   	25.000000	38.3399   	25.000000	42.1838
27.000000	8230.04   	27.000000	8052.91   	27.000000	8127.77   	27.000000	8128.45   	27.000000	141.832   	27.000000	78.6485   	27.000000	50.5543   	27.000000	43.7687   	27.000000	48.4817
29.000000	9345.31   	29.000000	9144.62   	29.000000	9246.74   	29.000000	9247.76   	29.000000	162.005   	29.000000	88.958    	29.000000	57.5402   	29.000000	49.5281   	29.000000	55.2035
31.000000	10522.7   	31.000000	10298.3   	31.000000	10432.5   	31.000000	10433.9   	31.000000	183.459   	31.000000	99.8432   	31.000000	64.9569   	31.000000	55.6121   	31.000000	62.3438
33.000000	11761.2   	33.000000	11513.2   	33.000000	11680.6   	33.000000	11682.4   	33.000000	205.982   	33.000000	111.189   	33.000000	72.7648   	33.000000	61.9893   	33.000000	69.8652
35.000000	13059.9   	35.000000	12788.3   	35.000000	12989.5   	35.000000	12991.8   	35.000000	229.538   	35.000000	122.979   	35.000000	80.9494   	35.000000	68.6478   	35.000000	77.7543
38.000000	15119     	38.000000	14812.4   	38.000000	15065     	38.000000	15068     	38.000000	266.79    	38.000000	141.495   	38.000000	93.9123   	38.000000	79.1452   	38.000000	90.2591
41.000000	17308.9   	41.000000	16968     	41.000000	17272.6   	41.000000	17276.7   	41.000000	306.309   	41.000000	160.976   	41.000000	107.675   	41.000000	90.2343   	41.000000	103.548
44.000000	19626.9   	44.000000	19252.6   	44.000000	19610.2   	44.000000	19615.4   	44.000000	348.073   	44.000000	181.414   	44.000000	122.219   	44.000000	101.9     	44.000000	117.606
47.000000	22070.6   	47.000000	21664.1   	47.000000	22075.3   	47.000000	22081.7   	47.000000	392.043   	47.000000	202.795   	47.000000	137.527   	47.000000	114.127   	47.000000	132.417
50.000000	24637.8   	50.000000	24200.1   	50.000000	24665.9   	50.000000	24673.6   	50.000000	438.179   	50.000000	225.099   	50.000000	153.581   	50.000000	126.902   	50.000000	147.967
55.000000	29185     	55.000000	28698.2   	55.000000	29256.7   	55.000000	29266.5   	55.000000	519.772   	55.000000	264.282   	55.000000	181.958   	55.000000	149.381   	55.000000	175.491
60.000000	34060     	60.000000	33527.7   	60.000000	34181.2   	60.000000	34193.2   	60.000000	607.078   	60.000000	305.912   	60.000000	212.303   	60.000000	173.3     	60.000000	204.976
65.000000	39254.1   	65.000000	38680.1   	65.000000	39430.2   	65.000000	39445.4   	65.000000	699.877   	65.000000	349.861   	65.000000	244.546   	65.000000	198.606   	65.000000	236.366
70.000000	44759.5   	70.000000	44147.3   	70.000000	44996.5   	70.000000	45015     	70.000000	798.018   	70.000000	396.096   	70.000000	278.633   	70.000000	225.259   	70.000000	269.613
75.000000	50568.7   	75.000000	49921.7   	75.000000	50872.7   	75.000000	50894.7   	75.000000	901.336   	75.000000	444.511   	75.000000	314.509   	75.000000	253.221   	75.000000	304.674
80.000000	56675     	80.000000	55996     	80.000000	57051.7   	80.000000	57077.4   	80.000000	1009.66   	80.000000	495.075   	80.000000	352.123   	80.000000	282.452   	80.000000	341.505
85.000000	63071.8   	85.000000	62363.4   	85.000000	63526.9   	85.000000	63556.4   	85.000000	1122.84   	85.000000	547.732   	85.000000	391.424   	85.000000	312.918   	85.000000	380.063
90.000000	69752.9   	90.000000	69017.3   	90.000000	70291.9   	90.000000	70325.2   	90.000000	1240.71   	90.000000	602.396   	90.000000	432.363   	90.000000	344.585   	90.000000	420.309
95.000000	76712.7   	95.000000	75951.3   	95.000000	77340     	95.000000	77377.9   	95.000000	1363.1    	95.000000	658.964   	95.000000	474.887   	95.000000	377.415   	95.000000	462.197
100.000000	83945.6   	100.000000	83159.5   	100.000000	84665.2   	100.000000	84708.5   	100.000000	1489.87   	100.000000	717.391   	100.000000	518.951   	100.000000	411.377   	100.000000	505.69
105.000000	91446.5   	105.000000	90635.9   	105.000000	92262.7   	105.000000	92311.3   	105.000000	1620.9    	105.000000	777.683   	105.000000	564.515   	105.000000	446.446   	105.000000	550.756
110.000000	99210.2   	110.000000	98375.1   	110.000000	100127    	110.000000	100181    	110.000000	1756.07   	110.000000	839.787   	110.000000	611.538   	110.000000	482.591   	110.000000	597.359
115.000000	107232    	115.000000	106372    	115.000000	108252    	115.000000	108312    	115.000000	1895.24   	115.000000	903.644   	115.000000	659.978   	115.000000	519.786   	115.000000	645.466
120.000000	115508    	120.000000	114620    	120.000000	116634    	120.000000	116700    	120.000000	2038.3    	120.000000	969.165   	120.000000	709.795   	120.000000	558.004   	120.000000	695.042
125.000000	124033    	125.000000	123116    	125.000000	125268    	125.000000	125340    	125.000000	2185.11   	125.000000	1036.31   	125.000000	760.954   	125.000000	597.22    	125.000000	746.058
130.000000	132803    	130.000000	131854    	130.000000	134148    	130.000000	134226    	130.000000	2335.56   	130.000000	1105.09   	130.000000	813.414   	130.000000	637.407   	130.000000	798.479
135.000000	141814    	135.000000	140830    	135.000000	143270    	135.000000	143355    	135.000000	2489.55   	135.000000	1175.45   	135.000000	867.144   	135.000000	678.546   	135.000000	852.28
140.000000	151063    	140.000000	150039    	140.000000	152630    	140.000000	152721    	140.000000	2646.95   	140.000000	1247.32   	140.000000	922.102   	140.000000	720.609   	140.000000	907.424
145.000000	160545    	145.000000	159476    	145.000000	162223    	145.000000	162321    	145.000000	2807.63   	145.000000	1320.65   	145.000000	978.252   	145.000000	763.57    	145.000000	963.881
150.000000	170257    	150.000000	169138    	150.000000	172044    	150.000000	172151    	150.000000	2971.5    	150.000000	1395.42   	150.000000	1035.56   	150.000000	807.411   	150.000000	1021.62
155.000000	180333    	155.000000	179020    	155.000000	182091    	155.000000	182205    	155.000000	3138.5    	155.000000	1471.61   	155.000000	1094.01   	155.000000	852.113   	155.000000	1080.63
160.000000	190627    	160.000000	189118    	160.000000	192358    	160.000000	192481    	160.000000	3308.52   	160.000000	1549.19   	160.000000	1153.56   	160.000000	897.656   	160.000000	1140.87
165.000000	201131    	165.000000	199429    	165.000000	202843    	165.000000	202975    	165.000000	3481.47   	165.000000	1628.12   	165.000000	1214.18   	165.000000	944.019   	165.000000	1202.33
170.000000	211841    	170.000000	209948    	170.000000	213542    	170.000000	213682    	170.000000	3657.25   	170.000000	1708.37   	170.000000	1275.84   	170.000000	991.186   	170.000000	1264.97
175.000000	222754    	175.000000	220672    	175.000000	224450    	175.000000	224599    	175.000000	3835.8    	175.000000	1789.86   	175.000000	1338.52   	175.000000	1039.13   	175.000000	1328.77
180.000000	233866    	180.000000	231598    	180.000000	235564    	180.000000	235722    	180.000000	4017.01   	180.000000	1872.59   	180.000000	1402.19   	180.000000	1087.85   	180.000000	1393.71
185.000000	245174    	185.000000	242721    	185.000000	246882    	185.000000	247048    	185.000000	4200.8    	185.000000	1956.58   	185.000000	1466.82   	185.000000	1137.31   	185.000000	1459.76
190.000000	256675    	190.000000	254039    	190.000000	258398    	190.000000	258574    	190.000000	4387.1    	190.000000	2041.74   	190.000000	1532.38   	190.000000	1187.51   	190.000000	1526.9
195.000000	268365    	195.000000	265547    	195.000000	270111    	195.000000	270296    	195.000000	4575.83   	195.000000	2128.04   	195.000000	1598.86   	195.000000	1238.41   	195.000000	1595.11
200.000000	280242    	200.000000	277244    	200.000000	282017    	200.000000	282211    	200.000000	4766.92   	200.000000	2215.52   	200.000000	1666.22   	200.000000	1290.02   	200.000000	1664.37
210.000000	304543    	210.000000	301188    	210.000000	306393    	210.000000	306608    	210.000000	5155.81   	210.000000	2393.82   	210.000000	1803.49   	210.000000	1395.26   	210.000000	1805.94
220.000000	329555    	220.000000	325847    	220.000000	331501    	220.000000	331738    	220.000000	5553.15   	220.000000	2576.27   	220.000000	1944      	220.000000	1503.09   	220.000000	1951.42
230.000000	355255    	230.000000	351197    	230.000000	357320    	230.000000	357581    	230.000000	5958.55   	230.000000	2762.78   	230.000000	2087.59   	230.000000	1613.42   	230.000000	2100.69
240.000000	381623    	240.000000	377217    	240.000000	383826    	240.000000	384112    	240.000000	6371.49   	240.000000	2953.18   	240.000000	2234.11   	240.000000	1726.13   	240.000000	2253.58
250.000000	408640    	250.000000	403886    	250.000000	411000    	250.000000	411310    	250.000000	6791.5    	250.000000	3147.33   	250.000000	2383.38   	250.000000	1841.12   	250.000000	2409.96
260.000000	436285    	260.000000	431182    	260.000000	438820    	260.000000	439155    	260.000000	7218.13   	260.000000	3345.1    	260.000000	2535.27   	260.000000	1958.29   	260.000000	2569.68
270.000000	464542    	270.000000	459088    	270.000000	467267    	270.000000	467627    	270.000000	7650.97   	270.000000	3546.34   	270.000000	2689.63   	270.000000	2077.54   	270.000000	2732.63
280.000000	493392    	280.000000	487585    	280.000000	496321    	280.000000	496707    	280.000000	8089.6    	280.000000	3750.95   	280.000000	2846.32   	280.000000	2198.79   	280.000000	2898.65
290.000000	522820    	290.000000	516654    	290.000000	525965    	290.000000	526377    	290.000000	8533.68   	290.000000	3958.71   	290.000000	3005.23   	290.000000	2321.95   	290.000000	3067.65
300.000000	552808    	300.000000	546280    	300.000000	556180    	300.000000	556619    	300.000000	8982.79   	300.000000	4169.4    	300.000000	3166.21   	300.000000	2446.93   	300.000000	3239.49
310.000000	583342    	310.000000	576446    	310.000000	586948    	310.000000	587416    	310.000000	9436.52   	310.000000	4383.06   	310.000000	3329.14   	310.000000	2573.65   	310.000000	3414.05
320.000000	614408    	320.000000	607136    	320.000000	618253    	320.000000	618753    	320.000000	9894.61   	320.000000	4599.52   	320.000000	3493.92   	320.000000	2702.02   	320.000000	3591.23
330.000000	645990    	330.000000	638335    	330.000000	650082    	330.000000	650614    	330.000000	10356.8   	330.000000	4818.58   	330.000000	3660.45   	330.000000	2832      	330.000000	3770.93
340.000000	678076    	340.000000	670029    	340.000000	682418    	340.000000	682983    	340.000000	10822.8   	340.000000	5040.19   	340.000000	3828.64   	340.000000	2963.5    	340.000000	3953.06
350.000000	710651    	350.000000	702204    	350.000000	715249    	350.000000	715846    	350.000000	11292.4   	350.000000	5264.39   	350.000000	3998.37   	350.000000	3096.47   	350.000000	4137.52
360.000000	743704    	360.000000	734847    	360.000000	748559    	360.000000	749189    	360.000000	11765.3   	360.000000	5491.15   	360.000000	4169.57   	360.000000	3230.83   	360.000000	4324.21
370.000000	777223    	370.000000	767944    	370.000000	782336    	370.000000	782999    	370.000000	12241.2   	370.000000	5720.25   	370.000000	4342.15   	370.000000	3366.53   	370.000000	4513.05
380.000000	811195    	380.000000	801484    	380.000000	816565    	380.000000	817262    	380.000000	12719.9   	380.000000	5951.55   	380.000000	4516.02   	380.000000	3503.5    	380.000000	4703.95
390.000000	845609    	390.000000	835454    	390.000000	851236    	390.000000	851967    	390.000000	13201.1   	390.000000	6185.01   	390.000000	4691.11   	390.000000	3641.7    	390.000000	4896.83
400.000000	880453    	400.000000	869842    	400.000000	886335    	400.000000	887100    	400.000000	13684.8   	400.000000	6420.59   	400.000000	4867.33   	400.000000	3781.07   	400.000000	5091.61
410.000000	915719    	410.000000	904639    	410.000000	921851    	410.000000	922650    	410.000000	14170.6   	410.000000	6658.21   	410.000000	5044.62   	410.000000	3921.54   	410.000000	5288.22
420.000000	951394    	420.000000	939831    	420.000000	957772    	420.000000	958607    	420.000000	14658.4   	420.000000	6897.71   	420.000000	5222.91   	420.000000	4063.09   	420.000000	5486.57
430.000000	987469    	430.000000	975410    	430.000000	994087    	430.000000	994958    	430.000000	15147.9   	430.000000	7138.96   	430.000000	5402.13   	430.000000	4205.65   	430.000000	5686.61
440.000000	1.02393e+06	440.000000	1.01137e+06	440.000000	1.03079e+06	440.000000	1.03169e+06	440.000000	15639.2   	440.000000	7381.95   	440.000000	5582.22   	440.000000	4349.18   	440.000000	5888.25
450.000000	1.06078e+06	450.000000	1.04769e+06	450.000000	1.06786e+06	450.000000	1.0688e+06	450.000000	16131.9   	450.000000	7626.74   	450.000000	5763.12   	450.000000	4493.64   	450.000000	6091.45
460.000000	1.098e+06 	460.000000	1.08437e+06	460.000000	1.1053e+06	460.000000	1.10628e+06	460.000000	16625.8   	460.000000	7873.31   	460.000000	5944.78   	460.000000	4638.98   	460.000000	6296.12
470.000000	1.13558e+06	470.000000	1.12139e+06	470.000000	1.14309e+06	470.000000	1.1441e+06	470.000000	17120.9   	470.000000	8121.58   	470.000000	6127.11   	470.000000	4785.15   	470.000000	6502.2
480.000000	1.17351e+06	480.000000	1.15876e+06	480.000000	1.18122e+06	480.000000	1.18228e+06	480.000000	17616.9   	480.000000	8371.43   	480.000000	6310.08   	480.000000	4932.12   	480.000000	6709.62
490.000000	1.21179e+06	490.000000	1.19646e+06	490.000000	1.21969e+06	490.000000	1.22079e+06	490.000000	18113.8   	490.000000	8622.75   	490.000000	6493.64   	490.000000	5079.84   	490.000000	6918.34
500.000000	1.25041e+06	500.000000	1.23447e+06	500.000000	1.25848e+06	500.000000	1.25962e+06	500.000000	18611.5   	500.000000	8875.48   	500.000000	6677.75   	500.000000	5228.3    	500.000000	7128.31
520.000000	1.32863e+06	520.000000	1.31144e+06	520.000000	1.33702e+06	520.000000	1.33825e+06	520.000000	19608.7   	520.000000	9385.32   	520.000000	7047.43   	520.000000	5527.25   	520.000000	7551.79
540.000000	1.40811e+06	540.000000	1.38961e+06	540.000000	1.41677e+06	540.000000	1.41808e+06	540.000000	20607.6   	540.000000	9900.91   	540.000000	7418.78   	540.000000	5828.7    	540.000000	7979.65
560.000000	1.48878e+06	560.000000	1.46891e+06	560.000000	1.49767e+06	560.000000	1.49907e+06	560.000000	21607.4   	560.000000	10421.5   	560.000000	7791.49   	560.000000	6132.41   	560.000000	8411.5
580.000000	1.57061e+06	580.000000	1.5493e+06	580.000000	1.57967e+06	580.000000	1.58115e+06	580.000000	22607.5   	580.000000	10946.8   	580.000000	8165.28   	580.000000	6438.14   	580.000000	8847.01
600.000000	1.65353e+06	600.000000	1.63072e+06	600.000000	1.6627e+06	600.000000	1.66427e+06	600.000000	23607.1   	600.000000	11476.5   	600.000000	8539.88   	600.000000	6745.68   	600.000000	9285.84
620.000000	1.7375e+06	620.000000	1.71311e+06	620.000000	1.74672e+06	620.000000	1.74838e+06	620.000000	24605.7   	620.000000	12010.6   	620.000000	8915.06   	620.000000	7054.84   	620.000000	9727.7
640.000000	1.82247e+06	640.000000	1.79645e+06	640.000000	1.83169e+06	640.000000	1.83344e+06	640.000000	25602.7   	640.000000	12548.7   	640.000000	9290.61   	640.000000	7365.43   	640.000000	10172.3
660.000000	1.90839e+06	660.000000	1.88067e+06	660.000000	1.91755e+06	660.000000	1.91939e+06	660.000000	26597.7   	660.000000	13090.7   	660.000000	9666.33   	660.000000	7677.27   	660.000000	10619.4
680.000000	1.99522e+06	680.000000	1.96575e+06	680.000000	2.00427e+06	680.000000	2.0062e+06	680.000000	27590.3   	680.000000	13636.4   	680.000000	10042     	680.000000	7990.21   	680.000000	11068.6
700.000000	2.08293e+06	700.000000	2.05164e+06	700.000000	2.0918e+06	700.000000	2.09382e+06	700.000000	28580     	700.000000	14185.7   	700.000000	10417.6   	700.000000	8304.1    	700.000000	11519.9
720.000000	2.17147e+06	720.000000	2.1383e+06	720.000000	2.1801e+06	720.000000	2.18222e+06	720.000000	29566.5   	720.000000	14738.3   	720.000000	10792.7   	720.000000	8618.78   	720.000000	11972.9
740.000000	2.26081e+06	740.000000	2.22571e+06	740.000000	2.26914e+06	740.000000	2.27136e+06	740.000000	30549.3   	740.000000	15294.2   	740.000000	11167.4   	740.000000	8934.12   	740.000000	12427.5
760.000000	2.35091e+06	760.000000	2.31381e+06	760.000000	2.35889e+06	760.000000	2.3612e+06	760.000000	31528.3   	760.000000	15852.8   	760.000000	11541.5   	760.000000	9250      	760.000000	12883.4
780.000000	2.44174e+06	780.000000	2.4026e+06	780.000000	2.44931e+06	780.000000	2.45173e+06	780.000000	32503.3   	780.000000	16414.1   	780.000000	11914.9   	780.000000	9566.33   	780.000000	13340.5
800.000000	2.53326e+06	800.000000	2.49202e+06	800.000000	2.54037e+06	800.000000	2.54289e+06	800.000000	33474.2   	800.000000	16978.1   	800.000000	12287.4   	800.000000	9883      	800.000000	13798.6
820.000000	2.62545e+06	820.000000	2.58206e+06	820.000000	2.63205e+06	820.000000	2.63467e+06	820.000000	34440.6   	820.000000	17544.8   	820.000000	12659.1   	820.000000	10199.9   	820.000000	14257.6
840.000000	2.71828e+06	840.000000	2.67268e+06	840.000000	2.7243e+06	840.000000	2.72703e+06	840.000000	35402.2   	840.000000	18114     	840.000000	13029.7   	840.000000	10516.9   	840.000000	14717.2
860.000000	2.81171e+06	860.000000	2.76386e+06	860.000000	2.8171e+06	860.000000	2.81994e+06	860.000000	36358.5   	860.000000	18685.7   	860.000000	13399.1   	860.000000	10833.9   	860.000000	15177.4
880.000000	2.90572e+06	880.000000	2.85558e+06	880.000000	2.91042e+06	880.000000	2.91336e+06	880.000000	37309.5   	880.000000	19259.6   	880.000000	13767.3   	880.000000	11150.9   	880.000000	15637.8
900.000000	3.00029e+06	900.000000	2.94781e+06	900.000000	3.00423e+06	900.000000	3.00728e+06	900.000000	38255.2   	900.000000	19835.6   	900.000000	14134.2   	900.000000	11467.6   	900.000000	16098.5
920.000000	3.09538e+06	920.000000	3.04053e+06	920.000000	3.09852e+06	920.000000	3.10167e+06	920.000000	39195.3   	920.000000	20413.5   	920.000000	14499.7   	920.000000	11784.1   	920.000000	16559.3
940.000000	3.19098e+06	940.000000	3.13371e+06	940.000000	3.19327e+06	940.000000	3.19652e+06	940.000000	40130     	940.000000	20993.2   	940.000000	14863.9   	940.000000	12100.4   	940.000000	17020.1
960.000000	3.28706e+06	960.000000	3.22733e+06	960.000000	3.28844e+06	960.000000	3.29181e+06	960.000000	41059.1   	960.000000	21574.6   	960.000000	15226.6   	960.000000	12416.3   	960.000000	17480.8
980.000000	3.38359e+06	980.000000	3.32138e+06	980.000000	3.38404e+06	980.000000	3.38751e+06	980.000000	41982.6   	980.000000	22157.6   	980.000000	15587.8   	980.000000	12731.8   	980.000000	17941.3
1000.000000	3.48057e+06	1000.000000	3.41584e+06	1000.000000	3.48003e+06	1000.000000	3.4836e+06	1000.000000	42900.5   	1000.000000	22742.3   	1000.000000	15947.4   	1000.000000	13046.8   	1000.000000	18401.6
1020.000000	3.57796e+06	1020.000000	3.51068e+06	1020.000000	3.5764e+06	1020.000000	3.58008e+06	1020.000000	43812.7   	1020.000000	23328.5   	1020.000000	16305.5   	1020.000000	13361.3   	1020.000000	18861.5
1040.000000	3.67575e+06	1040.000000	3.60589e+06	1040.000000	3.67313e+06	1040.000000	3.67692e+06	1040.000000	44719.3   	1040.000000	23916.4   	1040.000000	16662     	1040.000000	13675.3   	1040.000000	19321
1060.000000	3.77391e+06	1060.000000	3.70145e+06	1060.000000	3.77021e+06	1060.000000	3.77411e+06	1060.000000	45620.1   	1060.000000	24505.8   	1060.000000	17016.9   	1060.000000	13988.6   	1060.000000	19780
1080.000000	3.87244e+06	1080.000000	3.79734e+06	1080.000000	3.86762e+06	1080.000000	3.87163e+06	1080.000000	46515.3   	1080.000000	25096.6   	1080.000000	17370.2   	1080.000000	14301.4   	1080.000000	20238.5
1100.000000	3.9713e+06	1100.000000	3.89356e+06	1100.000000	3.96535e+06	1100.000000	3.96946e+06	1100.000000	47404.9   	1100.000000	25689     	1100.000000	17721.8   	1100.000000	14613.5   	1100.000000	20696.3
1120.000000	4.07049e+06	1120.000000	3.99008e+06	1120.000000	4.06339e+06	1120.000000	4.06761e+06	1120.000000	48288.7   	1120.000000	26282.7   	1120.000000	18071.8   	1120.000000	14924.9   	1120.000000	21153.4
1140.000000	4.16999e+06	1140.000000	4.08689e+06	1140.000000	4.16171e+06	1140.000000	4.16604e+06	1140.000000	49167     	1140.000000	26877.9   	1140.000000	18420     	1140.000000	15235.5   	1140.000000	21609.8
1160.000000	4.26978e+06	1160.000000	4.18398e+06	1160.000000	4.26032e+06	1160.000000	4.26475e+06	1160.000000	50039.5   	1160.000000	27474.4   	1160.000000	18766.6   	1160.000000	15545.5   	1160.000000	22065.5
1180.000000	4.36985e+06	1180.000000	4.28133e+06	1180.000000	4.35919e+06	1180.000000	4.36373e+06	1180.000000	50906.5   	1180.000000	28072.3   	1180.000000	19111.5   	1180.000000	15854.6   	1180.000000	22520.3
1200.000000	4.47017e+06	1200.000000	4.37892e+06	1200.000000	4.45832e+06	1200.000000	4.46297e+06	1200.000000	51767.9   	1200.000000	28671.6   	1200.000000	19454.6   	1200.000000	16162.9   	1200.000000	22974.2
1220.000000	4.57075e+06	1220.000000	4.47676e+06	1220.000000	4.55769e+06	1220.000000	4.56244e+06	1220.000000	52623.7   	1220.000000	29272.1   	1220.000000	19796.1   	1220.000000	16470.4   	1220.000000	23427.3
1240.000000	4.67155e+06	1240.000000	4.57482e+06	1240.000000	4.65729e+06	1240.000000	4.66216e+06	1240.000000	53474     	1240.000000	29873.9   	1240.000000	20135.8   	1240.000000	16777.1   	1240.000000	23879.4
1260.000000	4.77258e+06	1260.000000	4.6731e+06	1260.000000	4.75713e+06	1260.000000	4.7621e+06	1260.000000	54318.8   	1260.000000	30477     	1260.000000	20473.8   	1260.000000	17082.9   	1260.000000	24330.5
1280.000000	4.87381e+06	1280.000000	4.77158e+06	1280.000000	4.85717e+06	1280.000000	4.86225e+06	1280.000000	55158.2   	1280.000000	31081.4   	1280.000000	20810.1   	1280.000000	17387.8   	1280.000000	24780.6
1300.000000	4.97524e+06	1300.000000	4.87025e+06	1300.000000	4.95742e+06	1300.000000	4.9626e+06	1300.000000	55992.1   	1300.000000	31687     	1300.000000	21144.6   	1300.000000	17691.9   	1300.000000	25229.7
1320.000000	5.07685e+06	1320.000000	4.96911e+06	1320.000000	5.05787e+06	1320.000000	5.06316e+06	1320.000000	56820.6   	1320.000000	32293.7   	1320.000000	21477.5   	1320.000000	17995     	1320.000000	25677.7
1340.000000	5.17863e+06	1340.000000	5.06814e+06	1340.000000	5.1585e+06	1340.000000	5.1639e+06	1340.000000	57643.7   	1340.000000	32901.7   	1340.000000	21808.6   	1340.000000	18297.2   	1340.000000	26124.6
1360.000000	5.28057e+06	1360.000000	5.16733e+06	1360.000000	5.25931e+06	1360.000000	5.26482e+06	1360.000000	58461.5   	1360.000000	33510.8   	1360.000000	22138     	1360.000000	18598.4   	1360.000000	26570.3
1380.000000	5.38266e+06	1380.000000	5.26667e+06	1380.000000	5.36029e+06	1380.000000	5.36591e+06	1380.000000	59274     	1380.000000	34121     	1380.000000	22465.7   	1380.000000	18898.7   	1380.000000	27014.9
1400.000000	5.48488e+06	1400.000000	5.36616e+06	1400.000000	5.46143e+06	1400.000000	5.46717e+06	1400.000000	60081.2   	1400.000000	34732.3   	1400.000000	22791.7   	1400.000000	19198     	1400.000000	27458.3
1420.000000	5.58724e+06	1420.000000	5.46579e+06	1420.000000	5.56273e+06	1420.000000	5.56858e+06	1420.000000	60883.2   	1420.000000	35344.8   	1420.000000	23115.9   	1420.000000	19496.4   	1420.000000	27900.6
1440.000000	5.68971e+06	1440.000000	5.56554e+06	1440.000000	5.66418e+06	1440.000000	5.67015e+06	1440.000000	61680.1   	1440.000000	35958.3   	1440.000000	23438.5   	1440.000000	19793.8   	1440.000000	28341.6
1460.000000	5.79228e+06	1460.000000	5.66542e+06	1460.000000	5.76577e+06	1460.000000	5.77185e+06	1460.000000	62471.8   	1460.000000	36572.9   	1460.000000	23759.4   	1460.000000	20090.1   	1460.000000	28781.4
1480.000000	5.89496e+06	1480.000000	5.76541e+06	1480.000000	5.86749e+06	1480.000000	5.8737e+06	1480.000000	63258.5   	1480.000000	37188.6   	1480.000000	24078.6   	1480.000000	20385.5   	1480.000000	29220
1500.000000	5.99773e+06	1500.000000	5.8655e+06	1500.000000	5.96935e+06	1500.000000	5.97568e+06	1500.000000	64040.2   	1500.000000	37805.3   	1500.000000	24396.1   	1500.000000	20679.9   	1500.000000	29657.3
1520.000000	6.10058e+06	1520.000000	5.96569e+06	1520.000000	6.07133e+06	1520.000000	6.07778e+06	1520.000000	64817     	1520.000000	38423.1   	1520.000000	24712     	1520.000000	20973.3   	1520.000000	30093.3
1540.000000	6.2035e+06	1540.000000	6.06598e+06	1540.000000	6.17344e+06	1540.000000	6.18e+06  	1540.000000	65588.9   	1540.000000	39042     	1540.000000	25026.2   	1540.000000	21265.8   	1540.000000	30528.1
1560.000000	6.30649e+06	1560.000000	6.16635e+06	1560.000000	6.27565e+06	1560.000000	6.28234e+06	1560.000000	66355.9   	1560.000000	39662     	1560.000000	25338.8   	1560.000000	21557.1   	1560.000000	30961.6
1580.000000	6.40953e+06	1580.000000	6.26679e+06	1580.000000	6.37798e+06	1580.000000	6.38478e+06	1580.000000	67118.1   	1580.000000	40283     	1580.000000	25649.8   	1580.000000	21847.5   	1580.000000	31393.8
1600.000000	6.51262e+06	1600.000000	6.36731e+06	1600.000000	6.48041e+06	1600.000000	6.48734e+06	1600.000000	67875.6   	1600.000000	40905     	1600.000000	25959.1   	1600.000000	22136.9   	1600.000000	31824.8
1620.000000	6.61575e+06	1620.000000	6.46789e+06	1620.000000	6.58294e+06	1620.000000	6.58998e+06	1620.000000	68628.5   	1620.000000	41528.1   	1620.000000	26266.9   	1620.000000	22425.3   	1620.000000	32254.4
1640.000000	6.71892e+06	1640.000000	6.56854e+06	1640.000000	6.68557e+06	1640.000000	6.69273e+06	1640.000000	69376.6   	1640.000000	42152.2   	1640.000000	26573     	1640.000000	22712.6   	1640.000000	32682.7
1660.000000	6.82212e+06	1660.000000	6.66924e+06	1660.000000	6.78829e+06	1660.000000	6.79556e+06	1660.000000	70120.2   	1660.000000	42777.4   	1660.000000	26877.6   	1660.000000	22999     	1660.000000	33109.7
1680.000000	6.92533e+06	1680.000000	6.76999e+06	1680.000000	6.89109e+06	1680.000000	6.89848e+06	1680.000000	70859.2   	1680.000000	43403.6   	1680.000000	27180.6   	1680.000000	23284.3   	1680.000000	33535.3
1700.000000	7.02856e+06	1700.000000	6.87078e+06	1700.000000	6.99398e+06	1700.000000	7.00148e+06	1700.000000	71593.7   	1700.000000	44030.8   	1700.000000	27482     	1700.000000	23568.6   	1700.000000	33959.7
1750.000000	7.28666e+06	1750.000000	7.12292e+06	1750.000000	7.25152e+06	1750.000000	7.25932e+06	1750.000000	73410.5   	1750.000000	45603.2   	1750.000000	28228.8   	1750.000000	24274.9   	1750.000000	35014.7
1800.000000	7.54472e+06	1800.000000	7.37522e+06	1800.000000	7.50949e+06	1800.000000	7.51759e+06	1800.000000	75200.2   	1800.000000	47181.4   	1800.000000	28966.1   	1800.000000	24974.9   	1800.000000	36061.4
1850.000000	7.80265e+06	1850.000000	7.62763e+06	1850.000000	7.76784e+06	1850.000000	7.77623e+06	1850.000000	76963.5   	1850.000000	48765.1   	1850.000000	29694.2   	1850.000000	25668.6   	1850.000000	37099.8
1900.000000	8.06036e+06	1900.000000	7.88007e+06	1900.000000	8.02651e+06	1900.000000	8.03519e+06	1900.000000	78701     	1900.000000	50354.1   	1900.000000	30413.1   	1900.000000	26356     	1900.000000	38129.7
1950.000000	8.3178e+06	1950.000000	8.13248e+06	1950.000000	8.28547e+06	1950.000000	8.29444e+06	1950.000000	80413.6   	1950.000000	51948.2   	1950.000000	31123     	1950.000000	27037.2   	1950.000000	39151.4
2000.000000	8.57488e+06	2000.000000	8.38481e+06	2000.000000	8.54467e+06	2000.000000	8.55393e+06	2000.000000	82101.8   	2000.000000	53547.5   	2000.000000	31824.3   	2000.000000	27712.2   	2000.000000	40164.7
2100.000000	9.08774e+06	2100.000000	8.88904e+06	2100.000000	9.06365e+06	2100.000000	9.07349e+06	2100.000000	85407.7   	2100.000000	56762     	2100.000000	33201.3   	2100.000000	29043.9   	2100.000000	42166.5
2200.000000	9.5985e+06	2200.000000	9.39239e+06	2200.000000	9.58319e+06	2200.000000	9.59361e+06	2200.000000	88624     	2200.000000	59998.5   	2200.000000	34545.6   	2200.000000	30351.6   	2200.000000	44135.7
2300.000000	1.01068e+07	2300.000000	9.89455e+06	2300.000000	1.01031e+07	2300.000000	1.01141e+07	2300.000000	91755.3   	2300.000000	63257.4   	2300.000000	35858.8   	2300.000000	31636     	2300.000000	46072.8
2400.000000	1.06122e+07	2400.000000	1.03953e+07	2400.000000	1.06231e+07	2400.000000	1.06347e+07	2400.000000	94806.1   	2400.000000	66537.9   	2400.000000	37142.1   	2400.000000	32897.6   	2400.000000	47978.6
2500.000000	1.11145e+07	2500.000000	1.08943e+07	2500.000000	1.11432e+07	2500.000000	1.11553e+07	2500.000000	97780.7   	2500.000000	69838.9   	2500.000000	38396.9   	2500.000000	34137     	2500.000000	49853.6
2600.000000	1.16134e+07	2600.000000	1.13915e+07	2600.000000	1.16631e+07	2600.000000	1.16758e+07	2600.000000	100683    	2600.000000	73159.5   	2600.000000	39624.5   	2600.000000	35355     	2600.000000	51698.6
2700.000000	1.21088e+07	2700.000000	1.18866e+07	2700.000000	1.21828e+07	2700.000000	1.2196e+07	2700.000000	103516    	2700.000000	76499.4   	2700.000000	40826.1   	2700.000000	36552.1   	2700.000000	53514.5
2800.000000	1.26005e+07	2800.000000	1.23795e+07	2800.000000	1.27021e+07	2800.000000	1.2716e+07	2800.000000	106284    	2800.000000	79858.6   	2800.000000	42002.9   	2800.000000	37728.9   	2800.000000	55301.9
2900.000000	1.30882e+07	2900.000000	1.28702e+07	2900.000000	1.32211e+07	2900.000000	1.32354e+07	2900.000000	108991    	2900.000000	83237.2   	2900.000000	43155.9   	2900.000000	38886.2   	2900.000000	57061.8
3000.000000	1.3572e+07	3000.000000	1.33584e+07	3000.000000	1.37395e+07	3000.000000	1.37545e+07	3000.000000	111638    	3000.000000	86635.6   	3000.000000	44286.2   	3000.000000	40024.5   	3000.000000	58794.8
3200.000000	1.45271e+07	3200.000000	1.43273e+07	3200.000000	1.47748e+07	3200.000000	1.47908e+07	3200.000000	116765    	3200.000000	93492.1   	3200.000000	46482.6   	3200.000000	42246.6   	3200.000000	62183.3
3400.000000	1.54652e+07	3400.000000	1.52856e+07	3400.000000	1.58076e+07	3400.000000	1.58247e+07	3400.000000	121688    	3400.000000	100428    	3400.000000	48599.3   	3400.000000	44399.7   	3400.000000	65473.7
3600.000000	1.6386e+07	3600.000000	1.62331e+07	3600.000000	1.68376e+07	3600.000000	1.68558e+07	3600.000000	126423    	3600.000000	107442    	3600.000000	50642.6   	3600.000000	46488.3   	3600.000000	68671.5
3800.000000	1.72892e+07	3800.000000	1.71695e+07	3800.000000	1.78647e+07	3800.000000	1.7884e+07	3800.000000	130986    	3800.000000	114532    	3800.000000	52618.5   	3800.000000	48516.3   	3800.000000	71782.2
4000.000000	1.81747e+07	4000.000000	1.80945e+07	4000.000000	1.88889e+07	4000.000000	1.89092e+07	4000.000000	135392    	4000.000000	121697    	4000.000000	54532.1   	4000.000000	50487.5   	4000.000000	74810.9
4200.000000	1.90428e+07	4200.000000	1.90082e+07	4200.000000	1.99099e+07	4200.000000	1.99313e+07	4200.000000	139652    	4200.000000	128935    	4200.000000	56388.1   	4200.000000	52405.3   	4200.000000	77762.2
4400.000000	1.98935e+07	4400.000000	1.99106e+07	4400.000000	2.09279e+07	4400.000000	2.09503e+07	4400.000000	143778    	4400.000000	136244    	4400.000000	58190.7   	4400.000000	54272.9   	4400.000000	80640.6
4600.000000	2.0727e+07	4600.000000	2.08016e+07	4600.000000	2.19428e+07	4600.000000	2.19662e+07	4600.000000	147779    	4600.000000	143624    	4600.000000	59943.6   	4600.000000	56093.3   	4600.000000	83450.1
4800.000000	2.15436e+07	4800.000000	2.16815e+07	4800.000000	2.29545e+07	4800.000000	2.2979e+07	4800.000000	151663    	4800.000000	151074    	4800.000000	61650.3   	4800.000000	57869.2   	4800.000000	86194.6
5000.000000	2.23436e+07	5000.000000	2.25502e+07	5000.000000	2.39632e+07	5000.000000	2.39887e+07	5000.000000	155440    	5000.000000	158594    	5000.000000	63314     	5000.000000	59603.2   	5000.000000	88877.6
5250.000000	2.33207e+07	5250.000000	2.36207e+07	5250.000000	2.52198e+07	5250.000000	2.52466e+07	5250.000000	160019    	5250.000000	168089    	5250.000000	65337.4   	5250.000000	61715.1   	5250.000000	92149.9
5500.000000	2.4273e+07	5500.000000	2.46745e+07	5500.000000	2.64718e+07	5500.000000	2.64998e+07	5500.000000	164452    	5500.000000	177691    	5500.000000	67302.9   	5500.000000	63769.2   	5500.000000	95337.1
6000.000000	2.6106e+07	6000.000000	2.67328e+07	6000.000000	2.89622e+07	6000.000000	2.89926e+07	6000.000000	172924    	6000.000000	197207    	6000.000000	71077.7   	6000.000000	67719.1   	6000.000000	101478
6500.000000	2.78483e+07	6500.000000	2.87281e+07	6500.000000	3.14352e+07	6500.000000	3.14681e+07	6500.000000	180930    	6500.000000	217133    	6500.000000	74668.9   	6500.000000	71479.5   	6500.000000	107337
7000.000000	2.95055e+07	7000.000000	3.06633e+07	7000.000000	3.38919e+07	7000.000000	3.39271e+07	7000.000000	188530    	7000.000000	237457    	7000.000000	78101.6   	7000.000000	75072.8   	7000.000000	112948
7500.000000	3.10832e+07	7500.000000	3.25415e+07	7500.000000	3.63331e+07	7500.000000	3.63707e+07	7500.000000	195773    	7500.000000	258169    	7500.000000	81396.2   	7500.000000	78517.8   	7500.000000	118337
8000.000000	3.25865e+07	8000.000000	3.43654e+07	8000.000000	3.87596e+07	8000.000000	3.87995e+07	8000.000000	202698    	8000.000000	279261    	8000.000000	84569.8   	8000.000000	81830.7   	8000.000000	123528
8500.000000	3.40203e+07	8500.000000	3.61379e+07	8500.000000	4.11723e+07	8500.000000	4.12145e+07	8500.000000	209340    	8500.000000	300723    	8500.000000	87636.8   	8500.000000	85025.1   	8500.000000	128541
9000.000000	3.5389e+07	9000.000000	3.78616e+07	9000.000000	4.35719e+07	9000.000000	4.36163e+07	9000.000000	215726    	9000.000000	322547    	9000.000000	90609.1   	9000.000000	88112.9   	9000.000000	133393
9500.000000	3.66968e+07	9500.000000	3.9539e+07	9500.000000	4.59591e+07	9500.000000	4.60058e+07	9500.000000	221882    	9500.000000	344724    	9500.000000	93497.3   	9500.000000	91104.4   	9500.000000	138100
10000.000000	3.79478e+07	10000.000000	4.11723e+07	10000.000000	4.83346e+07	10000.000000	4.83835e+07	10000.000000	227828    	10000.000000	367246    	10000.000000	96310.2   	10000.000000	94008.6   	10000.000000	142674
11000.000000	4.02928e+07	11000.000000	4.43156e+07	11000.000000	5.30525e+07	11000.000000	5.31058e+07	11000.000000	239159    	11000.000000	413294    	11000.000000	101740    	11000.000000	99585.4   	11000.000000	151470
12000.000000	4.24496e+07	12000.000000	4.73073e+07	12000.000000	5.77303e+07	12000.000000	5.77878e+07	12000.000000	249838    	12000.000000	460656    	12000.000000	106948    	12000.000000	104896    	12000.000000	159861
13000.000000	4.44399e+07	13000.000000	5.01612e+07	13000.000000	6.23713e+07	13000.000000	6.24329e+07	13000.000000	259959    	13000.000000	509280    	13000.000000	111973    	13000.000000	109982    	13000.000000	167908
14000.000000	4.62823e+07	14000.000000	5.28895e+07	14000.000000	6.69787e+07	14000.000000	6.70443e+07	14000.000000	269592    	14000.000000	559095    	14000.000000	116845    	14000.000000	114875    	14000.000000	175659
15000.000000	4.79927e+07	15000.000000	5.55028e+07	15000.000000	7.15548e+07	15000.000000	7.16247e+07	15000.000000	278795    	15000.000000	610033    	15000.000000	121587    	15000.000000	119603    	15000.000000	183156
16000.000000	4.95849e+07	16000.000000	5.80106e+07	16000.000000	7.6102e+07	16000.000000	7.61765e+07	16000.000000	287617    	16000.000000	662056    	16000.000000	126217    	16000.000000	124188    	16000.000000	190431
17000.000000	5.10708e+07	17000.000000	6.04211e+07	17000.000000	8.06226e+07	17000.000000	8.07017e+07	17000.000000	296099    	17000.000000	715142    	17000.000000	130751    	17000.000000	128646    	17000.000000	197511
18000.000000	5.24607e+07	18000.000000	6.27418e+07	18000.000000	8.51186e+07	18000.000000	8.52023e+07	18000.000000	304276    	18000.000000	769277    	18000.000000	135201    	18000.000000	132994    	18000.000000	204421
19000.000000	5.37636e+07	19000.000000	6.49792e+07	19000.000000	8.95917e+07	19000.000000	8.96798e+07	19000.000000	312177    	19000.000000	824448    	19000.000000	139577    	19000.000000	137243    	19000.000000	211179
20000.000000	5.49876e+07	20000.000000	6.71392e+07	20000.000000	9.40435e+07	20000.000000	9.41356e+07	20000.000000	319828    	20000.000000	880641    	20000.000000	143886    	20000.000000	141406    	20000.000000	217802
21000.000000	5.61395e+07	21000.000000	6.92271e+07	21000.000000	9.84753e+07	21000.000000	9.8571e+07	21000.000000	327249    	21000.000000	937835    	21000.000000	148136    	21000.000000	145490    	21000.000000	224305
22000.000000	5.72255e+07	22000.000000	7.12477e+07	22000.000000	1.02888e+08	22000.000000	1.02987e+08	22000.000000	334459    	22000.000000	995996    	22000.000000	152332    	22000.000000	149504    	22000.000000	230697
23000.000000	5.82512e+07	23000.000000	7.32052e+07	23000.000000	1.07283e+08	23000.000000	1.07385e+08	23000.000000	341472    	23000.000000	1.0551e+06	23000.000000	156478    	23000.000000	153453    	23000.000000	236991
24000.000000	5.92214e+07	24000.000000	7.51036e+07	24000.000000	1.1166e+08	24000.000000	1.11766e+08	24000.000000	348304    	24000.000000	1.11513e+06	24000.000000	160578    	24000.000000	157342    	24000.000000	243193
25000.000000	6.01405e+07	25000.000000	7.69465e+07	25000.000000	1.16022e+08	25000.000000	1.16131e+08	25000.000000	354966    	25000.000000	1.17601e+06	25000.000000	164635    	25000.000000	161178    	25000.000000	249312
26000.000000	6.10124e+07	26000.000000	7.8737e+07	26000.000000	1.20367e+08	26000.000000	1.2048e+08	26000.000000	361470    	26000.000000	1.2377e+06	26000.000000	168651    	26000.000000	164964    	26000.000000	255355
27000.000000	6.18406e+07	27000.000000	8.04782e+07	27000.000000	1.24698e+08	27000.000000	1.24814e+08	27000.000000	367826    	27000.000000	1.30022e+06	27000.000000	172630    	27000.000000	168704    	27000.000000	261326
28000.000000	6.26283e+07	28000.000000	8.21728e+07	28000.000000	1.29015e+08	28000.000000	1.29134e+08	28000.000000	374043    	28000.000000	1.36358e+06	28000.000000	176572    	28000.000000	172400    	28000.000000	267232
29000.000000	6.33783e+07	29000.000000	8.38232e+07	29000.000000	1.33318e+08	29000.000000	1.33441e+08	29000.000000	380130    	29000.000000	1.42778e+06	29000.000000	180480    	29000.000000	176057    	29000.000000	273076
30000.000000	6.40934e+07	30000.000000	8.54318e+07	30000.000000	1.37609e+08	30000.000000	1.37734e+08	30000.000000	386095    	30000.000000	1.4928e+06	30000.000000	184354    	30000.000000	179675    	30000.000000	278862
32000.000000	6.54276e+07	32000.000000	8.85318e+07	32000.000000	1.46153e+08	32000.000000	1.46285e+08	32000.000000	397683    	32000.000000	1.62523e+06	32000.000000	192007    	32000.000000	186805    	32000.000000	290275
34000.000000	6.66475e+07	34000.000000	9.1488e+07	34000.000000	1.54652e+08	34000.000000	1.5479e+08	34000.000000	408854    	34000.000000	1.76069e+06	34000.000000	199540    	34000.000000	193806    	34000.000000	301491
36000.000000	6.7767e+07	36000.000000	9.43135e+07	36000.000000	1.63109e+08	36000.000000	1.63252e+08	36000.000000	419649    	36000.000000	1.89902e+06	36000.000000	206956    	36000.000000	200689    	36000.000000	312531
38000.000000	6.87977e+07	38000.000000	9.70196e+07	38000.000000	1.71526e+08	38000.000000	1.71674e+08	38000.000000	430101    	38000.000000	2.04013e+06	38000.000000	214261    	38000.000000	207461    	38000.000000	323405
40000.000000	6.97496e+07	40000.000000	9.96164e+07	40000.000000	1.79907e+08	40000.000000	1.80059e+08	40000.000000	440240    	40000.000000	2.18395e+06	40000.000000	221457    	40000.000000	214129    	40000.000000	334124
42000.000000	7.06311e+07	42000.000000	1.02113e+08	42000.000000	1.88253e+08	42000.000000	1.8841e+08	42000.000000	450092    	42000.000000	2.33041e+06	42000.000000	228548    	42000.000000	220699    	42000.000000	344699
44000.000000	7.14497e+07	44000.000000	1.04516e+08	44000.000000	1.96566e+08	44000.000000	1.96727e+08	44000.000000	459677    	44000.000000	2.47947e+06	44000.000000	235536    	44000.000000	227177    	44000.000000	355136
46000.000000	7.22117e+07	46000.000000	1.06833e+08	46000.000000	2.04848e+08	46000.000000	2.05014e+08	46000.000000	469017    	46000.000000	2.63109e+06	46000.000000	242424    	46000.000000	233565    	46000.000000	365443
48000.000000	7.29225e+07	48000.000000	1.0907e+08	48000.000000	2.13101e+08	48000.000000	2.13271e+08	48000.000000	478129    	48000.000000	2.78523e+06	48000.000000	249214    	48000.000000	239869    	48000.000000	375624
50000.000000	7.35869e+07	50000.000000	1.11233e+08	50000.000000	2.21327e+08	50000.000000	2.215e+08 	50000.000000	487027    	50000.000000	2.94182e+06	50000.000000	255910    	50000.000000	246091    	50000.000000	385684
