* Fitting the markers with func = [0]/x + pol6
* TeleNo     ParticleNo       Z         A          a0             a1             a2           a3             a4             a5             a6             a7
    0              0         1         1        1685.19       0.139844     0.00421781    -3.5322e-06   -2.48731e-09    1.99682e-12    2.46521e-15   -1.61488e-18
    0              1         1         2       -234.568        26.8755     -0.0720309    8.73386e-05   -3.78717e-08   -9.21796e-12    1.22023e-14   -2.64595e-18
    0              2         1         3        149.919        25.1032     -0.0471165    3.97558e-05   -1.18595e-08   -2.23093e-12    1.98375e-15   -3.03503e-19
    0              3         2         3        430.243        48.7097     -0.0452763    2.41095e-05    -5.4334e-09   -4.13082e-13    3.77779e-16   -4.39177e-20
    0              4         2         4        806.875        52.9017     -0.0438381    2.17844e-05   -4.62934e-09   -4.32487e-13     3.4335e-16   -3.93838e-20
    0              5         2         6        1075.16        62.4399     -0.0450122     2.0123e-05   -3.81131e-09   -4.06066e-13    2.68319e-16    -2.8836e-20
    0              6         3         6        1139.85        99.9266     -0.0569294    2.30974e-05   -4.22349e-09   -4.46991e-13    2.92271e-16   -3.10702e-20
    0              7         3         7        1740.47        103.395     -0.0518976    1.81106e-05   -2.65941e-09   -3.96988e-13    1.81629e-16   -1.64347e-20
    0              8         3         8        1722.61        110.909     -0.0557441    2.04451e-05   -3.37753e-09   -4.10031e-13    2.31368e-16   -2.32101e-20
    0              9         3         9        2321.59        113.768     -0.0524504     1.7561e-05   -2.59757e-09    -3.5459e-13    1.74239e-16   -1.64278e-20
    0             10         4         7        1095.59        149.436     -0.0693299    2.45391e-05   -3.74909e-09   -5.35682e-13    2.53575e-16   -2.26876e-20
    0             11         4         9        1740.48        164.943     -0.0766939    3.18284e-05   -6.53704e-09   -6.56973e-13    5.13516e-16   -5.92339e-20
    0             12         4        10        2500.63        169.608      -0.072719    2.85669e-05   -5.72809e-09    -6.6641e-13    5.00289e-16   -5.93544e-20  
    0             13         5        10        1523.03        228.131     -0.0914447    3.33446e-05   -5.79283e-09   -7.04033e-13    4.27336e-16   -4.51683e-20
    0             14         5        11        2996.93        229.074     -0.0843793    3.01517e-05   -5.45327e-09   -7.03142e-13    4.33617e-16   -4.58508e-20
    0             15         5        12        2161.09        242.403     -0.0929485    3.37876e-05    -6.3394e-09   -5.15796e-13    4.24368e-16   -4.91955e-20
    0             16         6        12        2693.04        283.412     -0.0674802    6.42653e-06    2.18897e-09   -2.98902e-13   -1.25621e-16    2.20413e-20
    0             17         6        13        4184.29        289.306     -0.0639632    4.56649e-06    2.42441e-09   -2.62529e-13   -1.43923e-16     2.4908e-20
    0             18         6        14        3399.19        311.049     -0.0895787    2.58137e-05   -3.91136e-09   -8.11294e-13    4.40531e-16   -4.98659e-20      
    1              0         1         1        1119.89        1.75745     0.00277503   -4.39871e-06   -2.33817e-09    3.35689e-12    3.57276e-15   -3.07751e-18
    1              1         1         2        30.9564        22.0584     -0.0612034    8.06133e-05   -3.94302e-08   -8.09675e-12      1.348e-14   -3.23601e-18
    1              2         1         3       -91.6499        25.4563     -0.0537302    5.26937e-05   -1.89159e-08   -3.24321e-12    3.78393e-15    -6.7529e-19
    1              3         2         3        592.998        43.6097     -0.0392598    2.05063e-05   -4.53743e-09   -4.14577e-13    3.41228e-16    -3.9195e-20
    1              4         2         4        807.865        48.4874     -0.0397829    1.96283e-05   -4.13421e-09   -4.37231e-13    3.38568e-16   -4.04094e-20
    1              5         2         6        802.852        58.8823      -0.044074    2.06268e-05   -4.17287e-09   -2.97361e-13    2.44126e-16   -2.60645e-20
    1              6         3         6        1043.68        93.7773     -0.0552444    2.31116e-05    -4.2973e-09   -4.68565e-13    3.09157e-16    -3.3555e-20
    1              7         3         7        1156.72         100.51     -0.0592134    2.62114e-05   -5.46876e-09   -4.07063e-13    3.63984e-16    -4.1867e-20
    1              8         3         8        1138.45         107.61     -0.0627962    2.73222e-05   -5.32163e-09   -5.50125e-13    3.83153e-16   -4.19801e-20
    1              9         3         9        1930.43        107.978     -0.0538435    1.92723e-05   -2.90971e-09   -3.68432e-13    1.68269e-16   -1.38933e-20
    1             10         4         7        2624.23        131.839     -0.0531689    1.43886e-05   -1.11757e-09   -4.28427e-13    9.89525e-17   -4.78707e-21
    1             11         4         9        1874.52        154.798      -0.073493    3.04721e-05   -6.68614e-09   -2.74832e-13    4.03458e-16   -5.03078e-20
    1             12         4        10        1901.22        162.284     -0.0745157    2.89708e-05   -5.47811e-09   -5.46333e-13    3.97775e-16   -4.46684e-20
    1             13         5        10        1865.47        211.975     -0.0888054    3.30395e-05   -5.56835e-09   -7.96901e-13    4.30921e-16    -4.3429e-20
    1             14         5        11        2799.45        216.066     -0.0804832    2.52866e-05   -3.45589e-09   -5.61113e-13    2.44295e-16   -2.20429e-20
    1             15         5        12        2415.17        228.163     -0.0911146    3.27027e-05   -5.33051e-09   -8.49814e-13    4.48495e-16   -4.62214e-20
    1             16         6        12        1481.35         287.19      -0.112405    4.34948e-05   -6.73053e-09   -1.90234e-12    8.10308e-16   -7.52191e-20
    1             17         6        13        3839.08        285.212     -0.0932343    2.96982e-05   -4.54003e-09   -7.85839e-13    3.85768e-16   -3.65671e-20
    1             18         6        14          11240        266.247     -0.0540975    3.26848e-06    2.23993e-09   -2.49173e-13   -1.49179e-16    2.82202e-20
 *  1             19         7        15        99342.7        190.481      0.0214272   -8.61263e-06   -2.29854e-09    4.86982e-13    2.74431e-16   -5.73362e-20
    2              0         1         1        1443.06      -0.926863      0.0105096   -1.02707e-05   -9.33305e-09    8.93895e-12    1.31438e-14   -1.07586e-17
    2              1         1         2       -176.622        26.0151     -0.0785964    0.000108828   -5.43885e-08   -1.45268e-11    2.25362e-14   -5.60528e-18
    2              2         1         3        98.6829        25.4079     -0.0555841    5.60195e-05   -2.02919e-08   -4.04901e-12    4.51485e-15   -8.18552e-19
    2              3         2         3        632.048        44.4121     -0.0396568    1.99946e-05   -4.22889e-09   -3.60912e-13    2.86419e-16   -3.13474e-20
    2              4         2         4        853.333        49.6554     -0.0400364    1.85304e-05   -3.54839e-09   -3.22542e-13    2.19688e-16   -2.24335e-20
    2              5         2         6        848.268        59.9599     -0.0445168     2.0587e-05    -4.1284e-09   -3.33022e-13    2.60645e-16    -2.8372e-20
    2              6         3         6        1617.78         92.512     -0.0496885    1.84285e-05   -3.11755e-09   -3.27965e-13    2.09042e-16   -2.21787e-20
    2              7         3         7        1255.49        102.636     -0.0590341      2.456e-05    -4.6693e-09   -3.82516e-13    2.86903e-16   -3.05946e-20
    2              8         3         8        1226.85        110.021     -0.0645165     2.8444e-05   -5.69641e-09   -5.36312e-13    3.99387e-16   -4.41421e-20
    2              9         3         9        1340.31        115.716     -0.0675126    3.14538e-05   -7.13015e-09   -4.80572e-13    5.12961e-16   -6.32889e-20
    2             10         4         7        2015.69        141.491      -0.068933    2.77683e-05   -5.67286e-09   -4.42853e-13    4.06124e-16   -4.87698e-20
    2             11         4         9        1887.86        158.741     -0.0750437    2.99572e-05   -6.00697e-09   -3.49034e-13    3.47558e-16    -3.9411e-20
    2             12         4        10        2399.79        163.556     -0.0724487    2.74511e-05   -5.36843e-09   -3.35206e-13    3.28219e-16   -3.83371e-20
    2             13         5        10        1686.01        219.756      -0.097366    3.94493e-05   -7.80968e-09   -8.08778e-13    6.00854e-16   -6.84796e-20
    2             14         5        11        3001.58        219.594     -0.0797798    2.43127e-05   -3.33587e-09   -4.22222e-13    1.81532e-16   -1.41391e-20
    2             15         5        12        2868.35        229.617     -0.0845085    2.67686e-05   -3.93802e-09   -3.96807e-13    1.93329e-16   -1.52837e-20
    2             16         6        12        5771.15         272.32     -0.0790301    2.22829e-05   -3.31883e-09   -8.11894e-13    4.39474e-16   -5.08007e-20
    2             17         6        13        4543.56        288.974     -0.0903884    2.52921e-05   -2.62621e-09   -9.00048e-13    2.97671e-16   -2.35452e-20
    2             18         6        14         1344.3        310.032      -0.101794    2.68813e-05   -1.79675e-09   -9.86729e-13    2.40007e-16   -1.55384e-20
 *  2             19         7        15        76546.1        214.658      0.0211021   -1.05094e-05   -2.38165e-09    5.71857e-13    2.77394e-16   -5.84346e-20
    3              0         1         1        1747.57        -3.7508      0.0193325   -1.71491e-05   -1.80921e-08    1.61053e-11    2.58936e-14   -2.13993e-17
    3              1         1         2       -100.325        24.2402     -0.0683366    8.99426e-05   -4.22699e-08   -1.31119e-11     1.8237e-14   -4.42387e-18
    3              2         1         3         -43.52         25.468     -0.0518538    4.80617e-05   -1.64803e-08   -1.98159e-12    2.44462e-15   -3.97417e-19
    3              3         2         3        595.833         44.691     -0.0406562    2.12321e-05   -4.73528e-09   -3.63415e-13    3.31758e-16   -3.85559e-20
    3              4         2         4        1069.89        48.3863     -0.0388529    1.88513e-05   -3.96972e-09   -4.16065e-13    3.27547e-16   -3.94673e-20
    3              5         2         6        1007.03        59.4107     -0.0437958    2.02398e-05   -4.06588e-09   -3.23256e-13    2.53576e-16   -2.72711e-20
    3              6         3         6        1470.37        94.7002     -0.0549876    2.23761e-05   -3.94008e-09   -5.10011e-13     2.9433e-16   -3.01703e-20
    3              7         3         7        1504.65        100.693      -0.056162    2.28917e-05   -4.26889e-09   -3.96418e-13    2.75034e-16   -2.88991e-20
    3              8         3         8        1809.18        105.448     -0.0528052    1.85124e-05   -2.75778e-09   -4.53644e-13    2.21059e-16   -2.20277e-20
    3              9         3         9        2028.55        111.382     -0.0566161     2.0782e-05   -3.26162e-09    -4.1698e-13    2.03415e-16   -1.77739e-20
    3             10         4         7        1534.86        143.876     -0.0737277    3.20742e-05   -6.97442e-09   -6.28511e-13    5.69941e-16   -7.06349e-20
    3             11         4         9        2084.01        156.549     -0.0668274    2.09177e-05   -2.54006e-09   -4.59833e-13    1.59767e-16    -1.1678e-20
    3             12         4        10        2077.29        166.776     -0.0765621    2.97978e-05   -5.60954e-09   -5.63118e-13    4.00306e-16   -4.41388e-20
    3             13         5        10        1397.03        222.384     -0.0991497    3.99973e-05   -7.82095e-09   -6.04441e-13    4.83999e-16   -5.24678e-20    
    3             14         5        11         3389.5        218.119     -0.0756552     2.2027e-05   -3.02189e-09   -5.27205e-13    2.66596e-16   -2.86363e-20
    3             15         5        12        3232.66        231.071     -0.0897148    3.34263e-05   -6.33907e-09   -7.91332e-13    5.58761e-16   -6.59428e-20
    3             16         6        12        2047.95        290.206      -0.101384    3.25468e-05   -4.39962e-09   -9.61761e-13    3.73362e-16   -2.98893e-20
    3             17         6        13        3359.12        294.273     -0.0902149    2.22666e-05   -2.01169e-09   -5.29187e-13    1.64561e-16   -1.23816e-20
    3             18         6        14        3725.48         304.74     -0.0975212    2.77814e-05   -3.14857e-09   -9.14851e-13    3.58813e-16   -3.48131e-20
    4              0         1         1        1460.37      -0.764704      0.0102906   -1.01685e-05   -8.61153e-09    8.61548e-12    1.20161e-14   -1.00523e-17
    4              1         1         2        26.7691        22.9694     -0.0634393    8.27382e-05   -3.81881e-08   -1.22348e-11    1.63871e-14   -3.89579e-18
    4              2         1         3        -16.802        24.5115     -0.0470884     4.1425e-05   -1.37472e-08   -1.17671e-12    1.63878e-15   -2.54017e-19
    4              3         2         3        828.363        42.6688      -0.036754    1.86315e-05   -4.05696e-09    -3.3926e-13    2.86897e-16   -3.25476e-20
    4              4         2         4        866.915        48.8579     -0.0390712    1.86331e-05   -3.74949e-09   -3.75998e-13    2.71567e-16   -3.01337e-20
    4              5         2         6        730.961        60.3746     -0.0447267     2.0615e-05   -4.02512e-09   -3.62021e-13    2.56472e-16   -2.69828e-20
    4              6         3         6        1296.35        94.1892     -0.0549992    2.38398e-05   -4.91483e-09   -4.18972e-13    3.62444e-16   -4.33523e-20
    4              7         3         7         1210.5        101.428     -0.0578529     2.4095e-05   -4.45485e-09   -4.82939e-13    3.12672e-16   -3.31813e-20
    4              8         3         8        1537.19        105.639     -0.0558901    2.16145e-05   -3.74691e-09   -3.66745e-13    2.26305e-16   -2.25381e-20
    4              9         3         9         1679.5        110.924     -0.0579066     2.2939e-05   -4.05708e-09   -4.92358e-13    2.94035e-16   -3.06137e-20
    4             10         4         7        2496.29        133.721     -0.0528303     1.3469e-05   -7.29122e-10   -3.66218e-13     3.8208e-17    3.47436e-21
    4             11         4         9        2201.37         153.87     -0.0685509    2.54123e-05    -4.2886e-09   -5.93976e-13    3.26175e-16   -3.28612e-20
    4             12         4        10        2160.11        162.382     -0.0708934    2.47636e-05   -3.53001e-09   -6.75953e-13    2.79577e-16   -2.41257e-20
    4             13         5        10         1966.3        213.189     -0.0875244    3.36305e-05   -6.95386e-09    -3.3815e-13    4.20338e-16    -5.1396e-20
    4             14         5        11        2642.06        218.681     -0.0844033     3.0296e-05   -5.54797e-09   -4.50612e-13    3.49647e-16   -3.87154e-20
    4             15         5        12        2411.29        228.698     -0.0861642    2.84847e-05   -4.60081e-09   -3.86347e-13    2.52775e-16   -2.53759e-20
    4             16         6        12        3657.59        277.945     -0.0904533    2.96923e-05   -4.79306e-09   -9.98811e-13    5.33162e-16   -5.87887e-20
    4             17         6        13        7689.63        276.048     -0.0826776    2.59406e-05   -3.52141e-09   -1.23388e-12    5.27238e-16   -5.37968e-20
    4             18         6        14        6224.78        295.767     -0.0983362    3.37827e-05   -5.28097e-09   -1.09339e-12    5.13172e-16   -4.98693e-20
 *  4             19         7        15         144315        144.194      0.0281794   -2.46456e-06   -2.00934e-09   -1.56789e-13    1.00491e-16    1.10286e-21   
    5              0         1         1        913.759        4.11189    -0.00295596    3.23631e-08    8.98331e-10    1.89498e-13    -2.4258e-16     8.4701e-22
    5              1         1         2       -325.339        25.3169     -0.0648602    7.74989e-05   -3.37045e-08   -7.19638e-12    9.96526e-15   -2.13423e-18
    5              2         1         3       -92.4429        24.7033     -0.0438218    3.59751e-05   -1.12148e-08   -9.11648e-13    1.19721e-15   -1.75914e-19
    5              3         2         3        359.938        46.1797     -0.0394588    2.00686e-05   -4.51104e-09   -2.64465e-13    2.86274e-16   -3.35654e-20
    5              4         2         4        533.863        51.3221     -0.0399892      1.946e-05   -4.14717e-09   -3.52464e-13    2.95281e-16   -3.40534e-20
    5              5         2         6        920.993        58.7085     -0.0366601    1.43014e-05   -2.30157e-09   -2.85787e-13    1.48328e-16   -1.41104e-20
    5              6         3         6         1165.2        95.2585     -0.0503584    2.00056e-05   -3.72742e-09   -3.53157e-13    2.51481e-16   -2.73787e-20
    5              7         3         7        1220.73        102.324     -0.0533075    2.16527e-05    -4.2851e-09   -2.72581e-13    2.53056e-16   -2.85703e-20
    5              8         3         8         1039.4        110.494     -0.0586858    2.48285e-05   -5.07357e-09   -3.84879e-13    3.36381e-16   -3.85071e-20
    5              9         3         9        1142.51         115.91     -0.0607338    2.67005e-05   -5.65906e-09   -5.01971e-13    4.22127e-16   -4.94628e-20
    5             10         4         7        1414.96         142.31      -0.061583    2.19964e-05   -3.85596e-09   -2.96768e-13    2.12837e-16   -2.15741e-20
    5             11         4         9        1577.38        158.833     -0.0663395    2.42426e-05   -4.38413e-09   -4.58329e-13    3.13129e-16   -3.42196e-20
    5             12         4        10        1831.22        166.806     -0.0700434    2.59519e-05   -4.48498e-09   -5.47216e-13    3.12597e-16   -3.08139e-20
    5             13         5        10        1389.54        221.968     -0.0959315    4.41048e-05   -1.06008e-08   -6.53775e-13    7.79482e-16    -9.7721e-20
    5             14         5        11         1902.9         226.53     -0.0860398    3.39761e-05   -7.40538e-09   -3.98964e-13    4.80327e-16    -5.8267e-20
    5             15         5        12        2805.26         230.64     -0.0814976    2.95513e-05   -5.72053e-09   -5.36482e-13    4.19911e-16   -4.77465e-20
    5             16         6        12        4980.41        272.177     -0.0597509    5.14547e-06    2.11882e-09   -2.55851e-13   -1.26763e-16    2.10637e-20
    5             17         6        13        7195.89        277.658     -0.0598146    5.17454e-06    2.38027e-09   -3.12093e-13   -1.54758e-16    2.76805e-20
    5             18         6        14       -1245.78        325.234      -0.116524    3.96726e-05   -5.35613e-09   -1.10474e-12    4.25016e-16   -3.57233e-20
 *  5             19         7        15        75592.1        220.717      0.0202464   -8.22634e-06   -1.78833e-09    2.79647e-13    1.66259e-16    -2.7447e-20
    6              0         1         1        1464.26     -0.0798493      0.0074548   -7.00419e-06   -8.58898e-09    6.79156e-12    1.29922e-14   -1.02682e-17
    6              1         1         2       -49.2014        24.5522     -0.0709236    9.46165e-05   -4.63876e-08   -8.95593e-12    1.49632e-14   -3.48583e-18
    6              2         1         3       -45.8193        25.8621     -0.0526867    4.91428e-05   -1.63949e-08   -3.15473e-12     3.1977e-15   -5.37078e-19
    6              3         2         3        555.758        45.4107     -0.0406168     2.0497e-05   -4.30666e-09    -3.7939e-13    2.97398e-16   -3.30335e-20
    6              4         2         4        814.258        50.1475     -0.0413958    2.01277e-05   -3.91018e-09   -5.94338e-13    3.62254e-16   -4.07486e-20
    6              5         2         6        955.576        59.9095     -0.0440372    2.01524e-05   -3.89929e-09   -4.03407e-13    2.74198e-16   -2.96375e-20
    6              6         3         6        1398.49        94.8672     -0.0538407    2.20486e-05   -4.26573e-09   -3.37314e-13     2.7371e-16   -3.06047e-20
    6              8         3         8        1714.47        107.315     -0.0574729    2.25849e-05   -3.89702e-09   -5.08848e-13    2.87593e-16   -2.91271e-20
    6              7         3         7        1593.95        100.385     -0.0544382    2.12527e-05   -3.62693e-09   -4.73738e-13     2.6515e-16   -2.67939e-20
    6              9         3         9        1324.28        116.835     -0.0672342    2.93582e-05   -5.65402e-09    -5.8141e-13    3.83169e-16   -3.95206e-20
    6             10         4         7        1285.71        145.121     -0.0738777    3.17267e-05   -6.93782e-09   -4.17799e-13    4.52196e-16   -5.34434e-20
    6             11         4         9        2143.16         156.76      -0.067715    2.21927e-05   -2.85379e-09   -4.93509e-13    1.66627e-16   -1.04609e-20
    6             12         4        10        2940.51        162.773     -0.0702015    2.62075e-05   -4.73961e-09   -5.93732e-13    3.76131e-16   -4.09024e-20
    6             13         5        10        2245.29        217.807     -0.0878764    3.13487e-05   -5.12067e-09   -1.15899e-12    6.30763e-16    -7.3683e-20   
    6             14         5        11        2553.07        224.348      -0.086583    2.99494e-05   -5.06475e-09   -5.60742e-13    3.58707e-16   -3.94356e-20
    6             15         5        12        2922.11        232.801     -0.0897945     3.2081e-05   -5.87955e-09   -4.76623e-13    3.74536e-16   -4.16561e-20
    6             16         6        12       -234.083        306.384      -0.129791    5.15498e-05   -8.74638e-09   -1.39287e-12    7.03153e-16   -6.74753e-20
    6             17         6        13        1111.84        301.233     -0.0975797    2.64146e-05   -2.53562e-09   -8.26599e-13     2.6113e-16   -2.00867e-20
    6             18         6        14         4020.6         294.44     -0.0703376    6.17988e-06     2.7053e-09   -3.32975e-13   -1.66337e-16    2.97351e-20
    7              0         1         1        958.915        2.80746    0.000575774   -3.96584e-06   -2.13177e-10    2.77354e-12    1.65479e-15     -1.914e-18
    7              1         1         2       -146.041        24.7026     -0.0750539    0.000105983    -5.4355e-08    -1.3573e-11    2.22159e-14   -5.61103e-18
    7              2         1         3        104.192        23.4147     -0.0478508    4.47202e-05   -1.55568e-08   -1.67499e-12     2.2213e-15   -3.64014e-19
    7              3         2         3        596.964        43.9532     -0.0422601    2.33925e-05   -5.56404e-09    -3.5647e-13    3.84015e-16   -4.59301e-20
    7              4         2         4        922.682        47.5241     -0.0389241    1.86388e-05   -3.76863e-09   -3.67657e-13    2.77643e-16   -3.22191e-20
    7              5         2         6        1003.36        56.7409     -0.0399503    1.65809e-05   -2.68278e-09   -4.00548e-13    1.94623e-16   -1.83385e-20
    7              6         3         6        1376.38         91.345     -0.0525878    2.07274e-05   -3.57358e-09   -3.97682e-13    2.33736e-16   -2.30377e-20
    7              7         3         7        888.917        103.144     -0.0671643    3.20659e-05   -7.24434e-09   -3.05203e-13    4.15908e-16   -4.95815e-20
    7              8         3         8        1495.17        105.009     -0.0596167    2.45016e-05   -4.35425e-09   -5.65825e-13     3.2217e-16   -3.22949e-20
    7              9         3         9        1901.69         107.84     -0.0551126    1.93481e-05   -2.71051e-09   -4.20615e-13    1.73936e-16   -1.42728e-20
    7             10         4         7        982.361        142.994     -0.0801547    3.64562e-05   -7.97505e-09    -5.3452e-13    5.30131e-16    -6.2017e-20
    7             11         4         9        1987.51        152.386     -0.0678318    2.21519e-05   -2.67789e-09   -6.13372e-13    2.02284e-16   -1.39056e-20
    7             12         4        10        1923.72        162.674     -0.0784616    3.16221e-05   -6.21074e-09    -5.2431e-13    4.21207e-16   -4.73997e-20
    7             13         5        10        1768.65        213.787     -0.0964784     3.9347e-05    -7.7741e-09   -7.68163e-13    5.76104e-16   -6.51252e-20
    7             14         5        11        2941.86        214.386     -0.0801026     2.3628e-05   -2.56586e-09   -6.57497e-13    2.11756e-16   -1.58277e-20
    7             15         5        12        2450.04        231.067      -0.116289    8.00739e-05   -4.71011e-08    1.73145e-11   -3.33593e-15    2.56032e-19
    7             16         6        12        4424.32        271.688     -0.0871654    2.57238e-05    -3.5653e-09   -6.57233e-13    3.01947e-16   -2.86567e-20
    7             17         6        13        1622.46        296.942      -0.116318    4.32256e-05   -7.31593e-09    -1.0544e-12    5.80611e-16    -5.9949e-20
    7             18         6        14        3843.19        293.242     -0.0918205    2.21505e-05    -9.2497e-10    -8.5301e-13     1.5447e-16   -5.29185e-21
    8              0         1         1        1655.54      -0.719403     0.00636795   -5.13874e-06   -6.54377e-09    4.65857e-12    9.58661e-15   -7.09655e-18
    8              1         1         2       -696.805        34.4034      -0.114237    0.000168194   -8.51579e-08   -3.59945e-11    5.10171e-14   -1.36703e-17
    8              2         1         3        168.055        25.3861     -0.0549196    5.30332e-05   -1.83663e-08    -3.3191e-12    3.58691e-15   -6.17061e-19
    8              3         2         3        889.909        45.2434     -0.0428895    2.23326e-05   -4.89752e-09   -3.83871e-13    3.34268e-16   -3.79805e-20
    8              4         2         4        1118.66        50.2047     -0.0426981    2.05737e-05   -4.01442e-09   -4.91385e-13    3.12765e-16   -3.39333e-20
    8              5         2         6        1046.13        61.6164      -0.048366    2.29472e-05   -4.63369e-09   -4.48721e-13    3.28894e-16   -3.64683e-20
    8              6         3         6        1756.01        95.3373     -0.0546255    2.08527e-05   -3.42742e-09    -4.8794e-13    2.67925e-16       -2.8e-20
    8              7         3         7        1781.34        102.784     -0.0579857     2.2429e-05   -3.89479e-09   -3.98325e-13    2.53674e-16   -2.66593e-20
    8              8         3         8        1566.35        110.974     -0.0640418    2.65526e-05   -5.04149e-09   -4.96711e-13    3.50976e-16    -3.8386e-20
    8              9         3         9        2112.78        114.068     -0.0603528    2.27229e-05   -3.86498e-09   -4.07264e-13    2.45455e-16    -2.4601e-20
    8             10         4         7        2413.62        141.612     -0.0651744    2.14835e-05   -2.93398e-09   -5.32136e-13    2.30001e-16   -2.13745e-20
    8             11         4         9        1946.36        163.308     -0.0794418    3.10236e-05   -5.67626e-09   -6.74662e-13    4.36875e-16   -4.79376e-20
    8             12         4        10        2292.63        169.331     -0.0790325    3.02896e-05   -5.47372e-09   -7.92699e-13    4.96844e-16   -5.69531e-20
    8             13         5        10        2455.72        219.915     -0.0904613    3.04807e-05    -4.5784e-09   -6.08452e-13    3.03633e-16   -2.89188e-20
    8             14         5        11        3588.15        222.298     -0.0810718    2.56172e-05   -4.26112e-09    -5.0311e-13    3.38624e-16   -3.86457e-20
    8             15         5        12        3281.87        234.671     -0.0905704    3.11121e-05   -5.24168e-09   -7.11838e-13    4.23505e-16   -4.51656e-20
    8             16         5        13        3696.12        238.631     -0.0789218    1.87246e-05   -1.28797e-09   -4.28616e-13    7.85308e-17    -8.0638e-22
    8             17         6        12        4309.28        283.063     -0.0841946    1.95158e-05   -1.10419e-09   -7.64629e-13    2.10262e-16   -1.76949e-20
    8             18         6        13        1548.92        308.589      -0.110847      3.507e-05   -4.84535e-09   -7.75951e-13    3.50626e-16    -3.3059e-20
    8             19         6        14         3568.3        302.011     -0.0773837    7.64119e-06    3.07252e-09   -4.07867e-13   -1.95082e-16    3.46942e-20
 *  8             20         7        15         117171        180.275      0.0265654   -6.89283e-06   -2.54405e-09    2.29186e-13    2.78567e-16   -4.85772e-20
    9              0         1         1        64.0045        17.0026     -0.0518081     7.1764e-05   -3.72294e-08   -5.15609e-12     1.0893e-14   -2.60907e-18
    9              1         1         2        164.742         19.752     -0.0368095     3.0873e-05   -9.70475e-09   -8.55722e-13     1.0845e-15    -1.6093e-19
    9              2         1         3        251.493        21.8139     -0.0305309     1.9373e-05   -4.56402e-09   -4.39733e-13    3.61778e-16   -4.24925e-20
    9              3         2         3        644.957        47.0623     -0.0384238    1.89134e-05   -3.94333e-09   -4.08821e-13    3.07011e-16   -3.53372e-20
    9              4         2         4        499.808          54.34     -0.0429294    2.06651e-05   -4.21352e-09   -3.24868e-13    2.60333e-16   -2.81927e-20
    9              5         2         6        554.765        64.8459     -0.0449511    2.00266e-05   -3.88223e-09   -3.44459e-13    2.50664e-16   -2.67464e-20
    9              6         3         6        910.765        102.046     -0.0520151    1.82731e-05    -2.6478e-09   -4.62972e-13    2.14587e-16   -2.09151e-20
    9              7         3         7        1680.07        103.008     -0.0408851    7.24686e-06    1.06622e-09   -3.02414e-13   -8.87203e-17    1.98014e-20
    9              8         3         8        938.006        116.864     -0.0617911    2.59036e-05   -5.11434e-09   -4.68884e-13    3.53498e-16   -3.88637e-20
    9              9         3         9        1453.58        119.467     -0.0556904    1.89175e-05   -2.44462e-09   -5.42881e-13    2.01667e-16   -1.65647e-20
    9             10         4         7        671.704        155.999     -0.0762881    3.17804e-05   -6.49056e-09   -5.01611e-13    4.36499e-16   -4.97249e-20
    9             11         4         9        886.498        173.751     -0.0824909    3.61972e-05   -8.05089e-09   -4.70573e-13    5.11832e-16   -5.94332e-20
    9             12         4        10        817.438         182.58     -0.0873285    3.88236e-05   -8.63099e-09   -4.81228e-13    5.30178e-16   -6.07981e-20
    9             13         5        10        429.834        232.162     -0.0844953    2.71358e-05   -4.05693e-09   -5.82686e-13    2.91904e-16   -2.80829e-20
    9             14         5        11        1967.68        235.134     -0.0773767    2.15105e-05   -2.63842e-09   -5.01058e-13     2.2341e-16   -2.21679e-20
   10              0         1         1        100.475        16.0149     -0.0556547    8.88828e-05   -5.37207e-08   -7.19643e-12    1.96184e-14   -5.41658e-18
   10              1         1         2        59.1265        20.4218     -0.0446014    4.34691e-05   -1.46268e-08    -3.6852e-12    3.53103e-15   -6.20126e-19
   10              2         1         3         261.73        21.0604     -0.0331307    2.30466e-05   -5.22237e-09   -1.33815e-12     8.0295e-16   -9.92599e-20
   10              3         2         3        386.441        47.6435     -0.0439504    2.36375e-05    -5.4223e-09   -4.75953e-13    4.37748e-16   -5.47275e-20
   10              4         2         4        516.889        52.4961     -0.0425855    2.03055e-05   -4.08911e-09    -3.0976e-13    2.46002e-16   -2.63002e-20
   10              5         2         6        492.718        64.1453     -0.0489975    2.37708e-05   -5.09038e-09    -3.7359e-13    3.37436e-16   -3.88676e-20
   10              6         3         6        684.055        101.375     -0.0578162     2.2446e-05   -3.64445e-09   -4.61739e-13    2.29208e-16   -2.00594e-20
   10              7         3         7        636.864        110.508      -0.067373    3.14504e-05   -7.00712e-09   -5.27057e-13    5.13742e-16   -6.21327e-20
   10              8         3         8        1151.72        113.171     -0.0603746    2.38192e-05   -4.27709e-09     -4.836e-13    3.05236e-16   -3.20713e-20
   10              9         3         9        534.853        125.392      -0.079018    4.04003e-05   -9.85055e-09   -5.63598e-13    6.90504e-16   -8.52552e-20
   10             10         4         7         618.57        154.961     -0.0821832    3.58638e-05   -7.56847e-09   -7.51085e-13    6.53123e-16   -8.31117e-20
   10             11         4         9        639.528        173.276     -0.0894847      4.018e-05   -9.14168e-09   -4.02951e-13    5.67385e-16   -6.98175e-20
   10             12         4        10        526.785        184.632      -0.102083    5.08363e-05   -1.24763e-08    -5.6686e-13    8.24331e-16   -1.02732e-19
   11              0         1         1        261.605        13.9417     -0.0442919      6.476e-05   -3.56594e-08   -4.74764e-12     1.1227e-14   -2.83756e-18
   11              1         1         2       -20.0223        21.6182     -0.0486056    4.89736e-05   -1.80248e-08   -2.80835e-12    3.49342e-15   -6.32548e-19
   11              2         1         3        264.718        21.5145     -0.0352043    2.63543e-05   -7.28324e-09   -9.54276e-13    8.76648e-16   -1.23095e-19
   11              3         2         3        371.398        47.7557     -0.0451224    2.49167e-05   -5.82095e-09   -4.74695e-13     4.4253e-16   -5.31162e-20
   11              4         2         4        515.409        53.3152     -0.0448912     2.2527e-05   -4.83634e-09   -3.43186e-13    3.10514e-16   -3.52784e-20
   11              5         2         6        496.193        64.8992     -0.0517601    2.67514e-05   -6.24183e-09   -4.13223e-13    4.48338e-16   -5.52679e-20
   11              6         3         6         685.53        102.579     -0.0633506    2.79155e-05   -5.79381e-09   -2.83721e-13    3.13913e-16   -3.52524e-20
   11              7         3         7        542.046        111.584     -0.0700959    3.25722e-05   -7.10657e-09   -4.17811e-13    4.44468e-16   -5.22792e-20
   11              8         3         8        873.036        116.008     -0.0674599    2.87432e-05   -5.62799e-09   -4.18686e-13    3.43133e-16   -3.78489e-20
   11              9         3         9        738.559        124.831     -0.0781802    3.85827e-05   -9.15002e-09   -4.34333e-13    5.89517e-16   -7.28839e-20
   11             10         4         7        1219.28        149.376     -0.0711011    2.58554e-05   -4.51466e-09   -4.29884e-13    3.21808e-16   -3.77912e-20
   11             11         4         9        343.034        176.736     -0.0989405    4.64141e-05   -1.02793e-08   -8.46678e-13    7.87534e-16   -9.50643e-20
   11             12         4        10        926.947        181.023      -0.093992    4.10758e-05   -8.49685e-09   -6.16946e-13     5.5573e-16    -6.2881e-20
   12              0         1         1        317.432         13.836     -0.0435556    6.33388e-05   -3.38868e-08   -6.33331e-12    1.20785e-14   -3.02374e-18
   12              1         1         2        43.0635        21.0103     -0.0470456    4.76547e-05    -1.7496e-08   -3.17183e-12    3.72568e-15   -6.81063e-19
   12              2         1         3        367.993        20.2436     -0.0308849    2.10368e-05   -4.95897e-09   -9.58638e-13    6.53329e-16   -8.49084e-20
   12              3         2         3        546.334        46.7347     -0.0437601    2.37197e-05   -5.29614e-09   -5.99346e-13    4.68711e-16   -5.69481e-20
   12              4         2         4        932.225        49.2723     -0.0392782    1.83321e-05   -3.56157e-09   -3.07577e-13    2.22473e-16   -2.36256e-20
   12              5         2         6        810.955        61.5956     -0.0463386    2.23508e-05    -4.8016e-09   -3.78972e-13    3.36866e-16   -3.93684e-20
   12              6         3         6        1234.25        99.2319     -0.0601079    2.59755e-05   -5.15084e-09   -4.95701e-13     3.8191e-16   -4.41084e-20
   12              7         3         7        1074.96        107.255     -0.0655722     2.9542e-05   -6.20233e-09   -4.77612e-13    4.28788e-16   -5.02022e-20
   12              8         3         8        894.942        116.014     -0.0741482    3.63232e-05   -8.32966e-09   -5.46513e-13      5.776e-16   -6.95623e-20
   12              9         3         9        1240.85        119.462     -0.0707703     3.2374e-05    -6.8548e-09   -6.42718e-13    5.27507e-16   -6.20675e-20
   12             10         4         7        672.778         155.05     -0.0943794    4.91512e-05    -1.2441e-08   -6.84467e-13    9.01619e-16   -1.13285e-19
   12             11         4         9        979.714        170.117     -0.0921218    4.28569e-05   -9.95027e-09   -4.80773e-13    6.42611e-16   -7.88398e-20
   12             12         4        10        1083.33        179.212      -0.099954    4.93936e-05    -1.2027e-08   -5.57598e-13    7.92539e-16   -9.80672e-20
   12             13         5        10        2661.77        220.456      -0.090225    3.39049e-05   -6.54464e-09   -5.98079e-13    4.68868e-16   -5.31766e-20
   12             14         5        11        1920.64        234.132     -0.0992287    3.77968e-05   -7.05249e-09   -6.98744e-13    4.97272e-16   -5.48422e-20
   12             15         5        12        2406.57        242.372      -0.102217    3.90619e-05   -7.31509e-09   -6.35438e-13    4.69987e-16   -5.03553e-20  
   13              0         1         1        243.841         14.319     -0.0477184    7.41612e-05   -4.33446e-08   -6.46543e-12    1.57543e-14     -4.237e-18
   13              1         1         2       -1.90618        21.2395     -0.0464505    4.52836e-05    -1.6511e-08   -1.61629e-12    2.40705e-15   -4.09143e-19
   13              2         1         3        362.465        20.4229      -0.031722     2.1948e-05   -5.10142e-09   -1.14535e-12     7.3664e-16   -9.44126e-20
   13              3         2         3        748.814        44.5581      -0.038828    1.96795e-05   -4.27555e-09   -2.89752e-13    2.73408e-16   -3.12712e-20
   13              4         2         4        453.697        52.9198     -0.0454556    2.31628e-05   -5.07732e-09   -3.23916e-13    3.19899e-16   -3.70352e-20
   13              5         2         6        604.604        63.2447     -0.0498567    2.50179e-05   -5.50566e-09   -4.07577e-13    3.78726e-16   -4.43454e-20
   13              6         3         6         1138.4        98.4285     -0.0578761    2.38202e-05   -4.31383e-09   -5.50053e-13    3.40368e-16   -3.66033e-20
   13              7         3         7        747.191        109.208       -0.06951    3.34086e-05   -7.65595e-09   -4.36553e-13     5.0931e-16   -6.19229e-20
   13              8         3         8        1080.01        113.847     -0.0692805    3.25049e-05   -7.23245e-09   -5.52568e-13    5.29009e-16   -6.34581e-20
   13              9         3         9        1153.19        119.213     -0.0705483    3.30981e-05   -7.39214e-09   -6.00444e-13    5.63476e-16   -6.85477e-20
   13             10         4         7        1068.49        152.207     -0.0863344    3.96008e-05   -8.34118e-09   -6.51574e-13    5.40352e-16     -5.866e-20
   13             11         4         9        1151.76        168.705     -0.0902082     4.1503e-05   -9.32451e-09   -5.34817e-13    5.88301e-16   -6.79303e-20
   13             12         4        10        1597.39        174.159     -0.0875707    3.79643e-05   -7.85627e-09   -7.82796e-13    6.21306e-16    -7.3132e-20
   13             13         5        11        2081.39         232.96     -0.0996297    4.31902e-05   -1.07111e-08   -6.30397e-13    8.96188e-16   -1.21469e-19
   14              0         1         1        81.8503        16.8255     -0.0685157    0.000127973   -8.92979e-08   -1.82916e-11     4.9504e-14   -1.60201e-17
   14              1         1         2        7.98938        21.1216     -0.0529537    5.99757e-05   -2.44972e-08   -5.85497e-12    7.43007e-15   -1.57986e-18
   14              2         1         3        299.543         20.746     -0.0367096    2.92726e-05   -8.28544e-09   -1.61603e-12    1.36646e-15   -2.06154e-19
   14              3         2         3        536.666        45.5061     -0.0450371     2.5243e-05   -6.05639e-09   -2.90466e-13    3.72278e-16   -4.45018e-20
   14              4         2         4        786.689        49.9733     -0.0450053    2.44193e-05   -5.78222e-09   -4.06631e-13    4.33211e-16   -5.44251e-20
   14              5         2         6        578.926        63.0403     -0.0564951     3.2379e-05   -8.15807e-09   -6.03904e-13    6.71759e-16   -8.72257e-20
   14              6         3         6        874.244        99.2125     -0.0669687    3.13568e-05   -6.70713e-09   -4.46238e-13    4.32022e-16   -4.98025e-20
   14              7         3         7         889.95        106.834      -0.072182    3.49773e-05   -7.85712e-09   -4.08918e-13    4.78768e-16    -5.6109e-20
   14              8         3         8        1212.61        111.053      -0.068721    3.02953e-05   -6.20194e-09   -3.97964e-13    3.76366e-16   -4.25147e-20
   14              9         3         9         1489.5        115.444     -0.0685554     2.9249e-05   -5.69539e-09   -4.05225e-13    3.32861e-16   -3.55468e-20
   14             10         4         7        667.084        153.878      -0.097609    4.80539e-05   -1.00531e-08   -1.69741e-12    1.10007e-15   -1.29175e-19
   14             11         4         9        1437.71        163.848     -0.0890943    4.09557e-05   -9.43055e-09   -7.82589e-13    7.88988e-16   -1.00116e-19
   14             12         4        10         1586.9        171.518     -0.0896341    3.86044e-05   -8.32628e-09   -5.09775e-13    5.57538e-16   -6.67285e-20
   14             13         5        11        853.802        238.658      -0.118761    5.14489e-05   -1.06095e-08   -9.80706e-13    8.01018e-16   -9.33269e-20
   15              0         1         1        121.978        17.3353     -0.0575681    8.78307e-05   -4.95155e-08   -9.58491e-12    1.94238e-14   -5.12388e-18
   15              1         1         2       -141.377        22.9409     -0.0467226    4.27325e-05     -1.409e-08   -2.58545e-12    2.65566e-15   -4.46646e-19
   15              2         1         3        280.212        21.7568     -0.0313259    2.02567e-05   -4.64908e-09   -7.04029e-13     4.8319e-16   -5.80808e-20
   15              3         2         3        446.412        48.4701      -0.042884    2.28493e-05   -5.22889e-09   -4.54008e-13    4.08476e-16   -4.94466e-20
   15              4         2         4        667.319        52.9467     -0.0413957    1.91411e-05   -3.67855e-09   -2.85729e-13    2.07678e-16   -2.12133e-20
   15              5         2         6        844.378        62.6396      -0.041403    1.69765e-05   -2.94211e-09   -3.07986e-13      1.834e-16   -1.81228e-20
   15              6         3         6        1164.89        102.154     -0.0560417     2.2323e-05   -4.20734e-09   -3.32304e-13    2.63883e-16   -2.91863e-20
   15              7         3         7        980.192        109.851     -0.0614392    2.59769e-05   -5.07646e-09   -4.27932e-13    3.26302e-16    -3.5264e-20
   15              8         3         8        1513.17        112.608      -0.055001    1.98402e-05   -3.27148e-09   -3.68602e-13    2.20601e-16   -2.31061e-20
   15              9         3         9        1260.97        121.984      -0.066452    2.95562e-05   -6.45416e-09   -4.02054e-13    4.25279e-16   -5.08287e-20
   15             10         4         7        737.788        155.582     -0.0792003    3.37554e-05   -6.64708e-09   -6.82156e-13    4.74838e-16   -5.07301e-20
   15             11         4         9        1564.46         169.07     -0.0763289    2.98369e-05    -5.5798e-09    -5.5546e-13    3.76175e-16    -3.9097e-20
   15             12         4        10        1188.58        181.619     -0.0883833    3.90836e-05    -8.4739e-09   -6.76027e-13    6.17651e-16   -7.34096e-20
   15             13         5        10        914.872        233.321     -0.0974261    3.82423e-05   -7.40008e-09   -6.01761e-13    4.61497e-16   -4.89383e-20
   15             14         5        11        3093.79        232.422      -0.082243    2.77963e-05   -4.72203e-09   -8.29921e-13    4.93409e-16   -5.74686e-20
   15             15         5        12        7654.41        220.474     -0.0496784    3.06846e-06    2.08306e-09   -1.98687e-13   -1.25413e-16    2.09332e-20
   16              0         1         1       -136.055        19.1717     -0.0724008    0.000125071   -8.20469e-08   -1.08526e-11    3.38521e-14   -1.00788e-17
   16              1         1         2        45.8471         20.177      -0.044527    4.42773e-05    -1.5466e-08   -3.57861e-12    3.65682e-15   -6.54916e-19
   16              2         1         3        231.161        20.8351     -0.0325055    2.23853e-05   -5.06391e-09   -1.22826e-12    7.37375e-16   -8.86944e-20
   16              3         2         3        383.891        46.7761     -0.0442602    2.44199e-05    -5.6865e-09   -4.20134e-13    4.02516e-16   -4.73298e-20
   16              4         2         4        457.534        51.8955     -0.0432588    2.12629e-05   -4.47074e-09   -2.95735e-13     2.6924e-16   -3.00423e-20
   16              5         2         6        680.078        61.2317     -0.0443506    1.98841e-05   -3.89485e-09   -2.78747e-13    2.25854e-16   -2.42188e-20
   16              6         3         6        649.042        100.941      -0.064214    2.96102e-05   -6.27993e-09   -4.47142e-13    4.07717e-16   -4.64313e-20
   16              7         3         7        933.856        105.947      -0.062072    2.67476e-05   -5.44974e-09   -3.61524e-13     3.3543e-16    -3.8022e-20
   16              8         3         8        643.169         115.34     -0.0723866    3.51113e-05   -8.08825e-09   -4.82025e-13    5.43622e-16   -6.57487e-20
   16              9         3         9         979.88        119.293      -0.069821    3.18565e-05   -6.80712e-09    -5.3112e-13    4.70788e-16   -5.43954e-20
   16             10         4         7        980.596        148.976     -0.0760683    2.96974e-05   -5.14675e-09   -5.58068e-13    3.28662e-16   -3.25677e-20
   16             11         4         9        1099.76        167.983     -0.0876457    3.89439e-05    -8.2443e-09   -7.49884e-13    6.12389e-16    -7.0199e-20
   16             12         4        10         1235.8         176.19     -0.0925239     4.1835e-05   -8.84189e-09   -8.49784e-13    6.68963e-16   -7.64167e-20
   16             13         5        11       -201.326        246.309      -0.122998    5.77928e-05   -1.34202e-08   -8.84923e-13    9.73274e-16   -1.19826e-19
   17              0         1         1        29.3637         19.561     -0.0722331    0.000118658   -7.07619e-08   -1.77226e-11    3.52338e-14   -1.01033e-17
   17              1         1         2       -119.695        23.4064     -0.0519623    5.14126e-05   -1.84629e-08   -3.65303e-12    4.16471e-15   -7.76789e-19
   17              2         1         3        128.889        23.9398     -0.0402479    3.03325e-05   -8.50377e-09   -9.78095e-13    9.63677e-16   -1.35978e-19
   17              3         2         3        394.257         49.553     -0.0452853    2.33354e-05   -4.98929e-09   -3.89831e-13    3.21757e-16   -3.53013e-20
   17              4         2         4        609.901        54.7689     -0.0450593     2.1916e-05   -4.58732e-09   -3.52171e-13    3.03321e-16   -3.46526e-20
   17              5         2         6         790.74         64.858     -0.0471838    2.14317e-05   -4.16616e-09   -4.03831e-13    2.84477e-16   -3.07947e-20
   17              6         3         6        1149.42        101.858     -0.0545908    1.97773e-05   -3.03923e-09    -4.3508e-13    2.22974e-16   -2.23196e-20
   17              7         3         7        997.299        110.702     -0.0607851    2.44039e-05   -4.55012e-09    -4.2521e-13    3.00481e-16   -3.19931e-20
   17              8         3         8         1028.9        118.286     -0.0641018    2.57814e-05   -4.93945e-09   -3.98371e-13    3.19407e-16   -3.55013e-20
   17              9         3         9        733.728         127.95     -0.0748646      3.459e-05   -7.53286e-09   -6.65511e-13    5.78925e-16   -6.87745e-20
   17             10         4         7        1076.36        155.158     -0.0728961    2.66992e-05   -4.58373e-09     -5.281e-13    3.29827e-16    -3.4971e-20
   17             11         4         9        776.512        178.137     -0.0919907    4.26988e-05   -1.01152e-08   -4.13806e-13    6.16542e-16   -7.43994e-20
   17             12         4        10        1360.03        181.638     -0.0827504    3.30391e-05   -6.73052e-09   -5.10909e-13    4.57405e-16     -5.255e-20
   17             13         5        11        39.1366        250.293      -0.104445    4.12176e-05   -7.95181e-09   -1.20634e-12    7.68402e-16   -8.77025e-20
   18              0         1         1        551.155        4.38915     -0.0136343    1.86255e-05   -9.25871e-09   -7.97277e-13    2.00057e-15   -4.38245e-19
   18              1         1         2        13.5218        12.7527     -0.0310184    3.31207e-05   -1.28334e-08    -2.2229e-12    2.83998e-15   -5.39677e-19
   18              2         1         3        266.098        11.7993     -0.0203202    1.54475e-05   -4.39059e-09   -3.49182e-13    4.01959e-16   -5.41091e-20
   18              3         2         3        479.021        26.9571     -0.0279513    1.59727e-05   -3.78957e-09   -2.41464e-13    2.54651e-16   -3.00797e-20  
   18              4         2         4        665.357        29.5011     -0.0271885    1.41842e-05   -3.13325e-09   -1.89911e-13    1.92568e-16   -2.21028e-20
   18              5         2         6        585.421        36.7231     -0.0322567    1.68601e-05   -3.70553e-09   -2.94825e-13    2.55473e-16   -2.92267e-20
   18              6         3         6        757.655        59.5895     -0.0423462    1.99667e-05   -4.19037e-09   -2.93438e-13    2.63439e-16   -2.96366e-20
   18              7         3         7        972.407        62.6762      -0.042041    1.90994e-05    -3.7883e-09   -3.91022e-13    2.80306e-16   -3.13474e-20
   18              8         3         8        836.767        67.7763     -0.0457896    2.11804e-05    -4.2985e-09   -3.93222e-13    2.96828e-16   -3.26496e-20
   18              9         3         9         1374.1        67.8761     -0.0407833    1.69057e-05   -3.01696e-09   -3.73885e-13    2.23336e-16   -2.32599e-20
   18             10         4         7        996.551        89.5308      -0.054929    2.56702e-05   -5.67117e-09   -4.63572e-13    4.36248e-16   -5.34757e-20
   18             11         4         9        1061.53         100.12     -0.0592061    2.77333e-05   -6.29785e-09   -3.53727e-13    4.10495e-16   -4.93038e-20
   18             12         4        10           1210         104.69     -0.0611769    2.88241e-05   -6.61953e-09   -3.14549e-13    4.10633e-16   -4.95849e-20
   18             13         5        10       -172.282        138.398     -0.0675117    2.44608e-05   -3.44082e-09   -7.98523e-13    3.43101e-16   -3.32512e-20
   18             14         5        11        132.388        142.095     -0.0661091     2.3483e-05   -3.34628e-09   -7.24459e-13    3.16157e-16   -3.03666e-20
   18             15         5        12       -2117.26        157.394     -0.0826373    3.37553e-05   -5.42339e-09    -1.2492e-12    5.84021e-16   -5.88965e-20
   19              0         1         1        365.105        5.51169     -0.0200139    3.16338e-05    -1.8171e-08   -2.57838e-12    6.19634e-15   -1.62446e-18
   19              1         1         2        160.099        10.5224     -0.0280686    3.28416e-05   -1.37106e-08   -2.82377e-12    3.75959e-15    -7.8131e-19
   19              2         1         3        242.911        11.2102     -0.0222557    1.98615e-05   -6.31344e-09   -1.34525e-12    1.28497e-15   -2.16001e-19
   19              3         2         3        545.913        24.8468     -0.0286449    1.80085e-05   -4.70498e-09   -2.08863e-13     3.0822e-16   -3.80962e-20
   19              4         2         4        667.175        27.6179     -0.0291817    1.72326e-05   -4.19078e-09   -2.90759e-13    3.04847e-16   -3.73045e-20   
   19              5         2         6        683.236        33.4368     -0.0316617    1.72727e-05    -3.8912e-09   -2.91613e-13    2.64722e-16   -3.04454e-20
   19              6         3         6        989.896        54.6044     -0.0425055    2.11319e-05   -4.28884e-09   -6.14774e-13    3.98679e-16   -4.54787e-20
   19              7         3         7        789.529        61.1851     -0.0508461    2.79961e-05   -6.76615e-09   -4.01169e-13    4.66293e-16   -5.68521e-20
   19              8         3         8        898.489        64.2324     -0.0516802    2.82167e-05   -6.72602e-09   -5.43359e-13    5.28944e-16   -6.48671e-20
   19              9         3         9        1082.47        66.9375     -0.0519828    2.78412e-05    -6.6169e-09    -4.0365e-13    4.43971e-16   -5.25443e-20
   19             10         4         7        1088.68        84.2745     -0.0573831    2.68271e-05   -5.43729e-09   -5.51041e-13    4.12539e-16     -4.735e-20
   19             11         4         9        936.217        96.2336     -0.0673547    3.43127e-05   -7.91482e-09   -5.00631e-13    5.38377e-16   -6.46809e-20
   19             12         4        10        1116.23        100.668     -0.0689926    3.46273e-05   -7.77937e-09   -5.05209e-13    5.12266e-16   -5.99106e-20
   19             13         5        11        533.323        137.868     -0.0825936    3.84495e-05   -7.69686e-09   -1.17079e-12    7.45182e-16   -8.56723e-20
   20              0         1         1        234.813        8.84688     -0.0341958    5.57631e-05   -3.24949e-08   -6.65143e-12    1.35579e-14   -3.65843e-18
   20              1         1         2        330.056        10.0475     -0.0244711    2.56981e-05   -9.67384e-09   -1.53781e-12    1.90822e-15   -3.42911e-19
   20              2         1         3        382.643        11.2469     -0.0207001    1.65921e-05   -4.54778e-09   -1.04075e-12    8.08567e-16   -1.19641e-19
   20              3         2         3            804        25.1039     -0.0264496    1.50781e-05   -3.35856e-09   -4.45874e-13    3.14283e-16   -3.65588e-20
   20              4         2         4        712.651        29.3863     -0.0293959    1.62762e-05   -3.74605e-09   -2.50777e-13    2.50919e-16   -2.95489e-20
   20              5         2         6        849.386        35.1979     -0.0321138    1.72132e-05   -3.88423e-09   -2.92893e-13    2.68603e-16   -3.11356e-20
   20              6         3         6        1095.16        57.8174     -0.0425151    1.99108e-05   -3.88482e-09   -4.25417e-13    2.79415e-16   -2.95378e-20
   20              7         3         7        1099.41        62.3711     -0.0450947    2.13412e-05   -4.36347e-09   -3.80804e-13    2.93632e-16   -3.21575e-20
   20              8         3         8        1216.58        65.6481     -0.0458337     2.1494e-05   -4.39819e-09   -4.24721e-13    3.22563e-16   -3.63733e-20
   20              9         3         9        1213.24        70.0465     -0.0489386    2.30252e-05   -4.65207e-09   -4.86548e-13    3.46905e-16   -3.82382e-20
   20             10         4         7        1108.24        89.3279     -0.0585477    2.74699e-05   -5.73544e-09   -5.59858e-13    4.33926e-16    -4.9738e-20
   20             11         4         9        1399.46        98.4214     -0.0594378    2.61834e-05   -5.18917e-09   -4.96396e-13    3.69329e-16   -4.12294e-20
   20             12         4        10        1570.39        102.181     -0.0595626    2.56146e-05   -4.90332e-09   -4.99282e-13    3.42878e-16   -3.68288e-20
   20             13         5        10        -176.46        138.645     -0.0743526    2.99859e-05   -5.15599e-09    -8.2002e-13    4.46881e-16   -4.70162e-20
   20             14         5        11       -44.2697        143.124     -0.0743208    2.96814e-05   -4.96286e-09   -9.96976e-13    5.10653e-16   -5.42023e-20
   20             15         5        12         752.62        144.445     -0.0684437     2.4137e-05   -3.27187e-09   -8.86473e-13    3.69602e-16   -3.59002e-20
   20             16         5        13        8663.54        120.458     -0.0304768    1.31043e-06    1.37779e-09   -7.49894e-14   -8.48324e-17    1.24135e-20
   20             17         6        12       -3033.93        161.201     -0.0368222   -9.90881e-07    2.50718e-09    -2.7877e-14   -2.02982e-16    3.09427e-20
   20             18         6        13        34409.2         94.047     0.00461396   -4.47151e-06   -6.73494e-10    1.70996e-13    7.33913e-17    -1.3017e-20
   20             19         6        14        40339.4        92.7047     0.00520383   -3.98625e-06   -6.64351e-10    1.34616e-13    6.40093e-17   -1.01529e-20
   21              0         1         1        528.995         5.3696     -0.0153111    1.90981e-05   -8.70615e-09   -7.73857e-13    1.66458e-15   -3.37266e-19
   21              1         1         2        217.156        10.9172     -0.0228612    2.12594e-05   -7.07025e-09   -1.29347e-12    1.33426e-15   -2.24328e-19
   21              2         1         3        430.311        10.7916     -0.0162917    1.10617e-05   -2.68457e-09   -4.04785e-13    2.99299e-16   -3.79343e-20
   21              3         2         3        785.419        25.0194       -0.02304     1.2006e-05   -2.55394e-09   -2.68041e-13    2.03535e-16   -2.38085e-20
   21              4         2         4        830.753        28.5349     -0.0249885    1.28052e-05   -2.77838e-09   -1.91645e-13     1.7725e-16   -2.01918e-20
   21              5         2         6        775.878        35.6287     -0.0303161    1.58827e-05   -3.55368e-09   -2.45298e-13    2.32959e-16   -2.67421e-20
   21              6         3         6        1152.48        56.5306     -0.0374308    1.67128e-05   -3.23103e-09   -2.95453e-13    2.07456e-16    -2.1679e-20
   21              7         3         7        1197.75        61.2862     -0.0415904    1.99631e-05   -4.34159e-09    -2.6887e-13    2.68477e-16   -3.06763e-20
   21              8         3         8        1455.35        63.6112     -0.0401896    1.81287e-05    -3.6777e-09   -3.39002e-13    2.64653e-16   -3.01781e-20
   21              9         3         9        1533.83        67.3047     -0.0422482    1.88344e-05    -3.6773e-09   -3.05167e-13    2.24037e-16   -2.32834e-20
   21             10         4         7        1451.76        85.8838     -0.0493898    2.13489e-05   -4.17171e-09   -4.03879e-13    2.92077e-16   -3.19828e-20
   21             11         4         9        1703.87        95.8734     -0.0535868     2.3347e-05   -4.70308e-09   -4.60933e-13    3.59238e-16    -4.2083e-20
   21             12         4        10        1595.79        102.165     -0.0596779    2.79898e-05   -6.09562e-09   -5.22524e-13    4.58754e-16   -5.45465e-20
   21             13         5        10        633.221        132.664     -0.0628664    2.29169e-05   -3.31973e-09   -7.46131e-13    3.17059e-16   -2.91886e-20
   21             14         5        11        862.948        137.692     -0.0635165    2.22214e-05   -2.86396e-09   -7.44297e-13    2.75831e-16   -2.31757e-20
   21             15         5        12        2993.02        131.308     -0.0427275    5.21788e-06    1.97315e-09   -3.23102e-13   -1.53575e-16     3.0714e-20
   22              0         1         1        471.458        6.21024     -0.0192111    2.53583e-05    -1.2016e-08   -1.61142e-12    2.92083e-15   -6.23776e-19
   22              1         1         2        122.421        12.1676     -0.0283855    2.90231e-05   -1.07328e-08   -1.81244e-12    2.19502e-15   -3.99113e-19
   22              2         1         3        435.823         10.605     -0.0161121    1.06667e-05   -2.47022e-09   -3.60054e-13    2.48438e-16   -2.95627e-20
   22              3         2         3        791.987        24.8668     -0.0240201    1.27472e-05   -2.69307e-09   -2.59257e-13    1.90426e-16   -2.07024e-20
   22              4         2         4        804.438        28.6452     -0.0265737    1.40672e-05   -3.06082e-09   -2.29693e-13    1.97515e-16   -2.19035e-20
   22              5         2         6        859.078         35.065      -0.030654     1.6287e-05     -3.687e-09   -2.62079e-13    2.51438e-16   -2.94722e-20
   22              6         3         6        1095.97        56.7717     -0.0401304    1.90322e-05   -3.95039e-09   -3.72719e-13     2.9435e-16   -3.40367e-20
   22              7         3         7        1384.74        60.1693     -0.0418671    2.04149e-05   -4.54061e-09   -2.57547e-13    2.81843e-16   -3.29661e-20
   22              8         3         8        1290.09        64.5669     -0.0441614    2.12021e-05   -4.53243e-09   -3.41662e-13    3.03917e-16   -3.49274e-20
   22              9         3         9        1210.42        69.5316     -0.0492862    2.47619e-05   -5.62778e-09   -2.97546e-13    3.46579e-16   -4.09877e-20
   22             10         4         7        1379.03        85.3487     -0.0499384    2.05634e-05   -3.55231e-09   -4.61984e-13    2.53506e-16   -2.47759e-20
   22             11         4         9        2872.19        86.3793     -0.0347805    6.12598e-06    9.79763e-10   -2.63204e-13   -7.66199e-17    1.67996e-20
   22             12         4        10        2339.78        96.3497     -0.0502531    1.94563e-05   -3.21259e-09   -4.14681e-13    2.22973e-16    -2.1951e-20
   22             13         5        10       -577.592        139.231     -0.0777237    3.36534e-05   -6.41897e-09   -7.31876e-13    4.82952e-16   -5.21549e-20
   22             14         5        11       -1439.98        148.346     -0.0851573    3.77055e-05   -7.04474e-09   -1.06879e-12    6.29873e-16    -6.8128e-20
   22             15         5        12        659.953        145.643     -0.0745543    2.91967e-05   -4.45291e-09   -1.01244e-12    4.56675e-16   -4.47313e-20    
   23              0         1         1        469.989        4.35563     -0.0137856     2.0183e-05   -1.11818e-08   -7.63335e-13    2.76472e-15   -6.80442e-19
   23              1         1         2        133.762        11.2354     -0.0281868    3.11232e-05   -1.23657e-08   -2.35204e-12    2.99277e-15   -5.83395e-19
   23              2         1         3        326.191        10.9441       -0.01968     1.5924e-05   -4.69953e-09   -7.44721e-13    7.09626e-16   -1.09422e-19
   23              3         2         3        685.605        24.4027     -0.0248589    1.35998e-05   -2.94211e-09   -2.81146e-13    2.12505e-16   -2.36057e-20
   23              4         2         4        721.969         27.882     -0.0267304    1.43828e-05   -3.21515e-09   -2.12301e-13    2.03719e-16   -2.31805e-20
   23              5         2         6        754.865        34.1921     -0.0305926    1.60835e-05   -3.57759e-09   -2.31111e-13    2.25495e-16   -2.57961e-20
   23              6         3         6        896.153        56.9203      -0.043243    2.14296e-05   -4.63392e-09   -2.94801e-13    2.80234e-16   -3.13215e-20
   23              7         3         7        816.665        61.8672      -0.047313    2.42472e-05   -5.51224e-09    -2.8639e-13     3.2791e-16   -3.78993e-20
   23              8         3         8        1045.18        64.6102     -0.0470402    2.35267e-05   -5.34933e-09   -2.63905e-13    3.20763e-16   -3.78246e-20
   23              9         3         9        1260.23        67.9193     -0.0491212    2.45457e-05   -5.39419e-09   -4.07888e-13    3.68144e-16   -4.23357e-20
   23             10         4         7        1194.24        85.0274     -0.0534185     2.3852e-05    -4.7475e-09   -4.40633e-13    3.34204e-16   -3.75821e-20
   23             11         4         9        1416.79        95.6464     -0.0597234    2.75301e-05   -5.72132e-09   -4.38117e-13    3.73607e-16   -4.20929e-20
   23             12         4        10        1823.23        97.6714     -0.0570009    2.52738e-05   -5.05065e-09   -4.87436e-13    3.57475e-16    -3.9173e-20
   23             13         5        10       -221.315        137.964     -0.0824926    3.79672e-05   -7.75805e-09   -7.56156e-13    5.54259e-16   -6.05225e-20
   23             14         5        11       -719.166         143.94     -0.0817365     3.4764e-05   -6.05738e-09   -9.99906e-13    5.25103e-16   -5.33153e-20
   23             15         5        12        -774.47        147.052     -0.0775247     3.0191e-05   -4.65584e-09   -9.28033e-13    4.23457e-16   -4.06669e-20
   23             16         5        13        4824.57        127.479     -0.0405404    4.54931e-06    1.70505e-09   -2.59732e-13   -1.20302e-16    2.33495e-20
   23             17         6        12       -23076.2        195.003     -0.0564608   -1.33983e-06    4.47412e-09    8.67921e-14   -3.91652e-16    5.34568e-20
   23             18         6        13       -9130.57        176.602     -0.0470648    9.03762e-08    3.30447e-09   -7.00794e-14   -2.63874e-16     3.9419e-20
   23             19         6        14         -25388        213.034     -0.0641484   -2.33083e-07    5.09949e-09   -3.20875e-14   -4.32021e-16     6.1814e-20
   24              0         1         1        773.422        2.38711    -0.00847568     1.2762e-05   -6.70169e-09   -5.79268e-13    1.53419e-15   -3.44854e-19
   24              1         1         2        194.336        11.5547     -0.0305009    3.48863e-05    -1.3498e-08   -4.51303e-12    4.85581e-15   -1.00384e-18
   24              2         1         3        437.404        10.6969     -0.0196937    1.56237e-05   -3.99385e-09   -1.20143e-12    8.26301e-16   -1.19841e-19
   24              3         2         3        732.953        24.8152     -0.0271637    1.58869e-05   -3.73425e-09    -2.9145e-13    2.69228e-16   -3.15767e-20
   24              4         2         4        1054.08         26.584     -0.0261952    1.45882e-05   -3.33594e-09   -2.86564e-13    2.51338e-16   -2.97392e-20
   24              5         2         6        1066.87        33.2284      -0.030974    1.69588e-05   -3.89884e-09   -2.92813e-13    2.78375e-16   -3.31636e-20
   24              6         3         6        1310.38        55.4121     -0.0431175    2.16462e-05   -4.71663e-09   -3.85846e-13    3.37381e-16   -3.93468e-20
   24              7         3         7        1471.98        58.9662      -0.044495     2.2258e-05   -4.91342e-09   -3.41315e-13    3.27351e-16   -3.80929e-20
   24              8         3         8        1240.55         65.107     -0.0519765    2.78906e-05   -6.53249e-09   -4.62639e-13    4.64535e-16   -5.53494e-20
   24              9         3         9        1597.19        65.8905     -0.0480326     2.3884e-05   -5.27866e-09    -3.5993e-13    3.48784e-16   -4.03504e-20
   24             10         4         7        1723.96        83.3459     -0.0534849    2.31619e-05   -4.02764e-09   -6.35016e-13     3.3706e-16   -3.40383e-20
   24             11         4         9        1754.67        94.4364     -0.0613888    2.89562e-05   -6.16761e-09   -4.91389e-13    4.26472e-16   -4.88098e-20
   24             12         4        10        2166.58        97.3814     -0.0604428    2.71506e-05   -5.33235e-09   -5.16747e-13    3.64094e-16   -3.85927e-20
   24             13         5        10         2429.4        125.658      -0.066307    2.60537e-05   -4.28227e-09   -6.56406e-13    3.33167e-16   -3.26126e-20
   24             14         5        11        2395.74        130.886     -0.0676845    2.65304e-05   -4.49549e-09   -6.25444e-13    3.46866e-16   -3.57136e-20
   24             15         5        12         3373.5        131.042     -0.0593134    1.85711e-05   -1.97971e-09   -6.26274e-13    2.17348e-16   -1.87163e-20
   25              0         1         1         134.89        8.91756     -0.0301627    4.44328e-05   -2.40481e-08    -3.3763e-12    7.43538e-15   -1.83271e-18
   25              1         1         2        305.585        9.90557     -0.0230591    2.36274e-05   -8.21594e-09   -2.30537e-12    2.23654e-15    -4.0715e-19
   25              2         1         3        414.352        10.4381     -0.0173052    1.28225e-05   -3.35922e-09   -6.22669e-13    4.87962e-16   -6.87488e-20
   25              3         2         3        713.749        24.7336     -0.0248673     1.3785e-05   -3.11862e-09   -2.47766e-13    2.18649e-16   -2.51286e-20
   25              4         2         4        752.399        28.0333     -0.0258913    1.34442e-05   -2.85592e-09   -2.36376e-13     1.8937e-16   -2.07425e-20
   25              5         2         6        954.985        33.6577     -0.0290696    1.49388e-05   -3.21354e-09   -2.39231e-13    2.06329e-16   -2.29962e-20
   25              6         3         6        1074.87        56.4082     -0.0417524    2.05767e-05   -4.43211e-09   -3.25371e-13    2.88146e-16   -3.23509e-20
   25              7         3         7        1023.15        61.2706     -0.0450302    2.23558e-05   -4.96367e-09   -2.61199e-13     2.9255e-16    -3.3764e-20
   25              8         3         8        1146.98        64.8169     -0.0469392    2.32544e-05   -4.99307e-09   -3.95968e-13    3.33069e-16   -3.71206e-20
   25              9         3         9         1231.9        68.0607     -0.0484773    2.46159e-05   -5.64862e-09   -3.65675e-13    3.83306e-16   -4.56419e-20
   25             10         4         7        861.551         88.861     -0.0604846    2.95402e-05   -6.36419e-09   -4.66318e-13    4.08251e-16   -4.53148e-20
   25             11         4         9        1818.67        92.8576     -0.0526431    2.18764e-05   -3.95927e-09   -4.61541e-13    2.79358e-16    -2.8407e-20
   25             12         4        10        1873.71        97.9895     -0.0559743    2.42872e-05   -4.80464e-09   -4.15638e-13    3.17372e-16   -3.43912e-20
   25             13         5        10        707.655        132.089     -0.0675717    2.55558e-05   -3.99942e-09   -6.34535e-13    3.05782e-16   -2.88592e-20
   25             14         5        11        1289.81        134.068     -0.0626453    2.03905e-05   -1.95611e-09   -7.40232e-13    1.97746e-16   -1.14019e-20
   25             15         5        12       -244.915         144.92     -0.0747065    3.07321e-05   -5.91676e-09   -5.81176e-13      4.246e-16   -4.69429e-20
   26              0         1         1       -106.524        12.6748     -0.0456473    6.99702e-05   -3.87286e-08   -8.45563e-12    1.59139e-14   -4.19224e-18
   26              1         1         2        279.423        10.9355     -0.0260192    2.68679e-05   -9.48561e-09   -2.59915e-12    2.57341e-15   -4.71001e-19
   26              2         1         3        401.135         10.992     -0.0178846    1.27481e-05    -3.1812e-09   -5.43566e-13    4.00961e-16    -5.2752e-20
   26              3         2         3        856.513        24.7769     -0.0244397    1.30901e-05   -2.87092e-09   -2.23994e-13    1.93887e-16   -2.20128e-20
   26              4         2         4        738.712          29.59     -0.0287358    1.55967e-05   -3.48242e-09   -2.48137e-13    2.26807e-16   -2.56786e-20
   26              5         2         6        890.218        35.4592     -0.0314483    1.62035e-05   -3.42865e-09     -2.677e-13    2.15734e-16   -2.32343e-20
   26              6         3         6        1108.18        57.9046      -0.042247    2.01155e-05   -4.15916e-09   -3.38641e-13    2.76647e-16   -3.10733e-20
   26              7         3         7        1376.27        60.5148     -0.0408605      1.836e-05   -3.63196e-09   -2.68621e-13    2.15956e-16   -2.31843e-20
   26              8         3         8         1111.8        67.5661     -0.0505365    2.60902e-05   -6.00533e-09   -3.22375e-13    3.68207e-16   -4.29112e-20
   26              9         3         9        1506.93        69.4028     -0.0503959    2.64781e-05   -6.35015e-09   -3.52385e-13     4.2793e-16    -5.2383e-20
   26             10         4         7        1195.65        89.2638      -0.058183    2.73697e-05   -5.79654e-09   -4.47994e-13    3.89624e-16   -4.44461e-20
   26             11         4         9        1739.42        96.4207     -0.0556894    2.35795e-05   -4.52207e-09   -3.59682e-13    2.75335e-16   -2.95955e-20
   26             12         4        10        1914.38         100.65     -0.0579533    2.54027e-05   -5.05267e-09   -4.48769e-13    3.42318e-16   -3.75449e-20
   26             13         5        10       -883.839        143.759     -0.0831797    3.49122e-05   -5.33088e-09   -1.41939e-12    6.22134e-16   -6.23077e-20
   26             14         5        11        1309.39        138.504     -0.0683381    2.57448e-05   -3.87539e-09   -8.50781e-13    3.86849e-16   -3.84722e-20
   26             15         5        12        5204.25        124.565     -0.0380723    3.79201e-06    1.73961e-09   -2.27233e-13   -1.25092e-16     2.3015e-20
   27              0         1         1        393.009        1.61558    -0.00277402    1.50121e-06    3.03862e-10   -2.50712e-13    -1.1948e-16    5.68205e-20
   27              1         1         2        486.331         2.8843    -0.00359151    1.44057e-06    2.75868e-10   -1.63537e-13   -6.83376e-17    2.60322e-20
   27              2         1         3        628.786        3.46838    -0.00374063    1.39506e-06    1.99101e-10   -1.26936e-13   -4.29337e-17    1.54673e-20
   27              3         2         3        670.843         14.593     -0.0160357    9.46474e-06   -2.27096e-09   -1.66573e-13    1.66407e-16   -2.00641e-20
   27              4         2         4        692.452        17.1082     -0.0182937    1.09041e-05   -2.67099e-09   -1.73709e-13    1.88773e-16   -2.28199e-20
   27              5         2         6        744.479        21.4273     -0.0214518    1.21334e-05   -2.80266e-09   -2.03728e-13    1.89838e-16    -2.1749e-20
   27              6         3         6        1412.17        33.1333     -0.0249778    1.17746e-05   -2.32839e-09   -2.56039e-13    1.81524e-16   -2.08054e-20
   27              7         3         7        1152.78        38.0393     -0.0309432    1.58758e-05   -3.53079e-09   -1.97532e-13    2.13957e-16   -2.48145e-20
   27              8         3         8        1136.28        41.1939     -0.0343546    1.85163e-05   -4.35731e-09   -2.38746e-13    2.82604e-16   -3.39665e-20
   27              9         3         9        1372.75        42.5138     -0.0338076    1.77121e-05   -4.04138e-09   -2.35782e-13     2.5446e-16   -2.95211e-20
   27             10         4         7        1220.68        55.8272     -0.0405777    1.90848e-05   -3.73199e-09   -3.81692e-13    2.65204e-16   -2.89762e-20
   27             11         4         9        980.143        64.5888     -0.0493153    2.59709e-05   -6.02807e-09   -3.74239e-13    4.03713e-16   -4.81139e-20
   27             12         4        10        2691.81        57.7308     -0.0315991    1.13046e-05   -1.48155e-09   -2.86763e-13    1.11903e-16   -9.58615e-21
   27             13         5        10        1718.14        76.6418     -0.0295022    2.95977e-06    1.85972e-09   -2.17742e-13   -1.57266e-16    2.95181e-20
   27             14         5        11        3360.14        74.9328     -0.0257217    1.93927e-06    1.57404e-09   -1.41937e-13   -1.24762e-16    2.19617e-20
   28              0         1         1        426.658        1.57602    -0.00299645    1.66313e-06    5.93759e-10   -3.98893e-13   -2.75197e-16    1.35534e-19
   28              1         1         2        470.654        3.36281    -0.00502419    2.42349e-06    4.92611e-10   -3.81009e-13   -1.73004e-16    8.01087e-20
   28              2         1         3        512.574        4.55531    -0.00593324    2.57408e-06    4.86602e-10   -3.44121e-13   -1.45456e-16    6.21275e-20
   28              3         2         3        586.142        16.4021     -0.0191765    1.19023e-05   -3.01702e-09   -1.74949e-13    2.10562e-16   -2.58735e-20
   28              4         2         4        664.775        18.6675     -0.0199383    1.14153e-05   -2.61851e-09   -1.82855e-13    1.69174e-16   -1.89881e-20
   28              5         2         6         682.01        23.0944     -0.0230378    1.29322e-05   -3.05057e-09   -2.06892e-13    2.12316e-16   -2.53094e-20
   28              6         3         6        859.098        39.0838     -0.0324532    1.64576e-05   -3.47891e-09   -2.86424e-13    2.26734e-16   -2.45394e-20
   28              7         3         7        818.116        42.4472      -0.034549    1.72425e-05   -3.53339e-09   -3.22118e-13    2.32309e-16   -2.44307e-20
   28              8         3         8        1062.24        43.5875     -0.0324004    1.48068e-05   -2.75899e-09   -2.78686e-13    1.74115e-16   -1.73156e-20
   28              9         3         9        1547.87        43.6867     -0.0299747    1.28666e-05   -2.20045e-09   -2.71687e-13    1.41486e-16   -1.29096e-20
   28             10         4         7        665.431        62.2065      -0.046341    2.26486e-05   -4.87316e-09   -2.94326e-13    2.95538e-16   -3.39548e-20
   28             11         4         9        1453.09        64.5794     -0.0408928    1.81873e-05   -3.56931e-09   -5.06394e-13    3.40801e-16   -4.03728e-20
   28             12         4        10        1424.11        68.8416      -0.044041      1.908e-05   -3.29699e-09   -5.56516e-13    2.92492e-16    -3.0265e-20
   28             13         5        10        876.111        79.6631     -0.0240387   -4.96643e-07    2.01022e-09   -3.49496e-14    -1.8103e-16    2.99571e-20
   28             14         5        11        224.898         83.022     -0.0244272   -3.16593e-07    1.95592e-09   -1.65092e-14   -1.91374e-16    3.14059e-20
   29              0         1         1        521.715       0.811098   -0.000799163    -5.1836e-07     3.5667e-10    6.08321e-13    2.46389e-16   -4.28822e-19
   29              1         1         2        554.606        2.76868    -0.00400929    1.90352e-06    5.17995e-10   -3.56364e-13   -1.97136e-16    9.26764e-20
   29              2         1         3         594.87        4.01189    -0.00514664    2.16193e-06    6.03519e-10   -3.45701e-13   -1.87493e-16    7.81793e-20
   29              3         2         3        705.027        15.1896     -0.0178016    1.10723e-05   -2.76926e-09     -1.865e-13    2.00127e-16   -2.42598e-20
   29              4         2         4        984.873        15.9011     -0.0162259    9.40732e-06   -2.19796e-09   -2.59027e-13    2.07642e-16   -2.58438e-20
   29              5         2         6        966.868        20.6565     -0.0202784    1.12168e-05    -2.5648e-09   -2.52575e-13    2.13144e-16   -2.58408e-20
   29              6         3         6        968.994        37.4126     -0.0339152    1.90504e-05   -4.58564e-09   -3.14848e-13    3.33355e-16   -4.07467e-20
   29              7         3         7        1071.84        40.2236     -0.0357505    1.97328e-05   -4.54251e-09   -3.57538e-13    3.25981e-16   -3.80792e-20
   29              8         3         8        1267.12        41.9225     -0.0356077    1.90606e-05   -4.29491e-09   -2.94906e-13    2.77786e-16   -3.13448e-20
   29              9         3         9        1654.49        42.4909     -0.0342791     1.7833e-05   -3.90772e-09   -3.13862e-13    2.69526e-16   -3.05511e-20
   29             10         4         7        970.387        60.1499     -0.0523241    3.02798e-05   -7.26854e-09   -7.49663e-13    6.47263e-16   -8.02375e-20
   29             11         4         9        965.285        66.2571      -0.051921    2.74947e-05    -6.0099e-09   -7.38677e-13    5.45518e-16   -6.54404e-20
   29             12         4        10        724.874        71.7823     -0.0586874    3.20431e-05   -7.18342e-09   -7.90731e-13    6.19078e-16   -7.43953e-20
   29             13         5        11        9714.19        52.0972     0.00263761   -7.95408e-06   -1.52541e-09    1.16627e-12    6.51923e-16    -2.5506e-19
   30              0         1         1        286.008        2.03828    -0.00369581    2.10817e-06    7.86646e-10   -6.35953e-13   -4.62079e-16    2.77284e-19
   30              1         1         2        345.189         3.5319    -0.00499308    2.32722e-06    4.54712e-10    -3.4829e-13   -1.53331e-16    7.02276e-20
   30              2         1         3         258.69        6.25476     -0.0123664    1.24689e-05   -5.01974e-09   -6.23368e-13     1.0094e-15   -1.99083e-19
   30              3         2         3        364.426        16.6002     -0.0200483    1.29517e-05   -3.45964e-09   -1.31889e-13    2.23927e-16   -2.82215e-20
   30              4         2         4        403.786        18.8845     -0.0210393    1.28041e-05   -3.21118e-09    -1.4739e-13    2.00077e-16   -2.40716e-20
   30              5         2         6        373.251        23.8842      -0.025064     1.4827e-05    -3.6804e-09   -1.53746e-13    2.20128e-16   -2.63021e-20
   30              6         3         6        591.059        38.7707     -0.0335417    1.78872e-05   -3.99368e-09   -3.22588e-13    2.79686e-16   -3.20481e-20
   30              7         3         7        626.187        41.7235     -0.0358791    1.97691e-05   -4.75902e-09   -2.47673e-13    3.04818e-16   -3.65722e-20
   30              8         3         8        534.105        45.0516     -0.0384665     2.1113e-05   -5.09264e-09   -2.18005e-13    3.04903e-16   -3.64694e-20
   30              9         3         9        656.965        46.6478     -0.0379186    2.00619e-05   -4.64793e-09   -2.41049e-13    2.83127e-16   -3.31026e-20
   30             10         4         7        784.145        59.1101     -0.0444725    2.34104e-05   -5.62088e-09   -3.10701e-13    3.82724e-16   -4.72575e-20
   30             11         4         9        941.654        64.5708     -0.0436768    2.06188e-05   -4.28582e-09   -3.97497e-13    3.06491e-16   -3.40126e-20
   30             12         4        10        1676.81        63.9592     -0.0373968    1.46118e-05   -2.15351e-09   -4.33644e-13    1.80489e-16   -1.56156e-20
   30             13         5        10        424.802        80.3173     -0.0272828    4.40309e-08    2.67232e-09   -4.63022e-14   -2.81985e-16    4.61958e-20
   30             14         5        11       -3962.21        92.5644     -0.0340505    1.29493e-06    2.99161e-09   -1.28659e-13   -3.03257e-16    5.11011e-20  
   33              0         1         1        452.415        1.06277    -0.00194764    1.14952e-06    3.18769e-10   -2.54081e-13   -1.49313e-16     7.6119e-20
   33              1         1         2        533.745        2.40382    -0.00324783     1.4484e-06    2.96148e-10   -2.06662e-13   -8.96385e-17    3.92515e-20
   33              2         1         3        592.511        3.49196     -0.0044026    1.83445e-06    5.19529e-10   -3.01286e-13   -1.60484e-16    6.80939e-20
   33              3         2         3        852.891        13.1549     -0.0151593    9.49741e-06   -2.44977e-09   -1.22592e-13    1.66732e-16   -2.07975e-20
   33              4         2         4        690.836        16.9497     -0.0196413    1.22069e-05   -3.05854e-09   -2.15945e-13     2.3031e-16   -2.85563e-20
   33              5         2         6        876.876        20.1154     -0.0216764    1.32912e-05   -3.38703e-09   -1.71625e-13    2.24929e-16   -2.75054e-20
   33              6         3         6         1116.2        35.0616      -0.032875    1.85758e-05   -4.39297e-09   -2.76152e-13    2.90562e-16   -3.39487e-20
   33              7         3         7        1229.87        37.0153     -0.0331651    1.86136e-05   -4.44786e-09   -2.99739e-13    3.14838e-16   -3.78707e-20
   33              8         3         8        1354.05        39.2135     -0.0345875    1.93562e-05   -4.68788e-09   -2.37697e-13    3.00352e-16   -3.62131e-20
   33              9         3         9        1655.62          39.39     -0.0319639    1.67112e-05   -3.75304e-09   -2.59286e-13    2.52955e-16   -2.97228e-20
   33             10         4         7        1046.07        56.9287     -0.0503563    2.91044e-05   -7.40105e-09   -3.29022e-13    4.89849e-16    -6.1673e-20
   33             11         4         9        1128.58        63.4215     -0.0535147     2.9795e-05   -7.05912e-09   -5.00006e-13     5.0121e-16   -5.95332e-20
   33             12         4        10        1608.18        63.3531     -0.0481235    2.46417e-05   -5.46372e-09   -3.86844e-13    3.61669e-16    -4.1334e-20
   33             13         5        10        3224.66        70.7373     -0.0288218    3.47755e-06     1.6787e-09   -2.28569e-13   -1.41703e-16    2.71229e-20
   33             14         5        11        4359.76        70.2032     -0.0260804    2.81618e-06    1.42462e-09   -1.90307e-13   -1.09435e-16    2.09191e-20
   34              0         1         1        324.433        1.70135    -0.00281666    1.49127e-06    2.88008e-10   -2.34515e-13   -1.05277e-16    4.83355e-20
   34              1         1         2          390.2        3.13982    -0.00428933     1.9047e-06    3.66031e-10   -2.56613e-13   -1.12207e-16    4.76805e-20
   34              2         1         3        317.745        5.74107     -0.0109167    1.04371e-05   -3.97768e-09   -3.90865e-13    6.48433e-16   -1.18307e-19
   34              3         2         3        561.843         14.894     -0.0171871    1.06664e-05    -2.7015e-09   -1.63401e-13    1.91065e-16   -2.34359e-20
   34              4         2         4        473.259        18.2671     -0.0213015    1.37077e-05   -3.60113e-09   -2.48581e-13    2.86462e-16   -3.67213e-20
   34              5         2         6        632.127        21.5997     -0.0225516    1.33714e-05   -3.26541e-09   -2.37801e-13    2.44435e-16   -2.99273e-20
   34              6         3         6        753.601        37.1514     -0.0337313    1.91267e-05   -4.63783e-09   -3.21646e-13    3.40483e-16   -4.17546e-20
   34              7         3         7        830.229        39.4943     -0.0338853    1.82683e-05   -4.20802e-09   -3.13723e-13    3.00376e-16   -3.56924e-20
   34              8         3         8        895.677        41.9501     -0.0352434    1.87656e-05   -4.32724e-09   -2.18425e-13    2.58735e-16   -3.02188e-20
   34              9         3         9        847.455        45.0675     -0.0388393    2.16306e-05    -5.1843e-09   -2.54936e-13    3.16091e-16   -3.70373e-20
   34             10         4         7        719.701        58.8986     -0.0489534    2.73382e-05   -6.73745e-09   -3.18547e-13    4.36054e-16   -5.36673e-20
   34             11         4         9        546.231        66.6959     -0.0526045    2.79778e-05   -6.59122e-09   -3.36451e-13    4.17501e-16   -5.02883e-20
   34             12         4        10        1348.47         65.135     -0.0457455    2.22755e-05   -4.81055e-09   -3.25372e-13     3.1083e-16   -3.58067e-20
   34             13         5        10        2480.16        72.4571     -0.0241734    1.10703e-06    1.60153e-09   -9.27982e-14   -1.32215e-16    2.25403e-20
   34             14         5        11        3176.19        73.8657     -0.0241322    1.30668e-06    1.55407e-09   -1.19641e-13   -1.27485e-16    2.32656e-20
   35              0         1         1        505.691         1.0924    -0.00180762    8.70426e-07    3.02424e-10   -1.63766e-13    -1.0916e-16    4.69183e-20
   35              1         1         2        585.453        2.59186    -0.00333658    1.36984e-06    2.43063e-10    -1.4974e-13   -5.97181e-17    2.27138e-20
   35              2         1         3        627.229        3.76121     -0.0043374    1.70324e-06     2.6665e-10   -1.76234e-13   -6.44441e-17    2.46788e-20
   35              3         2         3        872.093        14.2935     -0.0152926    8.81767e-06   -2.04166e-09   -1.74047e-13    1.52495e-16   -1.78124e-20
   35              4         2         4        868.808         17.198     -0.0181696    1.06587e-05   -2.55834e-09   -1.89834e-13    1.86969e-16   -2.23347e-20
   35              5         2         6        1016.14        20.5436     -0.0189798    1.00372e-05   -2.18112e-09   -1.91086e-13    1.55065e-16   -1.75032e-20
   35              6         3         6        945.269        38.3052     -0.0335311    1.81024e-05   -4.21151e-09   -2.55663e-13    2.76071e-16    -3.2527e-20
   35              7         3         7        1124.71        40.0468     -0.0326082     1.6453e-05   -3.51063e-09   -2.71211e-13    2.30482e-16   -2.56375e-20
   35              8         3         8        1293.04        41.9835     -0.0333883    1.69313e-05   -3.65261e-09   -2.96485e-13    2.49819e-16   -2.80439e-20
   35              9         3         9        1220.97        45.2923     -0.0369558    1.93734e-05   -4.37318e-09   -2.74718e-13    2.78584e-16   -3.19545e-20
   35             10         4         7        1352.54        57.1725     -0.0415132    1.99325e-05   -4.06653e-09   -3.87471e-13    2.91294e-16    -3.2433e-20
   35             11         4         9        1624.12        63.1409     -0.0428895    1.97329e-05   -3.87313e-09   -4.52254e-13    3.05337e-16   -3.38001e-20
   35             12         4        10        1947.27        64.5388     -0.0410227    1.77671e-05   -3.28674e-09   -3.70078e-13    2.34857e-16   -2.45686e-20
   35             13         5        10        11961.5        47.8604   -0.000632882   -4.58573e-06   -3.38306e-10    4.35909e-13    1.51533e-16   -5.47932e-20
   35             14         5        11        13955.1        48.0294   -0.000578049   -4.16756e-06   -3.38503e-10    3.70226e-13    1.32581e-16   -4.52945e-20
