* Fit function: E_MeV = a * E_CH + b, then E_CH = 1/a * E_MeV - a/b 
* 1,2,3 represent using alpha peak1,peak2, and peak3 to calibrate the energy,respectively. 
* SSDNum  CHNum        a1        b1     1./a1      -a1/b1        a2        b2     1./a2      -a2/b2        a3        b3     1./a3     -a3/b3
      0    0      0.0530153  -5.46973   18.8625   103.173    0.053526  -5.52242   18.6825   103.173   0.0538698  -5.55789   18.5633   103.173
      0    1      0.0533837  -2.74343   18.7323   51.3907   0.0538253  -2.76612   18.5786   51.3907   0.0540995  -2.78021   18.4845   51.3907
      0    2      0.0525993  -4.49971   19.0116   85.5469   0.0531402  -4.54598   18.8182   85.5469   0.0535663  -4.58243   18.6685   85.5469
      0    3      0.0533024  -2.79355   18.7609   52.4095   0.0538028  -2.81978   18.5864   52.4095   0.0542892  -2.84527   18.4199   52.4095
      0    4       0.053794  -3.62702   18.5894   67.4243   0.0542367  -3.65687   18.4377   67.4243   0.0545792  -3.67996    18.322   67.4243
      0    5      0.0534071  -2.85627   18.7241   53.4811   0.0538862  -2.88189   18.5576   53.4811    0.054289  -2.90344   18.4199   53.4811
      0    6      0.0532469  -4.60496   18.7804   86.4832   0.0537205  -4.64592   18.6149   86.4832   0.0539772  -4.66812   18.5263   86.4832
      0    7      0.0539556  -2.74209   18.5338   50.8213   0.0543551   -2.7624   18.3975   50.8213   0.0548669  -2.78841   18.2259   50.8213
      0    8      0.0524556  -4.54578   19.0637   86.6594   0.0530712  -4.59912   18.8426   86.6594   0.0535312  -4.63898   18.6807   86.6594
      0    9      0.0524672  -4.46068   19.0595   85.0185   0.0530352  -4.50897   18.8554   85.0185   0.0534021  -4.54017   18.7258   85.0185
      0   10       0.053292  -4.74148   18.7646   88.9717    0.053777  -4.78463   18.5953   88.9717   0.0540552  -4.80939   18.4996   88.9717
      0   11      0.0536312   -4.6079   18.6459   85.9182   0.0542146  -4.65803   18.4452   85.9182   0.0545572  -4.68746   18.3294   85.9182
      0   12      0.0543876  -3.46725   18.3865   63.7508   0.0549754  -3.50473   18.1899   63.7508   0.0551749  -3.51745   18.1242   63.7508
      0   13      0.0531228   -4.2824   18.8243   80.6132   0.0536491  -4.32482   18.6397   80.6132    0.053998  -4.35296   18.5192   80.6132
      0   14      0.0537115   -6.7754    18.618   126.144   0.0542103  -6.83833   18.4467   126.144   0.0545147  -6.87672   18.3437   126.144
      0   15      0.0533904   -3.9111     18.73   73.2548   0.0538835  -3.94722   18.5586   73.2548   0.0543064   -3.9782    18.414   73.2548
      1    0      0.0439703  -5.22219   22.7426   118.766   0.0443053  -5.26197   22.5707   118.766   0.0445263  -5.28822   22.4586   118.766
      1    1      0.0441811  -2.23862   22.6341   50.6693   0.0445196  -2.25578    22.462   50.6693   0.0447417  -2.26703   22.3505   50.6693
      1    2      0.0443458  -3.55619   22.5501   80.1923   0.0446949  -3.58418   22.3739   80.1923   0.0449125  -3.60164   22.2655   80.1923
      1    3      0.0446167  -3.34866   22.4131   75.0539   0.0449303   -3.3722   22.2567   75.0539   0.0451374  -3.38774   22.1546   75.0539
      1    4      0.0439538  -2.52089   22.7511    57.353   0.0442344  -2.53698   22.6068    57.353   0.0444953  -2.55194   22.4743    57.353
      1    5      0.0454588  -2.71929   21.9979   59.8189   0.0457968  -2.73951   21.8356   59.8189   0.0459598  -2.74927   21.7581   59.8189
      1    6      0.0438125  -2.38067   22.8246   54.3377   0.0441577  -2.39943   22.6461   54.3377   0.0444414  -2.41484   22.5015   54.3377
      1    7      0.0443666  -2.36047   22.5395   53.2038   0.0447429  -2.38049   22.3499   53.2038   0.0450676  -2.39777   22.1889   53.2038
      1    8      0.0437791  -2.26639   22.8419   51.7687   0.0441252   -2.2843   22.6628   51.7687    0.044329  -2.29485   22.5586   51.7687
      1    9      0.0443984   -3.6219   22.5233   81.5773    0.044727  -3.64871   22.3578   81.5773   0.0449725  -3.66873   22.2358   81.5773
      1   10      0.0435065  -3.82903   22.9851   88.0105   0.0438526  -3.85949   22.8037   88.0105   0.0440894  -3.88033   22.6812   88.0105
      1   11      0.0445224  -3.52945   22.4606   79.2737   0.0447953  -3.55109   22.3237   79.2737   0.0450327  -3.56991   22.2061   79.2737
      1   12      0.0442997  -4.07527   22.5735   91.9932   0.0446421  -4.10677   22.4004   91.9932   0.0449195  -4.13229   22.2621   91.9932
      1   13      0.0440595  -3.11077   22.6966   70.6039   0.0443594  -3.13195   22.5431   70.6039   0.0445801  -3.14753   22.4315   70.6039
      1   14      0.0450477  -3.02981   22.1987   67.2579    0.045396  -3.05324   22.0284   67.2579   0.0456096  -3.06761   21.9252   67.2579
      1   15      0.0443698  -2.84251   22.5378   64.0642   0.0451396  -2.89183   22.1535   64.0642   0.0454089  -2.90908   22.0221   64.0642
      2    0       0.028299  -2.08402    35.337   73.6429   0.0282337  -2.07921   35.4187   73.6429   0.0282124  -2.07764   35.4454   73.6429
      2    1      0.0274099  -1.69116   36.4831   61.6989    0.027403  -1.69074   36.4923   61.6989   0.0274297  -1.69238   36.4568   61.6989
      2    2      0.0280185  -2.25719   35.6907   80.5606    0.027986  -2.25457   35.7322   80.5606   0.0279624  -2.25267   35.7623   80.5606
      2    3       0.027462   -2.1902   36.4139   79.7536   0.0274295   -2.1876   36.4571   79.7536   0.0274388  -2.18834   36.4448   79.7536
      2    4      0.0275904  -2.44428   36.2445   88.5916   0.0275429  -2.44007   36.3069   88.5916   0.0275197  -2.43802   36.3376   88.5916
      2    5      0.0266488 -0.854499   37.5251   32.0652   0.0266793 -0.855476   37.4823   32.0652   0.0267139 -0.856586   37.4337   32.0652
      2    6      0.0268316  -1.69055   37.2696   63.0061   0.0268233  -1.69003   37.2811   63.0061   0.0268377  -1.69094   37.2611   63.0061
      2    7      0.0279035  -1.24974   35.8378   44.7878   0.0278631  -1.24793   35.8897   44.7878   0.0278324  -1.24655   35.9293   44.7878
      2    8      0.0270617  -2.13286   36.9526   78.8145   0.0270384  -2.13102   36.9844   78.8145    0.027069  -2.13343   36.9426   78.8145
      2    9      0.0277999  -2.08751   35.9713   75.0904   0.0277759  -2.08571   36.0024   75.0904   0.0277783  -2.08588   35.9994   75.0904
      2   10       0.027626  -1.48438   36.1978   53.7314    0.027589  -1.48239   36.2464   53.7314   0.0275551  -1.48057    36.291   53.7314
      2   11      0.0277165  -1.69249   36.0796   61.0645   0.0276954   -1.6912   36.1071   61.0645   0.0276499  -1.68843   36.1665   61.0645
      2   12       0.027362  -2.20379   36.5471    80.542   0.0273397  -2.20199   36.5768    80.542   0.0273877  -2.20586   36.5127    80.542
      2   13      0.0269804  -1.99752   37.0639   74.0359    0.026984  -1.99778    37.059   74.0359   0.0269996  -1.99894   37.0375   74.0359
      2   14      0.0270959   -2.2703   36.9059   83.7877    0.027085  -2.26939   36.9209   83.7877   0.0270785  -2.26885   36.9296   83.7877
      2   15       0.027425   -1.8904   36.4631   68.9298    0.027414  -1.88964   36.4777   68.9298   0.0274017   -1.8888   36.4941   68.9298
      3    0      0.0151499  -1.51628   66.0068   100.085   0.0152091   -1.5222   65.7499   100.085   0.0152251   -1.5238   65.6812   100.085
      3    1      0.0151637  -1.35365   65.9469   89.2691   0.0152127  -1.35802   65.7345   89.2691   0.0152494   -1.3613   65.5762   89.2691
      3    2      0.0151661  -1.78061   65.9367   117.408   0.0152063  -1.78534   65.7621   117.408   0.0152459  -1.78998   65.5916   117.408
      3    3      0.0151699  -1.13436   65.9201    74.777   0.0152098  -1.13734   65.7473    74.777   0.0152531  -1.14058   65.5603    74.777
      3    4      0.0152027  -1.61484   65.7779   106.221   0.0152651  -1.62147   65.5088   106.221   0.0153071  -1.62594    65.329   106.221
      3    5       0.015189  -1.64255   65.8369   108.141    0.015248  -1.64893   65.5824   108.141   0.0152642  -1.65068   65.5129   108.141
      3    6      0.0151989  -1.48532   65.7943   97.7255    0.015252  -1.49051   65.5653   97.7255   0.0152636  -1.49165   65.5152   97.7255
      3    7      0.0150573  -2.11959    66.413   140.768   0.0150959  -2.12503   66.2431   140.768   0.0151379  -2.13094   66.0593   140.768
      3    8      0.0150907  -1.71806   66.2658   113.849   0.0151408  -1.72375   66.0469   113.849   0.0151695  -1.72702   65.9219   113.849
      3    9      0.0151638   -1.7935   65.9466   118.275   0.0152196   -1.8001   65.7047   118.275   0.0152351  -1.80193   65.6381   118.275
      3   10      0.0150677  -1.71807    66.367   114.023    0.015118   -1.7238   66.1463   114.023   0.0151646  -1.72912   65.9429   114.023
      3   11      0.0154536  -1.57004   64.7099   101.597   0.0155084  -1.57561   64.4812   101.597   0.0155499  -1.57983   64.3092   101.597
      3   12      0.0151203  -1.58179   66.1363   104.613   0.0151722  -1.58722   65.9099   104.613   0.0152146  -1.59165   65.7263   104.613
      3   13      0.0152402  -1.65371    65.616    108.51   0.0152866  -1.65875   65.4168    108.51   0.0153125  -1.66157    65.306    108.51
      3   14      0.0155817  -1.42909   64.1779   91.7159   0.0156309   -1.4336   63.9758   91.7159   0.0156669   -1.4369   63.8289   91.7159
      3   15      0.0152363  -1.50598   65.6325   98.8412   0.0152885  -1.51113   65.4086   98.8412   0.0153072  -1.51299   65.3286   98.8412
