* Fit function: E_MeV = a * E_CH + b, then E_CH = 1/a * E_MeV - a/b 
* 1,2,3 represent using alpha peak1,peak2, and peak3 to calibrate the energy,respectively. 
* SSDNum  CHNum        a1        b1     1./a1      -a1/b1        a2        b2     1./a2      -a2/b2        a3        b3     1./a3     -a3/b3
      0    0      0.0272084  -2.64123   36.7534   97.0743   0.0271859  -2.63905   36.7838   97.0743    0.027141  -2.63469   36.8446   97.0743
      0    1      0.0269574  -2.39183   37.0955   88.7261   0.0269115  -2.38775   37.1589   88.7261   0.0269053   -2.3872   37.1674   88.7261
      0    2      0.0268495  -2.15979   37.2446   80.4405   0.0268734  -2.16171   37.2116   80.4405   0.0268597  -2.16061   37.2305   80.4405
      0    3       0.027012  -3.13647   37.0206   116.114   0.0270843  -3.14487   36.9217   116.114    0.027065  -3.14262   36.9481   116.114
      0    4      0.0269626  -2.02083   37.0885   74.9494   0.0269913  -2.02298    37.049   74.9494   0.0270041  -2.02394   37.0314   74.9494
      0    5      0.0262546  -2.80945   38.0885   107.008   0.0262976  -2.81405   38.0263   107.008   0.0263269  -2.81718   37.9839   107.008
      0    6      0.0266481  -3.01281   37.5261   113.059   0.0266578  -3.01391   37.5125   113.059   0.0266469  -3.01268   37.5278   113.059
      0    7      0.0262421   -2.6361   38.1068   100.453   0.0262277  -2.63465   38.1277   100.453   0.0263324  -2.64517   37.9761   100.453
      0    8      0.0271865  -2.36826    36.783   87.1118   0.0271049  -2.36115   36.8938   87.1118   0.0271848  -2.36812   36.7853   87.1118
      0    9      0.0268576  -2.22342   37.2335   82.7856   0.0268715  -2.22457   37.2141   82.7856   0.0268845  -2.22565   37.1961   82.7856
      0   10      0.0269513  -2.75896    37.104   102.368   0.0269318  -2.75697   37.1308   102.368   0.0269663  -2.76049   37.0834   102.368
      0   11      0.0265944  -1.99099   37.6019   74.8649   0.0265804  -1.98994   37.6217   74.8649   0.0266744  -1.99698   37.4891   74.8649
      0   12      0.0265724  -2.82965   37.6331   106.488   0.0265497  -2.82724   37.6652   106.488   0.0265952  -2.83208   37.6008   106.488
      0   13      0.0267272  -2.73662   37.4151   102.391   0.0267686  -2.74086   37.3572   102.391   0.0267692  -2.74092   37.3564   102.391
      0   14       0.026765  -2.56354   37.3622   95.7796   0.0267601  -2.56307    37.369   95.7796    0.026782  -2.56517   37.3386   95.7796
      0   15      0.0265937  -2.82599   37.6029   106.265   0.0266225  -2.82905   37.5622   106.265   0.0267485  -2.84244   37.3853   106.265
      1    0      0.0267484  -1.58373   37.3854   59.2084   0.0267057   -1.5812   37.4451   59.2084   0.0266897  -1.58025   37.4676   59.2084
      1    1       0.025845  -2.03016   38.6922   78.5512    0.025836  -2.02945   38.7056   78.5512   0.0258444  -2.03011    38.693   78.5512
      1    2      0.0254935  -1.60812   39.2257   63.0795    0.025478  -1.60714   39.2496   63.0795   0.0255018  -1.60864    39.213   63.0795
      1    3      0.0258182  -1.90092   38.7323   73.6272   0.0257827  -1.89831   38.7856   73.6272   0.0258344  -1.90211   38.7081   73.6272
      1    4      0.0257486  -2.14764   38.8371   83.4082   0.0257517   -2.1479   38.8324   83.4082   0.0257375  -2.14672   38.8538   83.4082
      1    5      0.0260509  -1.56995   38.3864   60.2646   0.0260367  -1.56909   38.4073   60.2646   0.0260757  -1.57144   38.3499   60.2646
      1    6       0.025867  -2.27326   38.6593   87.8828   0.0258343  -2.27039   38.7082   87.8828   0.0258503   -2.2718   38.6843   87.8828
      1    7      0.0259398  -2.19096   38.5507   84.4632   0.0259461  -2.19149   38.5415   84.4632   0.0259772  -2.19412   38.4953   84.4632
      1    8      0.0253729  -1.88786   39.4122   74.4047   0.0253512  -1.88625   39.4458   74.4047   0.0253252  -1.88431   39.4864   74.4047
      1    9      0.0255972  -2.20903   39.0667   86.2997   0.0255933  -2.20869   39.0728   86.2997   0.0255886  -2.20829     39.08   86.2997
      1   10      0.0257366  -2.07665   38.8552   80.6888   0.0256996  -2.07367   38.9111   80.6888   0.0257038  -2.07401   38.9047   80.6888
      1   11      0.0251042  -1.87217    39.834   74.5761   0.0250922  -1.87127   39.8531   74.5761   0.0251515   -1.8757   39.7591   74.5761
      1   12      0.0255436   -1.7644   39.1487   69.0739   0.0255771  -1.76671   39.0975   69.0739   0.0255066  -1.76184   39.2056   69.0739
      1   13      0.0255968  -2.12079   39.0674   82.8537   0.0256004  -2.12109   39.0619   82.8537   0.0255572  -2.11751   39.1279   82.8537
      1   14      0.0257906  -1.71342   38.7738    66.436   0.0257597  -1.71137   38.8203    66.436   0.0257715  -1.71216   38.8026    66.436
      1   15      0.0262712  -1.72554   38.0645   65.6819   0.0262334  -1.72306   38.1194   65.6819   0.0261806  -1.71959   38.1962   65.6819
      2    0      0.0277318  -1.95517   36.0597   70.5028   0.0277886  -1.95917    35.986   70.5028   0.0276364  -1.94844   36.1841   70.5028
      2    1      0.0269369   -1.9049   37.1238   70.7171   0.0269307  -1.90446   37.1324   70.7171   0.0269527  -1.90601   37.1021   70.7171
      2    2      0.0272621  -1.94933   36.6809   71.5033   0.0271611  -1.94211   36.8174   71.5033   0.0270604  -1.93491   36.9544   71.5033
      2    3       0.027064  -2.08066   36.9495   76.8793   0.0270665  -2.08085   36.9461   76.8793   0.0270614  -2.08046    36.953   76.8793
      2    4      0.0295573  -2.34054   33.8326   79.1865   0.0295978  -2.34374   33.7863   79.1865   0.0292356  -2.31507   34.2048   79.1865
      2    5       0.027314   -2.4103   36.6112   88.2441   0.0276404   -2.4391    36.179   88.2441   0.0273888   -2.4169   36.5113   88.2441
      2    6      0.0268177  -2.34874   37.2888   87.5818   0.0268188  -2.34884   37.2873   87.5818   0.0268023  -2.34739   37.3103   87.5818
      2    7      0.0269449  -2.62183   37.1128   97.3033   0.0269581  -2.62312   37.0946   97.3033   0.0270464  -2.63171   36.9735   97.3033
      2    8      0.0276277   -2.1638   36.1956   78.3201   0.0275729  -2.15951   36.2675   78.3201   0.0275465  -2.15745   36.3022   78.3201
      2    9      0.0273719  -2.03654   36.5338   74.4024   0.0273994  -2.03858   36.4971   74.4024   0.0274875  -2.04513   36.3802   74.4024
      2   10      0.0274806  -2.65777   36.3893   96.7141   0.0273013  -2.64042   36.6283   96.7141   0.0273493  -2.64507   36.5639   96.7141
      2   11      0.0268862  -2.18057   37.1939   81.1037    0.026756  -2.17001   37.3748   81.1037    0.026968  -2.18721   37.0809   81.1037
      2   12      0.0274746  -2.45275   36.3972   89.2733    0.027489  -2.45404   36.3782   89.2733   0.0274835  -2.45354   36.3854   89.2733
      2   13      0.0269725  -2.22895   37.0748    82.638   0.0270613  -2.23629   36.9532    82.638   0.0271588  -2.24435   36.8205    82.638
      2   14      0.0270596  -2.62768   36.9555   97.1072   0.0271822  -2.63959   36.7888   97.1072   0.0273436  -2.65526   36.5716   97.1072
      2   15      0.0265723  -1.89015   37.6332   71.1323   0.0266233  -1.89378   37.5611   71.1323   0.0266673  -1.89691   37.4991   71.1323
      3    0     -0.0410974   4.66084  -24.3324    113.41  -0.0442191   5.01487  -22.6147    113.41   -0.047153   5.34761  -21.2075    113.41
      3    1      0.0208869  -1.62142   47.8769   77.6285   0.0208855  -1.62131   47.8801   77.6285   0.0208755  -1.62053    47.903   77.6285
      3    2      0.0199664  -1.68646   50.0842   84.4647   0.0199735  -1.68706   50.0664   84.4647   0.0199666  -1.68648   50.0835   84.4647
      3    3      0.0201649  -1.62473   49.5912   80.5723   0.0201287  -1.62181   49.6804   80.5723   0.0201753  -1.62557   49.5654   80.5723
      3    4      0.0204259  -1.93179   48.9574   94.5754   0.0205058  -1.93934   48.7667   94.5754    0.020537  -1.94229   48.6927   94.5754
      3    5       0.020602  -1.56935    48.539   76.1745   0.0206564  -1.57349   48.4111   76.1745   0.0206864  -1.57578   48.3409   76.1745
      3    6      0.0198357   -1.5538   50.4142   78.3337   0.0198432  -1.55439    50.395   78.3337   0.0198636  -1.55599   50.3433   78.3337
      3    7      0.0202901   -1.6027   49.2852   78.9895   0.0203287  -1.60575   49.1916   78.9895    0.020335  -1.60625   49.1763   78.9895
      3    8      0.0201346  -1.51148   49.6657   75.0689   0.0201522   -1.5128   49.6224   75.0689   0.0201347  -1.51149   49.6656   75.0689
      3    9      0.0205676  -1.48127   48.6201   72.0194   0.0205735  -1.48169   48.6062   72.0194   0.0205512  -1.48009   48.6589   72.0194
      3   10      0.0206831  -2.07681   48.3486   100.411   0.0206859  -2.07709    48.342   100.411   0.0207057  -2.07908   48.2958   100.411
      3   11      0.0210641  -1.64287   47.4741   77.9939   0.0211099  -1.64644   47.3711   77.9939    0.021101  -1.64575   47.3911   77.9939
      3   12      0.0200196  -2.04397   49.9511   102.099   0.0200224  -2.04426   49.9441   102.099   0.0200377  -2.04583   49.9059   102.099
      3   13      0.0203867  -1.62908   49.0517   79.9089    0.020413  -1.63118   48.9883   79.9089   0.0204075  -1.63074   49.0015   79.9089
      3   14      0.0206034   -1.6341   48.5356   79.3122    0.020624  -1.63574   48.4872   79.3122   0.0206419  -1.63715   48.4452   79.3122
      3   15      0.0205502  -1.53025   48.6614    74.464   0.0205719  -1.53186     48.61    74.464   0.0205651  -1.53136    48.626    74.464
