* Fiiting funtion = par[0] + par[1]*x && y=a*x+b, so a = par[1], b = par[0]
* SSDNum CHNum    par1(a)   err_par0     par0(b)      err_par1      peak1     peak2     peak3     peak4     peak5    peak6     peak7     peak8     peak9     peak10    peak11 
     0     0   0.00027717  0.00000019  -0.02859637   0.00027711     3709.5     1908.5     1006.5      826.5     465.5     284.5      193.5     174.5     134.5       0.0       0.0
     0     1   0.00028100  0.00000027  -0.01444080   0.00038936     3607.5     1833.5      943.5      765.5     408.5     230.5      140.5     121.5      80.5       0.0       0.0
     0     2   0.00028043  0.00000018  -0.02398991   0.00025329     3651.5     1867.5      977.5      799.5     443.5     265.5      175.5     157.5     116.5       0.0       0.0
     0     3   0.00027941  0.00000029  -0.01464374   0.00040870     3628.5     1845.5      949.5      770.5     411.5     232.5      141.5     123.5      81.5       0.0       0.0
     0     4   0.00027898  0.00000025  -0.01881004   0.00035477     3649.5     1862.5      965.5      786.5     427.5     247.5      156.5     138.5      97.5       0.0       0.0
     0     5   0.00028019  0.00000027  -0.01498487   0.00038203     3619.5     1841.5      948.5      769.5     411.5     232.5      142.5     123.5      83.5       0.0       0.0
     0     6   0.00028162  0.00000017  -0.02435541   0.00024664     3636.5     1862.5      974.5      798.5     442.5     265.5      175.5     157.5     117.5       0.0       0.0
     0     7   0.00028203  0.00000030  -0.01433313   0.00042721     3593.5     1827.5      939.5      762.5     406.5     229.5      139.5     120.5      79.5       0.0       0.0
     0     8   0.00027912  0.00000016  -0.02418838   0.00023344     3669.5     1876.5      982.5      804.5     446.5     267.5      176.5     158.5     118.5       0.0       0.0
     0     9   0.00027773  0.00000017  -0.02361219   0.00024233     3685.5     1884.5      985.5      806.5     446.5     266.5      175.5     157.5     116.5       0.0       0.0
     0    10   0.00028245  0.00000019  -0.02513006   0.00027111     3628.5     1859.5      975.5      798.5     444.5     267.5      177.5     159.5     119.5       0.0       0.0
     0    11   0.00028063  0.00000021  -0.02411123   0.00030628     3647.5     1869.5      978.5      800.5     443.5     265.5      174.5     156.5     116.5       0.0       0.0
     0    12   0.00028356  0.00000026  -0.01807717   0.00036969     3587.5     1830.5      947.5      771.5     417.5     240.5      151.5     133.5      93.5       0.0       0.0
     0    13   0.00027835  0.00000020  -0.02243869   0.00029463     3671.5     1878.5      980.5      800.5     441.5     261.5      170.5     151.5     111.5       0.0       0.0
     0    14   0.00028140  0.00000023  -0.03549702   0.00034092     3677.5     1905.5     1016.5      839.5     482.5     304.5      214.5     196.5     156.5       0.0       0.0
     0    15   0.00027964  0.00000025  -0.02048496   0.00036423     3646.5     1864.5      969.5      790.5     432.5     252.5      162.5     143.5     103.5       0.0       0.0
     1     0   0.00027046  0.00000005  -0.03212152   0.00008150     3815.5     1968.5     1043.5      858.5     488.5     303.5      210.5     192.5       0.0       0.0       0.0
     1     1   0.00027160  0.00000008  -0.01376177   0.00012797     3731.5     1893.5      971.5      787.5     418.5     234.5      142.5     123.5       0.0       0.0       0.0
     1     2   0.00027316  0.00000005  -0.02190533   0.00007759     3740.5     1911.5      995.5      812.5     446.5     263.5      171.5     152.5       0.0       0.0       0.0
     1     3   0.00027410  0.00000007  -0.02057227   0.00010958     3722.5     1900.5      987.5      805.5     439.5     257.5      165.5     147.5       0.0       0.0       0.0
     1     4   0.00026937  0.00000010  -0.01544919   0.00015518     3768.5     1915.5      986.5      800.5     428.5     242.5      149.5     130.5       0.0       0.0       0.0
     1     5   0.00027841  0.00000010  -0.01665417   0.00015235     3650.5     1857.5      958.5      778.5     419.5     239.5      148.5     130.5       0.0       0.0       0.0
     1     6   0.00027161  0.00000004  -0.01475865   0.00005495     3736.5     1894.5      974.5      790.5     422.5     238.5      146.5     128.5       0.0       0.0       0.0
     1     7   0.00026997  0.00000025  -0.01436344   0.00038698     3754.5     1908.5      982.5      797.5     422.5     236.5      143.5     125.5       0.0       0.0       0.0
     1     8   0.00027022  0.00000007  -0.01398893   0.00010997     3751.5     1903.5      977.5      792.5     421.5     236.5      143.5     125.5       0.0       0.0       0.0
     1     9   0.00027383  0.00000008  -0.02233832   0.00012981     3732.5     1909.5      994.5      812.5     446.5     263.5      172.5     154.5       0.0       0.0       0.0
     1    10   0.00027060  0.00000008  -0.02381563   0.00012661     3782.5     1937.5     1012.5      827.5     457.5     272.5      179.5     161.5       0.0       0.0       0.0
     1    11   0.00027554  0.00000018  -0.02184307   0.00027744     3706.5     1896.5      988.5      807.5     441.5     259.5      168.5     150.5       0.0       0.0       0.0
     1    12   0.00027890  0.00000008  -0.02565690   0.00012447     3678.5     1883.5      987.5      808.5     450.5     271.5      182.5     164.5       0.0       0.0       0.0
     1    13   0.00027310  0.00000006  -0.01928193   0.00009103     3731.5     1902.5      986.5      803.5     436.5     253.5      161.5     143.5       0.0       0.0       0.0
     1    14   0.00027667  0.00000010  -0.01860825   0.00014731     3680.5     1876.5      971.5      790.5     428.5     247.5      157.5     138.5       0.0       0.0       0.0
     1    15   0.00027708  0.00000025  -0.01775090   0.00038601     3670.5     1871.5      969.5      789.5     423.5     242.5      152.5     134.5       0.0       0.0       0.0
     2     0   0.00051608  0.00000225  -0.03800561   0.00220209     2007.5     1046.5      563.5      465.5     267.5     160.5        0.0       0.0       0.0       0.0       0.0
     2     1   0.00050544  0.00000217  -0.03118507   0.00214666     2036.5     1054.5      561.5      462.5     259.5     150.5        0.0       0.0       0.0       0.0       0.0
     2     2   0.00052862  0.00000230  -0.04258594   0.00221187     1968.5     1030.5      558.5      463.5     269.5     165.5        0.0       0.0       0.0       0.0       0.0
     2     3   0.00049911  0.00000215  -0.03980580   0.00218631     2079.5     1085.5      585.5      485.5     280.5     169.5        0.0       0.0       0.0       0.0       0.0
     2     4   0.00051962  0.00000216  -0.04603398   0.00212757     2009.5     1054.5      574.5      478.5     280.5     175.5        0.0       0.0       0.0       0.0       0.0
     2     5   0.00052769  0.00000220  -0.01692049   0.00203629     1923.5      983.5      510.5      415.5     221.5     117.5        0.0       0.0       0.0       0.0       0.0
     2     6   0.00052487  0.00000227  -0.03306999   0.00216999     1964.5     1019.5      544.5      448.5     253.5     148.5        0.0       0.0       0.0       0.0       0.0
     2     7   0.00054698  0.00000230  -0.02449802   0.00208683     1869.5      962.5      506.5      415.5     226.5     127.5        0.0       0.0       0.0       0.0       0.0
     2     8   0.00051914  0.00000217  -0.04091575   0.00212643     2001.5     1045.5      565.5      468.5     271.5     165.5        0.0       0.0       0.0       0.0       0.0
     2     9   0.00052000  0.00000221  -0.03904703   0.00214921     1994.5     1040.5      560.5      464.5     267.5     161.5        0.0       0.0       0.0       0.0       0.0
     2    10   0.00053755  0.00000227  -0.02888332   0.00210408     1910.5      987.5      523.5      430.5     239.5     137.5        0.0       0.0       0.0       0.0       0.0
     2    11   0.00053332  0.00000224  -0.03256692   0.00210777     1932.5     1002.5      534.5      440.5     248.5     145.5        0.0       0.0       0.0       0.0       0.0
     2    12   0.00053520  0.00000214  -0.04310606   0.00203417     1945.5     1018.5      552.5      458.5     266.5     165.5        0.0       0.0       0.0       0.0       0.0
     2    13   0.00053248  0.00000227  -0.03942261   0.00216261     1948.5     1016.5      548.5      454.5     261.5     158.5        0.0       0.0       0.0       0.0       0.0
     2    14   0.00053242  0.00000221  -0.04461025   0.00211872     1958.5     1026.5      558.5      463.5     271.5     168.5        0.0       0.0       0.0       0.0       0.0
     2    15   0.00055830  0.00000230  -0.03848350   0.00208002     1856.5      968.5      521.5      431.5     246.5     150.5        0.0       0.0       0.0       0.0       0.0
     3     0   0.00028112  0.00000016  -0.02813583   0.00024470     3655.5     1881.5      990.5      812.5     456.5     277.5      187.5     169.5       0.0       0.0       0.0
     3     1   0.00028909  0.00000017  -0.02580679   0.00026037     3546.5     1821.5      955.5      782.5     435.5     261.5      174.5     156.5       0.0       0.0       0.0
     3     2   0.00027618  0.00000016  -0.03242567   0.00024841     3736.5     1930.5     1023.5      842.5     480.5     298.5      206.5     187.5       0.0       0.0       0.0
     3     3   0.00027920  0.00000017  -0.02087775   0.00026341     3654.5     1868.5      971.5      792.5     433.5     253.5      162.5     144.5       0.0       0.0       0.0
     3     4   0.00028637  0.00000017  -0.03041845   0.00025124     3596.5     1854.5      980.5      805.5     456.5     280.5      192.5     173.5       0.0       0.0       0.0
     3     5   0.00028719  0.00000017  -0.03105690   0.00025195     3588.5     1851.5      979.5      805.5     457.5     282.5      193.5     175.5       0.0       0.0       0.0
     3     6   0.00027241  0.00000018  -0.02662139   0.00027986     3766.5     1936.5     1016.5      833.5     465.5     280.5      187.5     169.5       0.0       0.0       0.0
     3     7   0.00028143  0.00000015  -0.03961646   0.00023260     3692.5     1919.5     1030.5      852.5     496.5     318.5      228.5     209.5       0.0       0.0       0.0
     3     8   0.00027506  0.00000016  -0.03131518   0.00024905     3747.5     1934.5     1023.5      842.5     477.5     295.5      203.5     184.5       0.0       0.0       0.0
     3     9   0.00028987  0.00000015  -0.03428446   0.00022024     3566.5     1845.5      981.5      809.5     463.5     290.5      203.5     185.5       0.0       0.0       0.0
     3    10   0.00027700  0.00000015  -0.03158437   0.00023366     3722.5     1921.5     1017.5      837.5     475.5     294.5      202.5     184.5       0.0       0.0       0.0
     3    11   0.00029379  0.00000018  -0.02984828   0.00026981     3503.5     1806.5      953.5      783.5     442.5     271.5      185.5     167.5       0.0       0.0       0.0
     3    12   0.00027549  0.00000017  -0.02881995   0.00026263     3732.5     1922.5     1013.5      831.5     468.5     285.5      193.5     175.5       0.0       0.0       0.0
     3    13   0.00028979  0.00000017  -0.03144515   0.00025321     3557.5     1836.5      972.5      799.5     454.5     280.5      193.5     175.5       0.0       0.0       0.0
     3    14   0.00028394  0.00000019  -0.02604180   0.00028214     3611.5     1855.5      973.5      797.5     444.5     267.5      178.5     159.5       0.0       0.0       0.0
     3    15   0.00027460  0.00000016  -0.02714179   0.00025719     3738.5     1922.5     1010.5      828.5     463.5     280.5      188.5     169.5       0.0       0.0       0.0
