*SSDNum  CHNum   mean1     mean2     mean3    sigma1    sigma2    sigma3     Chi21     Chi22     Chi23     Xmin1     Xmax1     Xmin2     Xmax2     Xmin3     Xmax3
0         0     126.001   130.171   134.092  0.719501  0.658741  0.6295495.09048e-103.06533e-086.03843e-09   124.711   127.938   128.807   131.868   132.819   136.667
0         1     118.447   122.592    126.43  0.722827   0.73602  0.6569961.43071e-08  0.594067   20.2642    117.25   120.297   121.265   124.528    124.85   129.296
0         2     128.543   132.871   136.978  0.726976   0.76646   0.612411.00887e-08   29.14431.42524e-07   127.174   130.311   130.725   134.827   135.689   139.791
0         3     124.028   128.286   132.265   0.81364  0.827879  0.697588   108.001   161.399   9.05653   122.258   125.501   126.428   130.135    130.73   134.503
0         4     128.669   132.904   136.808  0.809443   0.75888  0.736224   22.7662   57.2584    16.803   127.381   130.752   131.289   134.731   135.484   139.535
0         5     131.421   135.813   139.926  0.756313   0.84913  0.5934581.64469e-073.00123e-081.17388e-09   130.033   133.413   134.356   137.447     138.6   142.059
0         6     143.719   148.177    152.22  0.794969  0.697947  0.7205034.35918e-071.27166e-096.76854e-10   141.892   145.341   146.585    149.92   150.655   153.878
0         7     132.364   136.773   140.785  0.764479  0.810446  0.7893893.8154e-075.27329e-09   11.5415   131.242   133.962   135.001    138.28    139.48   143.039
0         8     147.514   151.865   155.996  0.728964  0.754657  0.6631691.41563e-08   82.19583.19847e-07   145.795   149.449   150.311   153.896    154.62   157.998
0         9     126.858   131.266   135.396  0.820627  0.806389   0.64846   15.3329   126.475   7.46446    124.76   128.725   129.449   133.379   133.999   138.171
0        10     163.974   168.301    172.49  0.847192   0.86157  0.7196815.67337e-09   114.366 0.0395021   161.561   165.325   166.472   170.488   170.918   174.969
0        11     124.787   129.126   133.035  0.810621  0.677196  0.616386   1.496271.18749e-071.47195e-08   123.393   126.584   127.552   130.994   131.711   135.619
0        12     106.291   110.369   114.247  0.687016  0.675198  0.6423612.10627e-094.25202e-091.8901e-07   104.868   107.909   108.931   112.234   112.994   116.297
0        13     140.081   144.564   148.637  0.836552  0.753266  0.721497   115.448   1.17868   14.8947   137.993   142.122   142.858   146.761   147.383   151.852
0        14      132.08   136.486   140.779  0.845193  0.730913  0.575337   8.69579 1.586e-091.15168e-09   130.439   133.803   134.628   138.436   139.546   142.656
0        15     123.731   127.851    131.66  0.805116  0.843235  0.7718461.23481e-07   12.8715   3.65806   122.351   125.326   125.982   129.845   130.425   134.443
1         0      126.72   130.948   135.036  0.917574  0.814029  0.680814   13.5063   3.714841.11091e-08   124.381   128.553   129.403    132.88   133.536   137.284
1         1     131.636   135.924   139.862  0.812044  0.723259  0.6072663.21942e-093.73769e-078.68562e-10   130.059   133.219     134.7   137.581   138.621   142.262
1         2     149.014   154.485   159.648  0.878785  0.823345  0.828352   104.243   4.90335   2.59972   147.366   151.306   152.929   157.391   158.086   163.475
1         3     140.369   145.704   150.806  0.792318  0.808966   0.875481.20043e-09   28.4729   5.24285    138.78   142.461   143.858   147.729   149.379   154.456
1         4     168.683   173.878   178.954   0.83073  0.841712  0.814476  0.221475   78.3284   28.6264   166.758   170.674    171.63    175.91   177.276   182.375
1         5     163.454   168.886   174.189  0.868619  0.847561  0.722964    14.296   36.1742   1.13132   161.547   165.532   166.528   170.985   172.662   177.905
1         6     143.059   148.441   153.535  0.872973  0.800196  0.749274    94.223  0.769156   3.29042   141.342   145.116   146.742   150.569   152.194   156.546
1         7     156.196   161.614   166.736  0.935641  0.813218  0.775647   174.023   14.0333   17.2768   154.357   158.546   159.957   164.009   165.466   171.385
1         8     165.394    170.66   175.826  0.844171  0.815421  0.680649   80.8656   24.9794   1.50414   164.089   167.608    168.78   173.143    174.55   179.851
1         9     142.526   147.838   153.095   0.83536  0.818552   0.75157   24.2803   41.00093.5355e-09   140.687   144.668   146.354   149.906   151.735   155.753
1        10     160.575   165.971   171.203  0.935646  0.893034  0.762601   140.345   76.3353   1.22926   158.435   162.786   163.678   168.501   169.602   173.849
1        11     163.833   169.164   174.357  0.855438    0.8837  0.751601   27.5697   76.8551  0.965903   161.692   166.161   166.953   171.252   172.836   177.531
1        12     144.866   150.353   155.543  0.836071  0.762623  0.772586   75.35339.34648e-11   6.15506   142.711   147.202   148.603   152.417   154.204   158.502
1        13     148.345   153.593   158.726  0.768426  0.845431  0.8069472.16697e-10   258.766   7.16817   146.501   150.419   151.413   156.104   157.208   162.892
1        14     172.252   177.607   182.549  0.885721  0.777602  0.744801   150.848   7.11862   16.2751   170.478   174.341   175.935   179.653   181.005   185.737
1        15      168.57   173.636   178.551     0.837  0.807436  0.762907   26.8203   2.71982   11.5983   166.847     170.7   172.052   175.906   176.852   181.922
2         0     251.061   264.557   277.063   1.30876   1.21018   1.20349   118.416    48.292   9.84779   247.557   255.221   261.631    268.32   275.288   282.116
2         1     233.068    246.68   259.437   1.33276   1.29361    1.1862   344.192   356.808   56.5018   229.762   236.869   243.418   252.197   256.517   265.017
2         2     237.303   250.795   263.289   1.36571   1.22471   1.15782    440.39   147.528   20.6748   234.188   242.828   248.262   253.697   261.083   267.632
2         3     208.927   222.318   234.878   1.30956   1.27892   1.13499   216.232   254.889   10.4643   206.188   212.877   219.426   226.115   232.943   239.075
2         4     225.291     238.8   251.154   1.23888   1.04595   1.18524   92.2003   19.6991   25.3551   223.049   229.041   236.844   242.697   248.689   257.747
2         5     217.039   230.641   242.977   1.30322   1.11788   1.18218   275.622    22.601   34.5976   213.909   221.434    228.68   234.533   240.804   250.698
2         6      224.56   238.187   251.083   1.35549   1.30854    1.1708   116.021   264.522   13.6129   221.762   227.475       235   242.804   248.517   254.509
2         7     217.978   231.469   243.976   1.33858   1.19693   1.16177   371.009   95.9108   22.3625   215.113   222.786   229.164    235.45   241.551   250.517
2         8     239.055   252.553   265.249   1.22107   1.23337   1.16396   84.6292   174.005   32.2369   236.533   243.221   250.189   257.017   263.148   271.788
2         9     220.003   233.593   245.905   1.15851   1.03836    1.2235   51.8909   23.3871   16.8014   217.603   223.186   231.994   237.578   244.184   250.161
2        10     215.867   229.152   241.576    1.2972   1.23651   1.12897   295.324   282.127   87.1002   213.036   219.118     226.4   232.562   239.364   245.925
2        11     233.177   246.677   259.378    1.3688   1.18393   1.00731   335.678   153.012   21.2635   230.049    236.18   244.402   250.672    257.64   264.189
2        12     227.208   240.726   253.269   1.32676   1.21631   1.18942   422.368   151.004    11.809   224.352   232.016   238.148   245.254   251.107   259.329
2        13     220.224   233.729   246.319    1.3307   1.23259   1.14992   362.059   174.206   28.7108   217.188   224.016   231.402   237.951   244.361   251.189
2        14     250.281   263.543   275.829     1.335   1.17446   1.13364   378.781   170.207   7.13374   247.147   254.393   260.803    267.91   274.041    280.73
2        15     209.164   222.682    235.35   1.35991      1.23   1.11698   252.856   124.212   9.47172   206.418   213.803   219.795   227.181    233.73    240.28
3         0     395.985   417.952   438.875    1.7773   1.76555   1.59441   168.142   51.0735   20.6876   393.073   401.852   414.672    423.73   436.132   446.444
3         1     391.093   413.273   433.885     1.969   1.74871   1.88763   359.353   126.613   73.6298   387.491   396.131   410.345   418.845   430.411    441.28
3         2     389.719   412.303   432.994   1.90055   1.61841   1.93667   302.473   25.1491   111.727   386.393   395.033   409.804   416.771   429.452   439.485
3         3     378.159   400.217     421.2   1.73405   1.78947   1.87499   208.558   132.524   47.9554   375.647   385.541   396.968   408.255   418.288   427.624
3         4     374.006    396.17   416.932   1.94566   1.71768   1.73846    362.38   118.965   43.5952   370.073    379.27   392.509   402.681   413.829    424.28
3         5     387.929    409.81     430.6   1.89753   1.93242   1.81536   197.262   174.257   63.2294   385.073   394.828   405.976   416.845   427.296   437.051
3         6     401.262   423.453   444.509   1.99508   1.80725   1.69152   559.959   117.457   10.8344   397.352   407.525   419.787   429.124   441.944   451.559
3         7     395.755   417.981   439.112   1.84084   1.89521   1.87575   117.067    182.84   30.7737   392.647   401.984   413.968   424.419   435.985   446.018
3         8      393.04     415.1   436.017   2.08541   1.98027   2.01751   22.6388   40.8942   20.9039   389.631    398.41   412.484   421.402   432.829   444.813
3         9     387.499   409.997   430.962   1.87781   1.70495   1.78135   274.111   94.3347   40.7028   384.229   393.148   406.804   415.443   428.264   436.624
3        10     402.611   424.937   445.597   1.92029   1.74209   1.89588   266.684   119.389   62.5118   398.721   408.615   421.992    431.05   442.059   452.231
3        11      393.53   415.415   436.218   1.89023   1.75179   1.65322   333.857   131.156    16.172   389.704   400.156   412.418   421.058   433.739   441.403
3        12     401.706   423.424   444.417   1.85629   1.89326    1.5599    374.45   424.159   44.2512   398.237   406.459   418.861    429.73   442.132   451.329
3        13     330.714    347.71   364.161   1.46729   1.56123   1.37866   184.018   358.745   32.5308   327.722   334.974   344.013   353.947   362.291   371.331
3        14     331.239   348.494   364.497   1.60067    1.4063   1.49863   313.731   131.991   31.7839    328.07   336.373    345.52   354.526   361.985   370.992
3        15     404.504   426.478   447.429   1.86663   1.79171   1.77393   202.771   104.416   19.3634   401.352   409.574   422.812   432.427    444.55   454.862
