*Energy (MeV/u)1	0 - [He-base] F.Hubert et al, AD&ND Tables 46(1990)1	Energy (MeV/u)2	1 - [H -base] J.F.Ziegler et al, Pergamon Press, NY (low energy)	Energy (MeV/u)3	2 - ATIMA 1.2  LS-theory (recommended for high energy)	Energy (MeV/u)4	3 - ATIMA 1.2  without LS-correction	Energy (MeV/u)5	4 - Range straggling - method [0] - LISE	Energy (MeV/u)6	5 - Range straggling - method [1] - Atima	Energy (MeV/u)7	6 - Lateral range - method [0] - LISE	Energy (MeV/u)8	7 - Lateral range - method [1] - Atima	Energy (MeV/u)9	8 - Lateral range - method [2] - PDG	
0.001000	0.1174    	0.001000	0.1174    	0.001000	0.111941  	0.001000	0.111941  	0.001000	0         	0.001000	0         	0.001000	0.000593796	0.001000	0.000890903	0.001000	0.000526254
0.002000	0.254882  	0.002000	0.2348    	0.002000	0.223881  	0.002000	0.223881  	0.002000	0.0197025 	0.002000	0.0197025 	0.002000	0.00173939	0.002000	0.00252175	0.002000	0.00157945
0.005000	0.540445  	0.005000	0.478652  	0.005000	0.463955  	0.005000	0.463955  	0.005000	0.0221643 	0.005000	0.0221643 	0.005000	0.00506241	0.005000	0.00718149	0.005000	0.00466184
0.008000	0.750654  	0.008000	0.658157  	0.008000	0.64599   	0.008000	0.64599   	0.008000	0.0222241 	0.008000	0.0222241 	0.008000	0.00816925	0.008000	0.0114527 	0.008000	0.0075766
0.010000	0.869565  	0.010000	0.759699  	0.010000	0.750648  	0.010000	0.750648  	0.010000	0.0224121 	0.010000	0.0224121 	0.010000	0.0101838 	0.010000	0.0141995 	0.010000	0.00947514
0.015000	1.12247   	0.015000	0.975661  	0.015000	0.97677   	0.015000	0.97677   	0.015000	0.0232772 	0.015000	0.0232772 	0.015000	0.0151177 	0.015000	0.0204945 	0.015000	0.0141419
0.020000	1.33471   	0.020000	1.1569    	0.020000	1.16983   	0.020000	1.16983   	0.020000	0.0243581 	0.020000	0.0243581 	0.020000	0.01995   	0.020000	0.0260183 	0.020000	0.0187286
0.025000	1.5208    	0.025000	1.31581   	0.025000	1.34119   	0.025000	1.34119   	0.025000	0.0254508 	0.025000	0.0254508 	0.025000	0.0247352 	0.025000	0.0310278 	0.025000	0.0232816
0.030000	1.68949   	0.030000	1.45986   	0.030000	1.48985   	0.030000	1.48985   	0.030000	0.0263557 	0.030000	0.0263557 	0.030000	0.0292496 	0.030000	0.0354623 	0.030000	0.0276194
0.035000	1.84482   	0.035000	1.5925    	0.035000	1.62036   	0.035000	1.62036   	0.035000	0.0270833 	0.035000	0.0270833 	0.035000	0.0331901 	0.035000	0.0394111 	0.035000	0.031751
0.040000	1.98952   	0.040000	1.71606   	0.040000	1.74106   	0.040000	1.74106   	0.040000	0.0277412 	0.040000	0.0277412 	0.040000	0.0369381 	0.040000	0.0430987 	0.040000	0.0355465
0.045000	2.12597   	0.045000	1.83259   	0.045000	1.85525   	0.045000	1.85525   	0.045000	0.0283609 	0.045000	0.0283609 	0.045000	0.0405601 	0.045000	0.0466268 	0.045000	0.0391866
0.050000	2.25567   	0.050000	1.94334   	0.050000	1.96439   	0.050000	1.96439   	0.050000	0.0289512 	0.050000	0.028915  	0.050000	0.0440804 	0.050000	0.0500291 	0.050000	0.0427321
0.055000	2.37973   	0.055000	2.04928   	0.055000	2.0693    	0.055000	2.0693    	0.055000	0.0295149 	0.055000	0.0294161 	0.055000	0.0475236 	0.055000	0.0533562 	0.055000	0.046207
0.060000	2.49906   	0.060000	2.15118   	0.060000	2.17055   	0.060000	2.17055   	0.060000	0.0300541 	0.060000	0.0298883 	0.060000	0.0508963 	0.060000	0.0565985 	0.060000	0.0496159
0.070000	2.72622   	0.070000	2.34516   	0.070000	2.36389   	0.070000	2.36389   	0.070000	0.0310679 	0.070000	0.030762  	0.070000	0.0574709 	0.070000	0.0629745 	0.070000	0.0562666
0.080000	2.94149   	0.080000	2.52898   	0.080000	2.54745   	0.080000	2.54745   	0.080000	0.0320109 	0.080000	0.0315626 	0.080000	0.0638461 	0.080000	0.0692235 	0.080000	0.0627145
0.090000	3.14788   	0.090000	2.70523   	0.090000	2.72349   	0.090000	2.72349   	0.090000	0.0329001 	0.090000	0.0323099 	0.090000	0.0693788 	0.090000	0.0746974 	0.090000	0.0683027
0.100000	3.34755   	0.100000	2.87573   	0.100000	2.89375   	0.100000	2.89375   	0.100000	0.0337497 	0.100000	0.0330189 	0.100000	0.0742603 	0.100000	0.0795678 	0.100000	0.0732243
0.120000	3.73175   	0.120000	3.20382   	0.120000	3.22196   	0.120000	3.22196   	0.120000	0.0353725 	0.120000	0.0343636 	0.120000	0.0828529 	0.120000	0.0882863 	0.120000	0.0818537
0.140000	4.09917   	0.140000	3.51757   	0.140000	3.53957   	0.140000	3.53957   	0.140000	0.0369426 	0.140000	0.0356567 	0.140000	0.0905162 	0.140000	0.0961743 	0.140000	0.08953
0.160000	4.45582   	0.160000	3.82213   	0.160000	3.8513    	0.160000	3.8513    	0.160000	0.0384994 	0.160000	0.0369339 	0.160000	0.0974906 	0.160000	0.103459  	0.160000	0.0965217
0.180000	4.80547   	0.180000	4.1207    	0.180000	4.16016   	0.180000	4.16016   	0.180000	0.0400676 	0.180000	0.0382167 	0.180000	0.103884  	0.180000	0.110216  	0.180000	0.102902
0.200000	5.15127   	0.200000	4.41599   	0.200000	4.46816   	0.200000	4.46816   	0.200000	0.0416625 	0.200000	0.0395184 	0.200000	0.109765  	0.200000	0.116489  	0.200000	0.108781
0.250000	6.00703   	0.250000	5.14676   	0.250000	5.2421    	0.250000	5.2421    	0.250000	0.0458181 	0.250000	0.042899  	0.250000	0.124219  	0.250000	0.131911  	0.250000	0.123215
0.300000	6.84928   	0.300000	5.86598   	0.300000	6.02798   	0.300000	6.02798   	0.300000	0.0502275 	0.300000	0.0464702 	0.300000	0.137958  	0.300000	0.146584  	0.300000	0.136932
0.350000	7.67943   	0.350000	6.57487   	0.350000	6.82433   	0.350000	6.82433   	0.350000	0.054794  	0.350000	0.0501511 	0.350000	0.150579  	0.350000	0.160093  	0.350000	0.149534
0.400000	8.50636   	0.400000	7.28102   	0.400000	7.63437   	0.400000	7.63437   	0.400000	0.0595284 	0.400000	0.0539469 	0.400000	0.162961  	0.400000	0.173321  	0.400000	0.161899
0.450000	9.33746   	0.450000	7.99072   	0.450000	8.46117   	0.450000	8.46117   	0.450000	0.064453  	0.450000	0.057873  	0.450000	0.174857  	0.450000	0.186026  	0.450000	0.173782
0.500000	10.178    	0.500000	8.7085    	0.500000	9.30629   	0.500000	9.30629   	0.500000	0.0695726 	0.500000	0.0619303 	0.500000	0.186472  	0.500000	0.198403  	0.500000	0.185389
0.600000	11.8821   	0.600000	10.1637   	0.600000	11.0515   	0.600000	11.0515   	0.600000	0.0803368 	0.600000	0.0703829 	0.600000	0.208674  	0.600000	0.222086  	0.600000	0.207586
0.700000	13.6403   	0.700000	11.6651   	0.700000	12.8693   	0.700000	12.8693   	0.700000	0.0917231 	0.700000	0.0792145 	0.700000	0.229941  	0.700000	0.244754  	0.700000	0.228866
0.800000	15.446    	0.800000	13.207    	0.800000	14.7585   	0.800000	14.7585   	0.800000	0.103669  	0.800000	0.0883684 	0.800000	0.250602  	0.800000	0.26677   	0.800000	0.249545
0.900000	17.2742   	0.900000	14.7682   	0.900000	16.7183   	0.900000	16.7183   	0.900000	0.116139  	0.900000	0.0978125 	0.900000	0.270669  	0.900000	0.288141  	0.900000	0.269656
1.000000	19.1529   	1.000000	16.3724   	1.000000	18.7506   	1.000000	18.7506   	1.000000	0.129159  	1.000000	0.107564  	1.000000	0.290476  	1.000000	0.309214  	1.000000	0.289509
1.250000	24.1775   	1.250000	20.6631   	1.250000	24.1577   	1.250000	24.1577   	1.250000	0.164254  	1.250000	0.133368  	1.250000	0.338378  	1.250000	0.360203  	1.250000	0.33758
1.500000	30.0414   	1.500000	25.6705   	1.500000	30.0156   	1.500000	30.0156   	1.500000	0.202676  	1.500000	0.16096   	1.500000	0.384773  	1.500000	0.409573  	1.500000	0.384228
1.750000	36.9226   	1.750000	31.5466   	1.750000	36.3208   	1.750000	36.3208   	1.750000	0.244417  	1.750000	0.190314  	1.750000	0.431622  	1.750000	0.459204  	1.750000	0.431405
2.000000	44.6375   	2.000000	38.1346   	2.000000	43.0757   	2.000000	43.0757   	2.000000	0.289583  	2.000000	0.221484  	2.000000	0.479775  	2.000000	0.509929  	2.000000	0.479975
2.250000	53.0668   	2.250000	45.3326   	2.250000	50.2852   	2.250000	50.2852   	2.250000	0.338316  	2.250000	0.254554  	2.250000	0.529704  	2.250000	0.562189  	2.250000	0.53039
2.500000	62.1316   	2.500000	53.0785   	2.500000	57.9538   	2.500000	57.9538   	2.500000	0.390734  	2.500000	0.289591  	2.500000	0.58172   	2.500000	0.616284  	2.500000	0.582977
3.000000	79.7584   	3.000000	70.0761   	3.000000	74.6756   	3.000000	74.6756   	3.000000	0.50687   	3.000000	0.365696  	3.000000	0.692936  	3.000000	0.730813  	3.000000	0.695576
3.500000	99.1366   	3.500000	88.9601   	3.500000	93.2404   	3.500000	93.2404   	3.500000	0.638167  	3.500000	0.449868  	3.500000	0.814797  	3.500000	0.854724  	3.500000	0.819127
4.000000	120.227   	4.000000	109.647   	4.000000	113.629   	4.000000	113.629   	4.000000	0.784442  	4.000000	0.541928  	4.000000	0.948037  	4.000000	0.988624  	4.000000	0.954371
4.500000	142.993   	4.500000	132.081   	4.500000	135.811   	4.500000	135.811   	4.500000	0.945322  	4.500000	0.641534  	4.500000	1.093     	4.500000	1.13274   	4.500000	1.10161
5.000000	167.401   	5.000000	156.215   	5.000000	159.752   	5.000000	159.752   	5.000000	1.12036   	5.000000	0.748331  	5.000000	1.24967   	5.000000	1.28701   	5.000000	1.26083
5.500000	193.42    	5.500000	182.008   	5.500000	185.413   	5.500000	185.413   	5.500000	1.30908   	5.500000	0.861996  	5.500000	1.41792   	5.500000	1.45126   	5.500000	1.43187
6.000000	221.023   	6.000000	209.419   	6.000000	212.757   	6.000000	212.757   	6.000000	1.51103   	6.000000	0.982222  	6.000000	1.59747   	6.000000	1.6252    	6.000000	1.61445
6.500000	250.182   	6.500000	238.414   	6.500000	241.748   	6.500000	241.748   	6.500000	1.72579   	6.500000	1.10872   	6.500000	1.7881    	6.500000	1.80861   	6.500000	1.80833
7.000000	280.875   	7.000000	268.959   	7.000000	272.353   	7.000000	272.353   	7.000000	1.95297   	7.000000	1.24125   	7.000000	1.98946   	7.000000	2.00113   	7.000000	2.01315
7.500000	313.08    	7.500000	301.022   	7.500000	304.539   	7.500000	304.539   	7.500000	2.19221   	7.500000	1.37959   	7.500000	2.20127   	7.500000	2.20248   	7.500000	2.22865
8.000000	346.774   	8.000000	334.576   	8.000000	338.277   	8.000000	338.277   	8.000000	2.44321   	8.000000	1.52354   	8.000000	2.42326   	8.000000	2.41237   	8.000000	2.45452
8.500000	381.94    	8.500000	369.593   	8.500000	373.539   	8.500000	373.539   	8.500000	2.70568   	8.500000	1.67289   	8.500000	2.65517   	8.500000	2.63055   	8.500000	2.6905
9.000000	418.56    	9.000000	406.048   	9.000000	410.3     	9.000000	410.3     	9.000000	2.97938   	9.000000	1.82745   	9.000000	2.89676   	9.000000	2.85679   	9.000000	2.93635
9.500000	456.615   	9.500000	443.92    	9.500000	448.536   	9.500000	448.536   	9.500000	3.26407   	9.500000	1.98711   	9.500000	3.14779   	9.500000	3.09085   	9.500000	3.19184
10.000000	496.09    	10.000000	483.178   	10.000000	488.225   	10.000000	488.225   	10.000000	3.55955   	10.000000	2.15178   	10.000000	3.40806   	10.000000	3.33252   	10.000000	3.45675
11.000000	579.241   	11.000000	564.991   	11.000000	571.77    	11.000000	571.759   	11.000000	4.17978   	11.000000	2.49612   	11.000000	3.9545    	11.000000	3.83704   	11.000000	4.01299
12.000000	667.898   	12.000000	651.658   	12.000000	660.671   	12.000000	660.628   	12.000000	4.83671   	12.000000	2.8634    	12.000000	4.52824   	12.000000	4.36804   	12.000000	4.59802
13.000000	761.96    	13.000000	743.174   	13.000000	754.794   	13.000000	754.704   	13.000000	5.52968   	13.000000	3.25263   	13.000000	5.1315    	13.000000	4.92416   	13.000000	5.2126
14.000000	861.331   	14.000000	839.523   	14.000000	854.023   	14.000000	853.873   	14.000000	6.25801   	14.000000	3.66185   	14.000000	5.76597   	14.000000	5.50297   	14.000000	5.85902
15.000000	965.924   	15.000000	940.683   	15.000000	958.253   	15.000000	958.034   	15.000000	7.02105   	15.000000	4.08986   	15.000000	6.43049   	15.000000	6.09937   	15.000000	6.53613
16.000000	1075.66   	16.000000	1046.63   	16.000000	1067.39   	16.000000	1067.1    	16.000000	7.81823   	16.000000	4.53566   	16.000000	7.12418   	16.000000	6.71926   	16.000000	7.24305
17.000000	1190.46   	17.000000	1157.32   	17.000000	1181.35   	17.000000	1180.97   	17.000000	8.64903   	17.000000	4.99825   	17.000000	7.84627   	17.000000	7.36187   	17.000000	7.97901
18.000000	1310.26   	18.000000	1272.73   	18.000000	1300.05   	18.000000	1299.59   	18.000000	9.51292   	18.000000	5.47689   	18.000000	8.5961    	18.000000	8.02658   	18.000000	8.74338
19.000000	1434.99   	19.000000	1392.83   	19.000000	1423.42   	19.000000	1422.88   	19.000000	10.4094   	19.000000	5.97106   	19.000000	9.37309   	19.000000	8.71278   	19.000000	9.53556
20.000000	1564.58   	20.000000	1517.59   	20.000000	1551.39   	20.000000	1550.78   	20.000000	11.338    	20.000000	6.48032   	20.000000	10.1767   	20.000000	9.42001   	20.000000	10.3551
21.000000	1698.98   	21.000000	1646.96   	21.000000	1683.92   	21.000000	1683.21   	21.000000	12.2984   	21.000000	7.00434   	21.000000	11.0066   	21.000000	10.1479   	21.000000	11.2015
22.000000	1838.12   	22.000000	1780.92   	22.000000	1820.94   	22.000000	1820.15   	22.000000	13.2903   	22.000000	7.54283   	22.000000	11.8624   	22.000000	10.896    	22.000000	12.0745
23.000000	1981.97   	23.000000	1919.43   	23.000000	1962.38   	23.000000	1961.52   	23.000000	14.313    	23.000000	8.0953    	23.000000	12.7435   	23.000000	11.664    	23.000000	12.9736
24.000000	2130.45   	24.000000	2062.46   	24.000000	2108.2    	24.000000	2107.27   	24.000000	15.366    	24.000000	8.6614    	24.000000	13.6496   	24.000000	12.4514   	24.000000	13.8984
25.000000	2283.53   	25.000000	2209.98   	25.000000	2258.33   	25.000000	2257.34   	25.000000	16.449    	25.000000	9.24092   	25.000000	14.5803   	25.000000	13.258    	25.000000	14.8485
27.000000	2603.29   	27.000000	2518.35   	27.000000	2571.37   	27.000000	2570.29   	27.000000	18.7036   	27.000000	10.4394   	27.000000	16.5144   	27.000000	14.9275   	27.000000	16.8236
29.000000	2940.87   	29.000000	2844.29   	29.000000	2901.14   	29.000000	2899.99   	29.000000	21.0736   	29.000000	11.6888   	29.000000	18.5431   	29.000000	16.6702   	29.000000	18.8963
31.000000	3295.96   	31.000000	3187.55   	31.000000	3247.4    	31.000000	3246.23   	31.000000	23.5586   	31.000000	12.9878   	31.000000	20.665    	31.000000	18.4849   	31.000000	21.0655
33.000000	3668.22   	33.000000	3547.91   	33.000000	3610.6    	33.000000	3609.47   	33.000000	26.1712   	33.000000	14.3438   	33.000000	22.885    	33.000000	20.3752   	33.000000	23.3361
35.000000	4057.39   	35.000000	3925.13   	35.000000	3990.58   	35.000000	3989.55   	35.000000	28.9101   	35.000000	15.7559   	35.000000	25.2028   	35.000000	22.3409   	35.000000	25.7081
38.000000	4672.21   	38.000000	4522.09   	38.000000	4591.45   	38.000000	4590.69   	38.000000	33.2481   	38.000000	17.9746   	38.000000	28.8605   	38.000000	25.4288   	38.000000	29.4538
41.000000	5323.56   	41.000000	5155.8    	41.000000	5228.69   	41.000000	5228.34   	41.000000	37.8528   	41.000000	20.3108   	41.000000	32.7311   	41.000000	28.6806   	41.000000	33.4212
44.000000	6010.65   	44.000000	5825.55   	44.000000	5901.56   	44.000000	5901.75   	44.000000	42.7156   	44.000000	22.7585   	44.000000	36.8099   	44.000000	32.0922   	44.000000	37.6059
47.000000	6732.72   	47.000000	6530.71   	47.000000	6609.34   	47.000000	6610.24   	47.000000	47.8286   	47.000000	25.314    	47.000000	41.0922   	47.000000	35.6597   	47.000000	42.0034
50.000000	7489.07   	50.000000	7270.64   	50.000000	7351.41   	50.000000	7353.15   	50.000000	53.1855   	50.000000	27.9745   	50.000000	45.5734   	50.000000	39.3795   	50.000000	46.6099
55.000000	8824.09   	55.000000	8579.51   	55.000000	8662.9    	55.000000	8666.17   	55.000000	62.6413   	55.000000	32.6355   	55.000000	53.4736   	55.000000	45.9094   	55.000000	54.7419
60.000000	10249.7   	60.000000	9980.68   	60.000000	10065.2   	60.000000	10070.5   	60.000000	72.7277   	60.000000	37.5675   	60.000000	61.8938   	60.000000	52.8364   	60.000000	63.4243
65.000000	11763.4   	65.000000	11471.7   	65.000000	11556.1   	65.000000	11563.5   	65.000000	83.425    	65.000000	42.7583   	65.000000	70.8174   	65.000000	60.1478   	65.000000	72.6423
70.000000	13362.8   	70.000000	13050.1   	70.000000	13133.2   	70.000000	13143.2   	70.000000	94.7057   	70.000000	48.1987   	70.000000	80.2254   	70.000000	67.829    	70.000000	82.3785
75.000000	15045.7   	75.000000	14713.8   	75.000000	14794.2   	75.000000	14807.2   	75.000000	106.55    	75.000000	53.8788   	75.000000	90.1016   	75.000000	75.8677   	75.000000	92.6187
80.000000	16810     	80.000000	16460.6   	80.000000	16537.4   	80.000000	16553.5   	80.000000	118.94    	80.000000	59.7936   	80.000000	100.432   	80.000000	84.2532   	80.000000	103.35
85.000000	18653.9   	85.000000	18288.5   	85.000000	18360.8   	85.000000	18380.4   	85.000000	131.855   	85.000000	65.9311   	85.000000	111.201   	85.000000	92.9746   	85.000000	114.558
90.000000	20575.5   	90.000000	20195.6   	90.000000	20262.5   	90.000000	20285.8   	90.000000	145.278   	90.000000	72.2851   	90.000000	122.394   	90.000000	102.022   	90.000000	126.232
95.000000	22573.1   	95.000000	22180     	95.000000	22240.8   	95.000000	22268.1   	95.000000	159.19    	95.000000	78.8492   	95.000000	134       	95.000000	111.384   	95.000000	138.359
100.000000	24645.2   	100.000000	24240     	100.000000	24294     	100.000000	24325.7   	100.000000	173.576   	100.000000	85.6176   	100.000000	146.004   	100.000000	121.054   	100.000000	150.928
105.000000	26790.3   	105.000000	26373.9   	105.000000	26420.6   	105.000000	26456.9   	105.000000	188.419   	105.000000	92.5842   	105.000000	158.395   	105.000000	131.022   	105.000000	163.927
110.000000	29006.8   	110.000000	28580.1   	110.000000	28619     	110.000000	28660.2   	110.000000	203.706   	110.000000	99.7451   	110.000000	171.161   	110.000000	141.28    	110.000000	177.348
115.000000	31293.5   	115.000000	30856.9   	115.000000	30887.7   	115.000000	30934.1   	115.000000	219.419   	115.000000	107.091   	115.000000	184.29    	115.000000	151.819   	115.000000	191.177
120.000000	33649     	120.000000	33203     	120.000000	33225.5   	120.000000	33277.3   	120.000000	235.547   	120.000000	114.616   	120.000000	197.773   	120.000000	162.633   	120.000000	205.409
125.000000	36072     	125.000000	35616.7   	125.000000	35630.7   	125.000000	35688.2   	125.000000	252.074   	125.000000	122.318   	125.000000	211.597   	125.000000	173.713   	125.000000	220.03
130.000000	38561.4   	130.000000	38096.8   	130.000000	38102.2   	130.000000	38165.7   	130.000000	268.988   	130.000000	130.191   	130.000000	225.754   	130.000000	185.054   	130.000000	235.034
135.000000	41116     	135.000000	40641.8   	135.000000	40638.8   	135.000000	40708.5   	135.000000	286.281   	135.000000	138.229   	135.000000	240.235   	135.000000	196.649   	135.000000	250.413
140.000000	43734.7   	140.000000	43250.5   	140.000000	43239.2   	140.000000	43315.2   	140.000000	303.937   	140.000000	146.428   	140.000000	255.03    	140.000000	208.491   	140.000000	266.157
145.000000	46416.5   	145.000000	45921.6   	145.000000	45902     	145.000000	45984.7   	145.000000	321.942   	145.000000	154.781   	145.000000	270.128   	145.000000	220.573   	145.000000	282.256
150.000000	49160.3   	150.000000	48653.9   	150.000000	48626.2   	150.000000	48715.8   	150.000000	340.286   	150.000000	163.287   	150.000000	285.522   	150.000000	232.889   	150.000000	298.705
155.000000	52004.9   	155.000000	51446.1   	155.000000	51410.7   	155.000000	51507.4   	155.000000	358.961   	155.000000	171.943   	155.000000	301.204   	155.000000	245.435   	155.000000	315.495
160.000000	54908.5   	160.000000	54297.1   	160.000000	54254.2   	160.000000	54358.3   	160.000000	377.95    	160.000000	180.743   	160.000000	317.163   	160.000000	258.202   	160.000000	332.616
165.000000	57868.8   	165.000000	57205.9   	165.000000	57155.7   	165.000000	57267.6   	165.000000	397.248   	165.000000	189.685   	165.000000	333.392   	165.000000	271.188   	165.000000	350.064
170.000000	60884.6   	170.000000	60171.2   	170.000000	60114.3   	170.000000	60234.1   	170.000000	416.845   	170.000000	198.767   	170.000000	349.886   	170.000000	284.386   	170.000000	367.832
175.000000	63955.1   	175.000000	63192.1   	175.000000	63128.8   	175.000000	63256.8   	175.000000	436.727   	175.000000	207.984   	175.000000	366.634   	175.000000	297.789   	175.000000	385.909
180.000000	67079.2   	180.000000	66267.5   	180.000000	66198.2   	180.000000	66334.8   	180.000000	456.887   	180.000000	217.334   	180.000000	383.628   	180.000000	311.394   	180.000000	404.291
185.000000	70256     	185.000000	69396.5   	185.000000	69321.8   	185.000000	69467     	185.000000	477.319   	185.000000	226.814   	185.000000	400.866   	185.000000	325.198   	185.000000	422.972
190.000000	73484.7   	190.000000	72578     	190.000000	72498.7   	190.000000	72652.6   	190.000000	498.016   	190.000000	236.419   	190.000000	418.338   	190.000000	339.194   	190.000000	441.947
195.000000	76764.2   	195.000000	75811.1   	195.000000	75727.8   	195.000000	75890.6   	195.000000	518.966   	195.000000	246.143   	195.000000	436.039   	195.000000	353.379   	195.000000	461.207
200.000000	80093.9   	200.000000	79094.9   	200.000000	79008.1   	200.000000	79180.2   	200.000000	540.158   	200.000000	255.987   	200.000000	453.96    	200.000000	367.746   	200.000000	480.746
210.000000	86900.1   	210.000000	85811     	210.000000	85718.9   	210.000000	85910.3   	210.000000	583.24    	210.000000	276.024   	210.000000	490.437   	210.000000	397.012   	210.000000	520.637
220.000000	93897     	220.000000	92719.6   	220.000000	92624.9   	220.000000	92836.3   	220.000000	627.209   	220.000000	296.496   	220.000000	527.726   	220.000000	426.962   	220.000000	561.576
230.000000	101078    	230.000000	99813.9   	230.000000	99718.9   	230.000000	99951.6   	230.000000	671.997   	230.000000	317.381   	230.000000	565.776   	230.000000	457.56    	230.000000	603.515
240.000000	108439    	240.000000	107088    	240.000000	106996    	240.000000	107250    	240.000000	717.566   	240.000000	338.679   	240.000000	604.551   	240.000000	488.781   	240.000000	646.42
250.000000	115973    	250.000000	114535    	250.000000	114450    	250.000000	114726    	250.000000	763.861   	250.000000	360.378   	250.000000	644.007   	250.000000	520.596   	250.000000	690.246
260.000000	123675    	260.000000	122151    	260.000000	122074    	260.000000	122374    	260.000000	810.818   	260.000000	382.423   	260.000000	684.1     	260.000000	552.973   	260.000000	734.952
270.000000	131540    	270.000000	129929    	270.000000	129863    	270.000000	130187    	270.000000	858.408   	270.000000	404.822   	270.000000	724.799   	270.000000	585.891   	270.000000	780.505
280.000000	139564    	280.000000	137865    	280.000000	137813    	280.000000	138162    	280.000000	906.576   	280.000000	427.562   	280.000000	766.065   	280.000000	619.321   	280.000000	826.865
290.000000	147741    	290.000000	145953    	290.000000	145918    	290.000000	146293    	290.000000	955.281   	290.000000	450.63    	290.000000	807.863   	290.000000	653.24    	290.000000	873.999
300.000000	156069    	300.000000	154189    	300.000000	154173    	300.000000	154575    	300.000000	1004.5    	300.000000	474.015   	300.000000	850.169   	300.000000	687.63    	300.000000	921.881
310.000000	164541    	310.000000	162569    	310.000000	162576    	310.000000	163003    	310.000000	1054.19   	310.000000	497.688   	310.000000	892.951   	310.000000	722.469   	310.000000	970.478
320.000000	173156    	320.000000	171087    	320.000000	171119    	320.000000	171574    	320.000000	1104.31   	320.000000	521.646   	320.000000	936.176   	320.000000	757.732   	320.000000	1019.76
330.000000	181907    	330.000000	179741    	330.000000	179799    	330.000000	180282    	330.000000	1154.82   	330.000000	545.883   	330.000000	979.815   	330.000000	793.399   	330.000000	1069.68
340.000000	190793    	340.000000	188525    	340.000000	188612    	340.000000	189125    	340.000000	1205.71   	340.000000	570.377   	340.000000	1023.85   	340.000000	829.455   	340.000000	1120.24
350.000000	199809    	350.000000	197436    	350.000000	197555    	350.000000	198097    	350.000000	1256.95   	350.000000	595.117   	350.000000	1068.25   	350.000000	865.884   	350.000000	1171.4
360.000000	208952    	360.000000	206471    	360.000000	206624    	360.000000	207195    	360.000000	1308.5    	360.000000	620.098   	360.000000	1113      	360.000000	902.664   	360.000000	1223.14
370.000000	218218    	370.000000	215625    	370.000000	215814    	370.000000	216416    	370.000000	1360.32   	370.000000	645.321   	370.000000	1158.07   	370.000000	939.779   	370.000000	1275.43
380.000000	227605    	380.000000	224896    	380.000000	225122    	380.000000	225755    	380.000000	1412.41   	380.000000	670.778   	380.000000	1203.43   	380.000000	977.212   	380.000000	1328.23
390.000000	237108    	390.000000	234280    	390.000000	234545    	390.000000	235210    	390.000000	1464.74   	390.000000	696.45    	390.000000	1249.08   	390.000000	1014.95   	390.000000	1381.55
400.000000	246727    	400.000000	243773    	400.000000	244080    	400.000000	244777    	400.000000	1517.28   	400.000000	722.327   	400.000000	1294.99   	400.000000	1052.98   	400.000000	1435.35
410.000000	256456    	410.000000	253374    	410.000000	253722    	410.000000	254452    	410.000000	1570      	410.000000	748.401   	410.000000	1341.13   	410.000000	1091.28   	410.000000	1489.61
420.000000	266294    	420.000000	263079    	420.000000	263470    	420.000000	264233    	420.000000	1622.9    	420.000000	774.656   	420.000000	1387.5    	420.000000	1129.85   	420.000000	1544.3
430.000000	276238    	430.000000	272885    	430.000000	273320    	430.000000	274117    	430.000000	1675.96   	430.000000	801.081   	430.000000	1434.08   	430.000000	1168.66   	430.000000	1599.42
440.000000	286285    	440.000000	282789    	440.000000	283269    	440.000000	284101    	440.000000	1729.15   	440.000000	827.678   	440.000000	1480.85   	440.000000	1207.71   	440.000000	1654.95
450.000000	296433    	450.000000	292789    	450.000000	293316    	450.000000	294183    	450.000000	1782.48   	450.000000	854.451   	450.000000	1527.8    	450.000000	1246.99   	450.000000	1710.86
460.000000	306679    	460.000000	302882    	460.000000	303457    	460.000000	304358    	460.000000	1835.9    	460.000000	881.397   	460.000000	1574.92   	460.000000	1286.49   	460.000000	1767.14
470.000000	317021    	470.000000	313066    	470.000000	313689    	470.000000	314625    	470.000000	1889.41   	470.000000	908.507   	470.000000	1622.18   	470.000000	1326.18   	470.000000	1823.77
480.000000	327457    	480.000000	323338    	480.000000	324009    	480.000000	324982    	480.000000	1942.98   	480.000000	935.769   	480.000000	1669.57   	480.000000	1366.07   	480.000000	1880.73
490.000000	337983    	490.000000	333696    	490.000000	334415    	490.000000	335425    	490.000000	1996.61   	490.000000	963.168   	490.000000	1717.08   	490.000000	1406.13   	490.000000	1938.01
500.000000	348599    	500.000000	344138    	500.000000	344905    	500.000000	345952    	500.000000	2050.28   	500.000000	990.697   	500.000000	1764.7    	500.000000	1446.37   	500.000000	1995.59
520.000000	370090    	520.000000	365265    	520.000000	366128    	520.000000	367249    	520.000000	2157.7    	520.000000	1046.17   	520.000000	1860.23   	520.000000	1527.31   	520.000000	2111.62
540.000000	391912    	540.000000	386701    	540.000000	387660    	540.000000	388857    	540.000000	2265.16   	540.000000	1102.18   	540.000000	1956.06   	540.000000	1608.84   	540.000000	2228.68
560.000000	414051    	560.000000	408432    	560.000000	409483    	560.000000	410758    	560.000000	2372.54   	560.000000	1158.63   	560.000000	2052.11   	560.000000	1690.86   	560.000000	2346.68
580.000000	436492    	580.000000	430444    	580.000000	431583    	580.000000	432938    	580.000000	2479.8    	580.000000	1215.54   	580.000000	2148.31   	580.000000	1773.34   	580.000000	2465.53
600.000000	459220    	600.000000	452721    	600.000000	453947    	600.000000	455382    	600.000000	2586.88   	600.000000	1272.9    	600.000000	2244.61   	600.000000	1856.2    	600.000000	2585.14
620.000000	482223    	620.000000	475251    	620.000000	476560    	620.000000	478077    	620.000000	2693.7    	620.000000	1330.64   	620.000000	2340.94   	620.000000	1939.41   	620.000000	2705.43
640.000000	505489    	640.000000	498022    	640.000000	499408    	640.000000	501011    	640.000000	2800.21   	640.000000	1388.74   	640.000000	2437.25   	640.000000	2022.9    	640.000000	2826.31
660.000000	529004    	660.000000	521023    	660.000000	522483    	660.000000	524170    	660.000000	2906.39   	660.000000	1447.18   	660.000000	2533.5    	660.000000	2106.65   	660.000000	2947.74
680.000000	552759    	680.000000	544242    	680.000000	545772    	680.000000	547544    	680.000000	3012.21   	680.000000	1505.96   	680.000000	2629.64   	680.000000	2190.6    	680.000000	3069.65
700.000000	576742    	700.000000	567669    	700.000000	569265    	700.000000	571122    	700.000000	3117.6    	700.000000	1565.06   	700.000000	2725.64   	700.000000	2274.73   	700.000000	3191.97
720.000000	600943    	720.000000	591295    	720.000000	592950    	720.000000	594894    	720.000000	3222.54   	720.000000	1624.45   	720.000000	2821.45   	720.000000	2358.99   	720.000000	3314.64
740.000000	625353    	740.000000	615109    	740.000000	616818    	740.000000	618851    	740.000000	3326.99   	740.000000	1684.11   	740.000000	2917.04   	740.000000	2443.34   	740.000000	3437.61
760.000000	649961    	760.000000	639104    	760.000000	640861    	760.000000	642983    	760.000000	3430.92   	760.000000	1744.02   	760.000000	3012.39   	760.000000	2527.77   	760.000000	3560.82
780.000000	674759    	780.000000	663270    	780.000000	665070    	780.000000	667282    	780.000000	3534.33   	780.000000	1804.15   	780.000000	3107.46   	780.000000	2612.23   	780.000000	3684.24
800.000000	699738    	800.000000	687601    	800.000000	689437    	800.000000	691740    	800.000000	3637.21   	800.000000	1864.5    	800.000000	3202.24   	800.000000	2696.72   	800.000000	3807.83
820.000000	724890    	820.000000	712087    	820.000000	713956    	820.000000	716350    	820.000000	3739.52   	820.000000	1925.09   	820.000000	3296.71   	820.000000	2781.2    	820.000000	3931.55
840.000000	750207    	840.000000	736723    	840.000000	738619    	840.000000	741103    	840.000000	3841.26   	840.000000	1985.91   	840.000000	3390.84   	840.000000	2865.65   	840.000000	4055.35
860.000000	775681    	860.000000	761501    	860.000000	763417    	860.000000	765993    	860.000000	3942.39   	860.000000	2046.96   	860.000000	3484.62   	860.000000	2950.04   	860.000000	4179.2
880.000000	801306    	880.000000	786414    	880.000000	788345    	880.000000	791013    	880.000000	4042.91   	880.000000	2108.21   	880.000000	3578.02   	880.000000	3034.36   	880.000000	4303.07
900.000000	827075    	900.000000	811457    	900.000000	813395    	900.000000	816158    	900.000000	4142.81   	900.000000	2169.66   	900.000000	3671.03   	900.000000	3118.58   	900.000000	4426.91
920.000000	852980    	920.000000	836623    	920.000000	838563    	920.000000	841421    	920.000000	4242.08   	920.000000	2231.28   	920.000000	3763.64   	920.000000	3202.69   	920.000000	4550.71
940.000000	879015    	940.000000	861906    	940.000000	863843    	940.000000	866796    	940.000000	4340.73   	940.000000	2293.05   	940.000000	3855.85   	940.000000	3286.68   	940.000000	4674.44
960.000000	905174    	960.000000	887302    	960.000000	889231    	960.000000	892279    	960.000000	4438.75   	960.000000	2354.98   	960.000000	3947.63   	960.000000	3370.54   	960.000000	4798.08
980.000000	931451    	980.000000	912805    	980.000000	914722    	980.000000	917865    	980.000000	4536.13   	980.000000	2417.05   	980.000000	4039      	980.000000	3454.24   	980.000000	4921.61
1000.000000	957841    	1000.000000	938410    	1000.000000	940309    	1000.000000	943547    	1000.000000	4632.88   	1000.000000	2479.27   	1000.000000	4129.92   	1000.000000	3537.78   	1000.000000	5045
1020.000000	984338    	1020.000000	964113    	1020.000000	965990    	1020.000000	969323    	1020.000000	4728.99   	1020.000000	2541.62   	1020.000000	4220.41   	1020.000000	3621.15   	1020.000000	5168.24
1040.000000	1.01094e+06	1040.000000	989907    	1040.000000	991758    	1040.000000	995187    	1040.000000	4824.45   	1040.000000	2604.11   	1040.000000	4310.44   	1040.000000	3704.33   	1040.000000	5291.3
1060.000000	1.03763e+06	1060.000000	1.01579e+06	1060.000000	1.01761e+06	1060.000000	1.02113e+06	1060.000000	4919.26   	1060.000000	2666.76   	1060.000000	4400.02   	1060.000000	3787.3    	1060.000000	5414.15
1080.000000	1.06442e+06	1080.000000	1.04176e+06	1080.000000	1.04354e+06	1080.000000	1.04716e+06	1080.000000	5013.41   	1080.000000	2729.55   	1080.000000	4489.14   	1080.000000	3870.07   	1080.000000	5536.79
1100.000000	1.09129e+06	1100.000000	1.06781e+06	1100.000000	1.06955e+06	1100.000000	1.07327e+06	1100.000000	5106.92   	1100.000000	2792.49   	1100.000000	4577.79   	1100.000000	3952.62   	1100.000000	5659.2
1120.000000	1.11825e+06	1120.000000	1.09393e+06	1120.000000	1.09563e+06	1120.000000	1.09945e+06	1120.000000	5199.78   	1120.000000	2855.56   	1120.000000	4665.97   	1120.000000	4034.94   	1120.000000	5781.37
1140.000000	1.14528e+06	1140.000000	1.12013e+06	1140.000000	1.12178e+06	1140.000000	1.12569e+06	1140.000000	5291.99   	1140.000000	2918.76   	1140.000000	4753.69   	1140.000000	4117.04   	1140.000000	5903.27
1160.000000	1.17239e+06	1160.000000	1.14639e+06	1160.000000	1.14799e+06	1160.000000	1.15201e+06	1160.000000	5383.57   	1160.000000	2982.08   	1160.000000	4840.93   	1160.000000	4198.9    	1160.000000	6024.92
1180.000000	1.19957e+06	1180.000000	1.17272e+06	1180.000000	1.17427e+06	1180.000000	1.17838e+06	1180.000000	5474.52   	1180.000000	3045.5    	1180.000000	4927.71   	1180.000000	4280.51   	1180.000000	6146.28
1200.000000	1.22681e+06	1200.000000	1.19911e+06	1200.000000	1.2006e+06	1200.000000	1.20482e+06	1200.000000	5564.84   	1200.000000	3109.03   	1200.000000	5014.02   	1200.000000	4361.88   	1200.000000	6267.36
1220.000000	1.25412e+06	1220.000000	1.22557e+06	1220.000000	1.227e+06 	1220.000000	1.23131e+06	1220.000000	5654.53   	1220.000000	3172.66   	1220.000000	5099.85   	1220.000000	4442.99   	1220.000000	6388.14
1240.000000	1.28148e+06	1240.000000	1.25207e+06	1240.000000	1.25344e+06	1240.000000	1.25786e+06	1240.000000	5743.59   	1240.000000	3236.39   	1240.000000	5185.21   	1240.000000	4523.84   	1240.000000	6508.6
1260.000000	1.3089e+06	1260.000000	1.27864e+06	1260.000000	1.27994e+06	1260.000000	1.28445e+06	1260.000000	5832.02   	1260.000000	3300.21   	1260.000000	5270.09   	1260.000000	4604.42   	1260.000000	6628.75
1280.000000	1.33637e+06	1280.000000	1.30525e+06	1280.000000	1.30649e+06	1280.000000	1.3111e+06	1280.000000	5919.84   	1280.000000	3364.13   	1280.000000	5354.5    	1280.000000	4684.73   	1280.000000	6748.57
1300.000000	1.36389e+06	1300.000000	1.33191e+06	1300.000000	1.33308e+06	1300.000000	1.3378e+06	1300.000000	6007.03   	1300.000000	3428.14   	1300.000000	5438.44   	1300.000000	4764.77   	1300.000000	6868.05
1320.000000	1.39146e+06	1320.000000	1.35861e+06	1320.000000	1.35972e+06	1320.000000	1.36453e+06	1320.000000	6093.62   	1320.000000	3492.25   	1320.000000	5521.9    	1320.000000	4844.54   	1320.000000	6987.19
1340.000000	1.41906e+06	1340.000000	1.38536e+06	1340.000000	1.3864e+06	1340.000000	1.39131e+06	1340.000000	6179.6    	1340.000000	3556.45   	1340.000000	5604.9    	1340.000000	4924.02   	1340.000000	7105.98
1360.000000	1.44671e+06	1360.000000	1.41214e+06	1360.000000	1.41312e+06	1360.000000	1.41814e+06	1360.000000	6264.99   	1360.000000	3620.74   	1360.000000	5687.43   	1360.000000	5003.23   	1360.000000	7224.42
1380.000000	1.47439e+06	1380.000000	1.43897e+06	1380.000000	1.43987e+06	1380.000000	1.44499e+06	1380.000000	6349.78   	1380.000000	3685.12   	1380.000000	5769.49   	1380.000000	5082.15   	1380.000000	7342.51
1400.000000	1.5021e+06	1400.000000	1.46583e+06	1400.000000	1.46667e+06	1400.000000	1.47189e+06	1400.000000	6433.99   	1400.000000	3749.59   	1400.000000	5851.1    	1400.000000	5160.79   	1400.000000	7460.23
1420.000000	1.52984e+06	1420.000000	1.49272e+06	1420.000000	1.49349e+06	1420.000000	1.49882e+06	1420.000000	6517.62   	1420.000000	3814.15   	1420.000000	5932.24   	1420.000000	5239.14   	1420.000000	7577.6
1440.000000	1.55762e+06	1440.000000	1.51965e+06	1440.000000	1.52035e+06	1440.000000	1.52578e+06	1440.000000	6600.68   	1440.000000	3878.8    	1440.000000	6012.93   	1440.000000	5317.21   	1440.000000	7694.59
1460.000000	1.58541e+06	1460.000000	1.5466e+06	1460.000000	1.54724e+06	1460.000000	1.55277e+06	1460.000000	6683.17   	1460.000000	3943.54   	1460.000000	6093.16   	1460.000000	5394.99   	1460.000000	7811.21
1480.000000	1.61323e+06	1480.000000	1.57358e+06	1480.000000	1.57416e+06	1480.000000	1.57979e+06	1480.000000	6765.1    	1480.000000	4008.37   	1480.000000	6172.94   	1480.000000	5472.47   	1480.000000	7927.46
1500.000000	1.64107e+06	1500.000000	1.60059e+06	1500.000000	1.60111e+06	1500.000000	1.60684e+06	1500.000000	6846.47   	1500.000000	4073.28   	1500.000000	6252.27   	1500.000000	5549.67   	1500.000000	8043.33
1520.000000	1.66893e+06	1520.000000	1.62762e+06	1520.000000	1.62808e+06	1520.000000	1.63391e+06	1520.000000	6927.29   	1520.000000	4138.29   	1520.000000	6331.15   	1520.000000	5626.57   	1520.000000	8158.82
1540.000000	1.69681e+06	1540.000000	1.65468e+06	1540.000000	1.65508e+06	1540.000000	1.66101e+06	1540.000000	7007.57   	1540.000000	4203.37   	1540.000000	6409.59   	1540.000000	5703.19   	1540.000000	8273.92
1560.000000	1.7247e+06	1560.000000	1.68175e+06	1560.000000	1.6821e+06	1560.000000	1.68813e+06	1560.000000	7087.3    	1560.000000	4268.54   	1560.000000	6487.59   	1560.000000	5779.5    	1560.000000	8388.64
1580.000000	1.7526e+06	1580.000000	1.70884e+06	1580.000000	1.70915e+06	1580.000000	1.71528e+06	1580.000000	7166.5    	1580.000000	4333.78   	1580.000000	6565.16   	1580.000000	5855.53   	1580.000000	8502.97
1600.000000	1.78051e+06	1600.000000	1.73595e+06	1600.000000	1.73621e+06	1600.000000	1.74244e+06	1600.000000	7245.16   	1600.000000	4399.09   	1600.000000	6642.28   	1600.000000	5931.26   	1600.000000	8616.92
1620.000000	1.80843e+06	1620.000000	1.76307e+06	1620.000000	1.76329e+06	1620.000000	1.76963e+06	1620.000000	7323.3    	1620.000000	4464.48   	1620.000000	6718.98   	1620.000000	6006.7    	1620.000000	8730.47
1640.000000	1.83635e+06	1640.000000	1.79021e+06	1640.000000	1.7904e+06	1640.000000	1.79683e+06	1640.000000	7400.92   	1640.000000	4529.93   	1640.000000	6795.25   	1640.000000	6081.84   	1640.000000	8843.63
1660.000000	1.86428e+06	1660.000000	1.81736e+06	1660.000000	1.81751e+06	1660.000000	1.82405e+06	1660.000000	7478.03   	1660.000000	4595.45   	1660.000000	6871.09   	1660.000000	6156.68   	1660.000000	8956.39
1680.000000	1.89221e+06	1680.000000	1.84452e+06	1680.000000	1.84465e+06	1680.000000	1.85128e+06	1680.000000	7554.63   	1680.000000	4661.02   	1680.000000	6946.5    	1680.000000	6231.23   	1680.000000	9068.77
1700.000000	1.92014e+06	1700.000000	1.8717e+06	1700.000000	1.87179e+06	1700.000000	1.87853e+06	1700.000000	7630.72   	1700.000000	4726.66   	1700.000000	7021.5    	1700.000000	6305.49   	1700.000000	9180.74
1750.000000	1.98996e+06	1750.000000	1.93966e+06	1750.000000	1.93972e+06	1750.000000	1.94671e+06	1750.000000	7818.78   	1750.000000	4891.01   	1750.000000	7207.19   	1750.000000	6489.85   	1750.000000	9458.95
1800.000000	2.05975e+06	1800.000000	2.00766e+06	1800.000000	2.00772e+06	1800.000000	2.01497e+06	1800.000000	8003.81   	1800.000000	5055.74   	1800.000000	7390.34   	1800.000000	6672.39   	1800.000000	9734.69
1850.000000	2.12949e+06	1850.000000	2.07568e+06	1850.000000	2.07577e+06	1850.000000	2.08328e+06	1850.000000	8185.91   	1850.000000	5220.89   	1850.000000	7571.01   	1850.000000	6853.12   	1850.000000	10008
1900.000000	2.19915e+06	1900.000000	2.1437e+06	1900.000000	2.14388e+06	1900.000000	2.15164e+06	1900.000000	8365.17   	1900.000000	5386.48   	1900.000000	7749.25   	1900.000000	7032.05   	1900.000000	10278.8
1950.000000	2.26872e+06	1950.000000	2.2117e+06	1950.000000	2.21202e+06	1950.000000	2.22003e+06	1950.000000	8541.67   	1950.000000	5552.52   	1950.000000	7925.12   	1950.000000	7209.21   	1950.000000	10547.2
2000.000000	2.33818e+06	2000.000000	2.27968e+06	2000.000000	2.28018e+06	2000.000000	2.28845e+06	2000.000000	8715.48   	2000.000000	5719.01   	2000.000000	8098.68   	2000.000000	7384.62   	2000.000000	10813.2
2100.000000	2.47669e+06	2100.000000	2.41551e+06	2100.000000	2.41656e+06	2100.000000	2.42533e+06	2100.000000	9055.37   	2100.000000	6053.38   	2100.000000	8439.07   	2100.000000	7730.27   	2100.000000	11338
2200.000000	2.61457e+06	2200.000000	2.55109e+06	2200.000000	2.55294e+06	2200.000000	2.56221e+06	2200.000000	9385.42   	2200.000000	6389.53   	2200.000000	8770.84   	2200.000000	8069.17   	2200.000000	11853.4
2300.000000	2.75172e+06	2300.000000	2.68634e+06	2300.000000	2.68928e+06	2300.000000	2.69905e+06	2300.000000	9706.17   	2300.000000	6727.41   	2300.000000	9094.41   	2300.000000	8401.5    	2300.000000	12359.6
2400.000000	2.88804e+06	2400.000000	2.8212e+06	2400.000000	2.82554e+06	2400.000000	2.8358e+06	2400.000000	10018.1   	2400.000000	7066.93   	2400.000000	9410.14   	2400.000000	8727.46   	2400.000000	12856.9
2500.000000	3.02348e+06	2500.000000	2.95561e+06	2500.000000	2.96166e+06	2500.000000	2.97242e+06	2500.000000	10321.7   	2500.000000	7408.03   	2500.000000	9718.42   	2500.000000	9047.25   	2500.000000	13345.4
2600.000000	3.15796e+06	2600.000000	3.08952e+06	2600.000000	3.09762e+06	2600.000000	3.10887e+06	2600.000000	10617.4   	2600.000000	7750.59   	2600.000000	10019.6   	2600.000000	9361.02   	2600.000000	13825.3
2700.000000	3.29142e+06	2700.000000	3.22289e+06	2700.000000	3.23338e+06	2700.000000	3.24512e+06	2700.000000	10905.5   	2700.000000	8094.54   	2700.000000	10313.9   	2700.000000	9668.96   	2700.000000	14297
2800.000000	3.42384e+06	2800.000000	3.35569e+06	2800.000000	3.36893e+06	2800.000000	3.38116e+06	2800.000000	11186.4   	2800.000000	8439.88   	2800.000000	10601.7   	2800.000000	9971.26   	2800.000000	14760.5
2900.000000	3.55516e+06	2900.000000	3.48788e+06	2900.000000	3.50424e+06	2900.000000	3.51696e+06	2900.000000	11460.6   	2900.000000	8786.62   	2900.000000	10883.3   	2900.000000	10268.1   	2900.000000	15216.3
3000.000000	3.68535e+06	3000.000000	3.61944e+06	3000.000000	3.63932e+06	3000.000000	3.65252e+06	3000.000000	11728.2   	3000.000000	9134.78   	3000.000000	11158.9   	3000.000000	10559.7   	3000.000000	15664.4
3200.000000	3.94228e+06	3200.000000	3.88057e+06	3200.000000	3.90869e+06	3200.000000	3.92287e+06	3200.000000	12245.5   	3200.000000	9835.4    	3200.000000	11693.6   	3200.000000	11127.8   	3200.000000	16539
3400.000000	4.19447e+06	3400.000000	4.13895e+06	3400.000000	4.17699e+06	3400.000000	4.19212e+06	3400.000000	12740.6   	3400.000000	10541.9   	3400.000000	12207.6   	3400.000000	11677     	3400.000000	17386.1
3600.000000	4.44183e+06	3600.000000	4.39449e+06	3600.000000	4.44419e+06	3600.000000	4.46026e+06	3600.000000	13215.5   	3600.000000	11254.3   	3600.000000	12702.6   	3600.000000	12208.5   	3600.000000	18207.4
3800.000000	4.68432e+06	3800.000000	4.64712e+06	3800.000000	4.71026e+06	3800.000000	4.72727e+06	3800.000000	13672     	3800.000000	11972.7   	3800.000000	13180.4   	3800.000000	12723.5   	3800.000000	19004.5
4000.000000	4.92195e+06	4000.000000	4.8968e+06	4000.000000	4.97521e+06	4000.000000	4.99313e+06	4000.000000	14111.6   	4000.000000	12697.2   	4000.000000	13642.1   	4000.000000	13223.1   	4000.000000	19779.1
4200.000000	5.15473e+06	4200.000000	5.14353e+06	4200.000000	5.23903e+06	4200.000000	5.25786e+06	4200.000000	14535.7   	4200.000000	13427.8   	4200.000000	14089.2   	4200.000000	13708.2   	4200.000000	20532.3
4400.000000	5.38271e+06	4400.000000	5.3873e+06	4400.000000	5.50173e+06	4400.000000	5.52146e+06	4400.000000	14945.5   	4400.000000	14164.5   	4400.000000	14522.7   	4400.000000	14179.8   	4400.000000	21265.6
4600.000000	5.60596e+06	4600.000000	5.62812e+06	4600.000000	5.76334e+06	4600.000000	5.78396e+06	4600.000000	15342     	4600.000000	14907.1   	4600.000000	14943.5   	4600.000000	14638.7   	4600.000000	21980.1
4800.000000	5.82455e+06	4800.000000	5.86601e+06	4800.000000	6.02387e+06	4800.000000	6.04536e+06	4800.000000	15726.3   	4800.000000	15655.7   	4800.000000	15352.7   	4800.000000	15085.7   	4800.000000	22677
5000.000000	6.03856e+06	5000.000000	6.10101e+06	5000.000000	6.28333e+06	5000.000000	6.3057e+06	5000.000000	16099.1   	5000.000000	16410.2   	5000.000000	15751.1   	5000.000000	15521.5   	5000.000000	23357.1
5250.000000	6.29979e+06	5250.000000	6.39073e+06	5250.000000	6.60621e+06	5250.000000	6.62965e+06	5250.000000	16550.2   	5250.000000	17361.5   	5250.000000	16234.9   	5250.000000	16051.5   	5250.000000	24185.3
5500.000000	6.55421e+06	5500.000000	6.67606e+06	5500.000000	6.92752e+06	5500.000000	6.95202e+06	5500.000000	16986.1   	5500.000000	18321.9   	5500.000000	16704.1   	5500.000000	16566.1   	5500.000000	24990.5
6000.000000	7.04339e+06	6000.000000	7.23388e+06	6000.000000	7.5656e+06	6000.000000	7.5922e+06	6000.000000	17816.5   	6000.000000	20269.1   	6000.000000	17603.8   	6000.000000	17553.5   	6000.000000	26538.3
6500.000000	7.50772e+06	6500.000000	7.77518e+06	6500.000000	8.19797e+06	6500.000000	8.22661e+06	6500.000000	18598.3   	6500.000000	22250.9   	6500.000000	18457.9   	6500.000000	18491     	6500.000000	28011.2
7000.000000	7.94876e+06	7000.000000	8.30073e+06	7000.000000	8.82496e+06	7000.000000	8.85562e+06	7000.000000	19337.9   	7000.000000	24267     	7000.000000	19272.9   	7000.000000	19384.9   	7000.000000	29418.1
7500.000000	8.36804e+06	7500.000000	8.81127e+06	7500.000000	9.44693e+06	7500.000000	9.47956e+06	7500.000000	20040.6   	7500.000000	26314.8   	7500.000000	20054.2   	7500.000000	20240.3   	7500.000000	30766.7
8000.000000	8.76699e+06	8000.000000	9.30755e+06	8000.000000	1.00642e+07	8000.000000	1.00988e+07	8000.000000	20710.6   	8000.000000	28393.5   	8000.000000	20806     	8000.000000	21061.5   	8000.000000	32063.3
8500.000000	9.14697e+06	8500.000000	9.79026e+06	8500.000000	1.0677e+07	8500.000000	1.07135e+07	8500.000000	21351.4   	8500.000000	30504.4   	8500.000000	21532.1   	8500.000000	21852.3   	8500.000000	33313.5
9000.000000	9.50922e+06	9000.000000	1.02601e+07	9000.000000	1.12857e+07	9000.000000	1.1324e+07	9000.000000	21966.2   	9000.000000	32647.1   	9000.000000	22235.4   	9000.000000	22615.8   	9000.000000	34522.1
9500.000000	9.8549e+06	9500.000000	1.07177e+07	9500.000000	1.18904e+07	9500.000000	1.19306e+07	9500.000000	22557.5   	9500.000000	34820.5   	9500.000000	22918.6   	9500.000000	23354.8   	9500.000000	35693.1
10000.000000	1.01851e+07	10000.000000	1.11636e+07	10000.000000	1.24914e+07	10000.000000	1.25335e+07	10000.000000	23127.3   	10000.000000	37024     	10000.000000	23584     	10000.000000	24071.6   	10000.000000	36830.1
11000.000000	1.08029e+07	11000.000000	1.20226e+07	11000.000000	1.36831e+07	11000.000000	1.37288e+07	11000.000000	24210.1   	11000.000000	41518.9   	11000.000000	24868.6   	11000.000000	25447     	11000.000000	39014.3
12000.000000	1.13696e+07	12000.000000	1.28414e+07	12000.000000	1.48623e+07	12000.000000	1.49114e+07	12000.000000	25227.1   	12000.000000	46128.5   	12000.000000	26101.6   	12000.000000	26755.9   	12000.000000	41095.7
13000.000000	1.18913e+07	13000.000000	1.36234e+07	13000.000000	1.603e+07 	13000.000000	1.60824e+07	13000.000000	26187.8   	13000.000000	50848.4   	13000.000000	27292.5   	13000.000000	28009     	13000.000000	43090.9
14000.000000	1.2373e+07	14000.000000	1.43719e+07	14000.000000	1.71873e+07	14000.000000	1.7243e+07	14000.000000	27099.8   	14000.000000	55672.8   	14000.000000	28448.4   	14000.000000	29215     	14000.000000	45012.7
15000.000000	1.28191e+07	15000.000000	1.50896e+07	15000.000000	1.8335e+07	15000.000000	1.8394e+07	15000.000000	27969     	15000.000000	60596.1   	15000.000000	29575.1   	15000.000000	30380.7   	15000.000000	46871.8
16000.000000	1.32333e+07	16000.000000	1.57789e+07	16000.000000	1.94739e+07	16000.000000	1.95361e+07	16000.000000	28800.3   	16000.000000	65615.1   	16000.000000	30676.9   	16000.000000	31511.6   	16000.000000	48676.7
17000.000000	1.36191e+07	17000.000000	1.64421e+07	17000.000000	2.06047e+07	17000.000000	2.067e+07 	17000.000000	29597.9   	17000.000000	70728     	17000.000000	31757.3   	17000.000000	32612.3   	17000.000000	50434.4
18000.000000	1.3979e+07	18000.000000	1.70811e+07	18000.000000	2.1728e+07	18000.000000	2.17964e+07	18000.000000	30365.2   	18000.000000	75933.5   	18000.000000	32819.1   	18000.000000	33686.6   	18000.000000	52151
19000.000000	1.43157e+07	19000.000000	1.76977e+07	19000.000000	2.28442e+07	19000.000000	2.29156e+07	19000.000000	31105.4   	19000.000000	81230.2   	19000.000000	33864.7   	19000.000000	34737.7   	19000.000000	53831.3
20000.000000	1.46314e+07	20000.000000	1.82934e+07	20000.000000	2.39539e+07	20000.000000	2.40283e+07	20000.000000	31820.8   	20000.000000	86616.8   	20000.000000	34895.7   	20000.000000	35768.3   	20000.000000	55479.5
21000.000000	1.49277e+07	21000.000000	1.88695e+07	21000.000000	2.50575e+07	21000.000000	2.51347e+07	21000.000000	32513.7   	21000.000000	92091.2   	21000.000000	35913.7   	21000.000000	36780.3   	21000.000000	57099
22000.000000	1.52066e+07	22000.000000	1.94275e+07	22000.000000	2.61553e+07	22000.000000	2.62352e+07	22000.000000	33185.7   	22000.000000	97646.3   	22000.000000	36919.8   	22000.000000	37775.8   	22000.000000	58692.7
23000.000000	1.54694e+07	23000.000000	1.99683e+07	23000.000000	2.72476e+07	23000.000000	2.73303e+07	23000.000000	33838.6   	23000.000000	103279    	23000.000000	37914.9   	23000.000000	38756.3   	23000.000000	60263.1
24000.000000	1.57175e+07	24000.000000	2.04931e+07	24000.000000	2.83348e+07	24000.000000	2.84201e+07	24000.000000	34473.6   	24000.000000	108992    	24000.000000	38899.8   	24000.000000	39723     	24000.000000	61812.2
25000.000000	1.59521e+07	25000.000000	2.10028e+07	25000.000000	2.9417e+07	25000.000000	2.95049e+07	25000.000000	35092.3   	25000.000000	114782    	25000.000000	39875.2   	25000.000000	40677.1   	25000.000000	63341.9
26000.000000	1.61742e+07	26000.000000	2.14983e+07	26000.000000	3.04946e+07	26000.000000	3.05851e+07	26000.000000	35695.6   	26000.000000	120644    	26000.000000	40841.5   	26000.000000	41619.7   	26000.000000	64853.7
27000.000000	1.63848e+07	27000.000000	2.19803e+07	27000.000000	3.15678e+07	27000.000000	3.16608e+07	27000.000000	36284.6   	27000.000000	126578    	27000.000000	41799.2   	27000.000000	42551.5   	27000.000000	66349.2
28000.000000	1.65846e+07	28000.000000	2.24497e+07	28000.000000	3.26368e+07	28000.000000	3.27322e+07	28000.000000	36860.2   	28000.000000	132583    	28000.000000	42748.8   	28000.000000	43473.3   	28000.000000	67829.2
29000.000000	1.67746e+07	29000.000000	2.2907e+07	29000.000000	3.37018e+07	29000.000000	3.37995e+07	29000.000000	37423.2   	29000.000000	138657    	29000.000000	43690.4   	29000.000000	44385.7   	29000.000000	69295.1
30000.000000	1.69554e+07	30000.000000	2.33528e+07	30000.000000	3.47629e+07	30000.000000	3.4863e+07	30000.000000	37974.4   	30000.000000	144801    	30000.000000	44624.5   	30000.000000	45289.3   	30000.000000	70747.5
32000.000000	1.72919e+07	32000.000000	2.42126e+07	32000.000000	3.68743e+07	32000.000000	3.69788e+07	32000.000000	39044     	32000.000000	157291    	32000.000000	46470.3   	32000.000000	47071.7   	32000.000000	73615.1
34000.000000	1.75984e+07	34000.000000	2.5033e+07	34000.000000	3.89722e+07	34000.000000	3.90809e+07	34000.000000	40073.5   	34000.000000	170047    	34000.000000	48287.6   	34000.000000	48823.7   	34000.000000	76437
36000.000000	1.78788e+07	36000.000000	2.58177e+07	36000.000000	4.10576e+07	36000.000000	4.11702e+07	36000.000000	41066.9   	36000.000000	183058    	36000.000000	50077.6   	36000.000000	50547.7   	36000.000000	79217.2
38000.000000	1.81361e+07	38000.000000	2.65696e+07	38000.000000	4.31312e+07	38000.000000	4.32477e+07	38000.000000	42027.6   	38000.000000	196311    	38000.000000	51840.8   	38000.000000	52245.6   	38000.000000	81958.6
40000.000000	1.8373e+07	40000.000000	2.72915e+07	40000.000000	4.51941e+07	40000.000000	4.53141e+07	40000.000000	42958.5   	40000.000000	209793    	40000.000000	53577.9   	40000.000000	53918.7   	40000.000000	84663.4
42000.000000	1.85918e+07	42000.000000	2.79858e+07	42000.000000	4.72468e+07	42000.000000	4.73702e+07	42000.000000	43862.1   	42000.000000	223495    	42000.000000	55289.5   	42000.000000	55568.5   	42000.000000	87333.9
44000.000000	1.87942e+07	44000.000000	2.86545e+07	44000.000000	4.92901e+07	44000.000000	4.94166e+07	44000.000000	44740.6   	44000.000000	237411    	44000.000000	56976.2   	44000.000000	57195.8   	44000.000000	89971.4
46000.000000	1.89822e+07	46000.000000	2.92995e+07	46000.000000	5.13244e+07	46000.000000	5.14537e+07	46000.000000	45595.8   	46000.000000	251534    	46000.000000	58638.3   	46000.000000	58801.5   	46000.000000	92577.1
48000.000000	1.9157e+07	48000.000000	2.99225e+07	48000.000000	5.33502e+07	48000.000000	5.34822e+07	48000.000000	46429.5   	48000.000000	265862    	48000.000000	60276.3   	48000.000000	60386.1   	48000.000000	95152.1
50000.000000	1.932e+07 	50000.000000	3.05249e+07	50000.000000	5.53681e+07	50000.000000	5.55025e+07	50000.000000	47243.1   	50000.000000	280387    	50000.000000	61890.5   	50000.000000	61950.4   	50000.000000	97697.2
