Energy (MeV/u)1	0 - [He-base] F.Hubert et al, AD&ND Tables 46(1990)1	Energy (MeV/u)2	1 - [H -base] J.F.Ziegler et al, Pergamon Press, NY (low energy)	Energy (MeV/u)3	2 - ATIMA 1.2  LS-theory (recommended for high energy)	Energy (MeV/u)4	3 - ATIMA 1.2  without LS-correction	Energy (MeV/u)5	4 - electrical component of [1] - J.F.Ziegler et al	Energy (MeV/u)6	5 - nuclear component of [1] - J.F.Ziegler et al	
0.001000	0.482596  	0.001000	0.093066  	0.001000	0.081735  	0.001000	0.081735  	0.001000	0.068268  	0.001000	0.024798  	
0.002000	0.53015   	0.002000	0.118033  	0.002000	0.103995  	0.002000	0.103995  	0.002000	0.0945586 	0.002000	0.023474  	
0.005000	0.652153  	0.005000	0.164352  	0.005000	0.14621   	0.005000	0.14621   	0.005000	0.145456  	0.005000	0.0188958 	
0.008000	0.747614  	0.008000	0.197264  	0.008000	0.176891  	0.008000	0.176891  	0.008000	0.181413  	0.008000	0.0158503 	
0.010000	0.801527  	0.010000	0.215849  	0.010000	0.194425  	0.010000	0.194425  	0.010000	0.201473  	0.010000	0.0143759 	
0.015000	0.938609  	0.015000	0.255555  	0.015000	0.232299  	0.015000	0.232299  	0.015000	0.24377   	0.015000	0.0117854 	
0.020000	1.04844   	0.020000	0.289144  	0.020000	0.26471   	0.020000	0.26471   	0.020000	0.279062  	0.020000	0.0100822 	
0.025000	1.17201   	0.025000	0.319733  	0.025000	0.294282  	0.025000	0.294282  	0.025000	0.310869  	0.025000	0.00886356	
0.030000	1.27698   	0.030000	0.349032  	0.030000	0.350554  	0.030000	0.350554  	0.030000	0.34109   	0.030000	0.00794145	
0.035000	1.36338   	0.035000	0.378927  	0.035000	0.388271  	0.035000	0.388271  	0.035000	0.371712  	0.035000	0.00721541	
0.040000	1.43151   	0.040000	0.407215  	0.040000	0.415598  	0.040000	0.415598  	0.040000	0.400588  	0.040000	0.00662655	
0.045000	1.48172   	0.045000	0.433441  	0.045000	0.438267  	0.045000	0.438267  	0.045000	0.427303  	0.045000	0.00613783	
0.050000	1.51274   	0.050000	0.457611  	0.050000	0.458681  	0.050000	0.458681  	0.050000	0.451886  	0.050000	0.00572469	
0.055000	1.5768    	0.055000	0.479657  	0.055000	0.477654  	0.055000	0.477654  	0.055000	0.474287  	0.055000	0.00537018	
0.060000	1.6308    	0.060000	0.498784  	0.060000	0.495418  	0.060000	0.495418  	0.060000	0.493721  	0.060000	0.00506213	
0.070000	1.71164   	0.070000	0.532138  	0.070000	0.527518  	0.070000	0.527518  	0.070000	0.527586  	0.070000	0.00455186	
0.080000	1.79791   	0.080000	0.560035  	0.080000	0.555188  	0.080000	0.555188  	0.080000	0.55589   	0.080000	0.00414513	
0.090000	1.86219   	0.090000	0.583217  	0.090000	0.578678  	0.090000	0.578678  	0.090000	0.57944   	0.090000	0.00377706	
0.100000	1.91003   	0.100000	0.602426  	0.100000	0.598458  	0.100000	0.598458  	0.100000	0.598924  	0.100000	0.00350226	
0.120000	1.92716   	0.120000	0.631041  	0.120000	0.628491  	0.120000	0.628491  	0.120000	0.627974  	0.120000	0.00306694	
0.140000	1.92501   	0.140000	0.649617  	0.140000	0.648503  	0.140000	0.648503  	0.140000	0.646881  	0.140000	0.00273634	
0.160000	1.92773   	0.160000	0.661069  	0.160000	0.661199  	0.160000	0.661199  	0.160000	0.658593  	0.160000	0.00247581	
0.180000	1.93907   	0.180000	0.675273  	0.180000	0.668669  	0.180000	0.668669  	0.180000	0.673008  	0.180000	0.00226462	
0.200000	1.94913   	0.200000	0.684155  	0.200000	0.672463  	0.200000	0.672463  	0.200000	0.682066  	0.200000	0.00208961	
0.250000	1.9253    	0.250000	0.695986  	0.250000	0.672448  	0.250000	0.672448  	0.250000	0.694227  	0.250000	0.00175886	
0.300000	1.91737   	0.300000	0.701816  	0.300000	0.665857  	0.300000	0.665857  	0.300000	0.700291  	0.300000	0.00152507	
0.350000	1.90634   	0.350000	0.704951  	0.350000	0.660643  	0.350000	0.660643  	0.350000	0.703601  	0.350000	0.00135022	
0.400000	1.9038    	0.400000	0.709777  	0.400000	0.65581   	0.400000	0.65581   	0.400000	0.708563  	0.400000	0.00121405	
0.450000	1.89042   	0.450000	0.712694  	0.450000	0.648941  	0.450000	0.648941  	0.450000	0.711589  	0.450000	0.00110472	
0.500000	1.86645   	0.500000	0.711114  	0.500000	0.640914  	0.500000	0.640914  	0.500000	0.710099  	0.500000	0.00101483	
0.600000	1.73855   	0.600000	0.697849  	0.600000	0.621464  	0.600000	0.621464  	0.600000	0.696974  	0.600000	0.000875365	
0.700000	1.60461   	0.700000	0.678762  	0.700000	0.602435  	0.700000	0.602435  	0.700000	0.67799   	0.700000	0.00077182	
0.800000	1.52918   	0.800000	0.652695  	0.800000	0.58414   	0.800000	0.58414   	0.800000	0.652003  	0.800000	0.000691645	
0.900000	1.45776   	0.900000	0.627677  	0.900000	0.566655  	0.900000	0.566655  	0.900000	0.627049  	0.900000	0.000627577	
1.000000	1.39104   	1.000000	0.604067  	1.000000	0.549981  	1.000000	0.549981  	1.000000	0.603492  	1.000000	0.000575109	
1.250000	1.23613   	1.250000	0.546635  	1.250000	0.509157  	1.250000	0.509157  	1.250000	0.546158  	1.250000	0.000477522	
1.500000	1.11108   	1.500000	0.500149  	1.500000	0.474399  	1.500000	0.474399  	1.500000	0.499739  	1.500000	0.000409806	
1.750000	1.00896   	1.750000	0.462297  	1.750000	0.44436   	1.750000	0.44436   	1.750000	0.461937  	1.750000	0.000359865	
2.000000	0.919149  	2.000000	0.426651  	2.000000	0.417898  	2.000000	0.417898  	2.000000	0.42633   	2.000000	0.000321403	
2.250000	0.845091  	2.250000	0.396738  	2.250000	0.394372  	2.250000	0.394372  	2.250000	0.396447  	2.250000	0.000290804	
2.500000	0.767187  	2.500000	0.372642  	2.500000	0.373345  	2.500000	0.373345  	2.500000	0.372376  	2.500000	0.00026584	
3.000000	0.677186  	3.000000	0.334895  	3.000000	0.337502  	3.000000	0.337502  	3.000000	0.334667  	3.000000	0.000227469	
3.500000	0.60713   	3.500000	0.305716  	3.500000	0.308187  	3.500000	0.308187  	3.500000	0.305517  	3.500000	0.000199275	
4.000000	0.550984  	4.000000	0.282042  	4.000000	0.283879  	4.000000	0.283879  	4.000000	0.281865  	4.000000	0.000177626	
4.500000	0.504929  	4.500000	0.262298  	4.500000	0.263455  	4.500000	0.263455  	4.500000	0.262138  	4.500000	0.000160446	
5.000000	0.466436  	5.000000	0.245523  	5.000000	0.246076  	5.000000	0.246076  	5.000000	0.245377  	5.000000	0.000146459	
5.500000	0.433758  	5.500000	0.231068  	5.500000	0.231115  	5.500000	0.231115  	5.500000	0.230933  	5.500000	0.000134837	
6.000000	0.405651  	6.000000	0.218466  	6.000000	0.218101  	6.000000	0.218101  	6.000000	0.218341  	6.000000	0.000125017	
6.500000	0.381206  	6.500000	0.207372  	6.500000	0.206672  	6.500000	0.206672  	6.500000	0.207256  	6.500000	0.000116603	
7.000000	0.35974   	7.000000	0.197523  	7.000000	0.19655   	7.000000	0.19655   	7.000000	0.197414  	7.000000	0.000109308	
7.500000	0.340732  	7.500000	0.188713  	7.500000	0.187516  	7.500000	0.187516  	7.500000	0.18861   	7.500000	0.000102919	
8.000000	0.323776  	8.000000	0.18078   	8.000000	0.1794    	8.000000	0.1794    	8.000000	0.180683  	8.000000	9.72749e-05	
8.500000	0.308551  	8.500000	0.173594  	8.500000	0.172063  	8.500000	0.172063  	8.500000	0.173502  	8.500000	9.22494e-05	
9.000000	0.294802  	9.000000	0.167051  	9.000000	0.165394  	9.000000	0.165394  	9.000000	0.166963  	9.000000	8.77447e-05	
9.500000	0.28232   	9.500000	0.161065  	9.500000	0.159303  	9.500000	0.159303  	9.500000	0.160981  	9.500000	8.36824e-05	
10.000000	0.270936  	10.000000	0.156594  	10.000000	0.153713  	10.000000	0.153713  	10.000000	0.156514  	10.000000	7.99992e-05	
11.000000	0.250918  	11.000000	0.147696  	11.000000	0.144232  	11.000000	0.1443    	11.000000	0.147622  	11.000000	7.35728e-05	
12.000000	0.233874  	12.000000	0.139729  	12.000000	0.136033  	12.000000	0.136144  	12.000000	0.13966   	12.000000	6.81499e-05	
13.000000	0.219178  	13.000000	0.13258   	13.000000	0.128862  	13.000000	0.128999  	13.000000	0.132516  	13.000000	6.35089e-05	
14.000000	0.20637   	14.000000	0.126144  	14.000000	0.122527  	14.000000	0.12268   	14.000000	0.126084  	14.000000	5.94896e-05	
15.000000	0.195101  	15.000000	0.120328  	15.000000	0.116884  	15.000000	0.117045  	15.000000	0.120272  	15.000000	5.59728e-05	
16.000000	0.185106  	16.000000	0.115052  	16.000000	0.111822  	16.000000	0.111985  	16.000000	0.114999  	16.000000	5.28685e-05	
17.000000	0.176178  	17.000000	0.110246  	17.000000	0.107254  	17.000000	0.107413  	17.000000	0.110196  	17.000000	5.01068e-05	
18.000000	0.16815   	18.000000	0.105854  	18.000000	0.103104  	18.000000	0.103258  	18.000000	0.105806  	18.000000	4.76333e-05	
19.000000	0.160893  	19.000000	0.101824  	19.000000	0.0993144 	19.000000	0.0994636 	19.000000	0.101778  	19.000000	4.54042e-05	
20.000000	0.154297  	20.000000	0.0981143 	20.000000	0.0958363 	20.000000	0.0959828 	20.000000	0.0980709 	20.000000	4.33844e-05	
21.000000	0.148275  	21.000000	0.094689  	21.000000	0.0926256 	21.000000	0.0927683 	21.000000	0.0946474 	21.000000	4.15454e-05	
22.000000	0.142754  	22.000000	0.0915166 	22.000000	0.0896632 	22.000000	0.089796  	22.000000	0.0914767 	22.000000	3.98635e-05	
23.000000	0.137673  	23.000000	0.0885702 	23.000000	0.0869285 	23.000000	0.0870481 	23.000000	0.0885319 	23.000000	3.83191e-05	
24.000000	0.132981  	24.000000	0.0858267 	24.000000	0.0843833 	24.000000	0.0844918 	24.000000	0.0857898 	24.000000	3.68956e-05	
25.000000	0.128633  	25.000000	0.0832657 	25.000000	0.0820067 	25.000000	0.0821073 	25.000000	0.0832302 	25.000000	3.55793e-05	
27.000000	0.120827  	27.000000	0.0786231 	27.000000	0.0777036 	27.000000	0.0777865 	27.000000	0.0785899 	27.000000	3.32222e-05	
29.000000	0.114015  	29.000000	0.0745253 	29.000000	0.0739106 	29.000000	0.073973  	29.000000	0.0744942 	29.000000	3.11716e-05	
31.000000	0.108016  	31.000000	0.0708814 	31.000000	0.0704344 	31.000000	0.0704724 	31.000000	0.070852  	31.000000	2.93707e-05	
33.000000	0.10269   	33.000000	0.0676194 	33.000000	0.0672273 	33.000000	0.0672422 	33.000000	0.0675917 	33.000000	2.77757e-05	
35.000000	0.0979275 	35.000000	0.0646819 	35.000000	0.0643345 	35.000000	0.0643395 	35.000000	0.0646555 	35.000000	2.63527e-05	
38.000000	0.0916565 	38.000000	0.0607845 	38.000000	0.0605125 	38.000000	0.0604949 	38.000000	0.0607601 	38.000000	2.44836e-05	
41.000000	0.0862384 	41.000000	0.0573914 	41.000000	0.057183  	41.000000	0.0571519 	41.000000	0.0573686 	41.000000	2.28731e-05	
44.000000	0.0815075 	44.000000	0.0544098 	44.000000	0.054254  	44.000000	0.0542156 	44.000000	0.0543883 	44.000000	2.14703e-05	
47.000000	0.0773385 	47.000000	0.0517683 	47.000000	0.0516601 	47.000000	0.0516144 	47.000000	0.0517481 	47.000000	2.02369e-05	
50.000000	0.0736352 	50.000000	0.0494114 	50.000000	0.0493428 	50.000000	0.0492926 	50.000000	0.0493922 	50.000000	1.91436e-05	
55.000000	0.0683003 	55.000000	0.0459997 	55.000000	0.0459957 	55.000000	0.0459289 	55.000000	0.0459821 	55.000000	1.75725e-05	
60.000000	0.0637954 	60.000000	0.0431048 	60.000000	0.0431417 	60.000000	0.043071  	60.000000	0.0430886 	60.000000	1.62498e-05	
65.000000	0.0599374 	65.000000	0.0406165 	65.000000	0.0406793 	65.000000	0.0406105 	65.000000	0.0406014 	65.000000	1.512e-05 	
70.000000	0.0565938 	70.000000	0.038454  	70.000000	0.0385418 	70.000000	0.0384684 	70.000000	0.0384398 	70.000000	1.41434e-05	
75.000000	0.0536661 	75.000000	0.0365565 	75.000000	0.036662  	75.000000	0.0365858 	75.000000	0.0365432 	75.000000	1.32904e-05	
80.000000	0.0510798 	80.000000	0.0348776 	80.000000	0.0349959 	80.000000	0.0349172 	80.000000	0.0348651 	80.000000	1.25385e-05	
85.000000	0.0487773 	85.000000	0.0333814 	85.000000	0.0335083 	85.000000	0.0334278 	85.000000	0.0333695 	85.000000	1.18706e-05	
90.000000	0.0467132 	90.000000	0.0320392 	90.000000	0.0321662 	90.000000	0.0320895 	90.000000	0.0320279 	90.000000	1.12732e-05	
95.000000	0.0448516 	95.000000	0.0308281 	95.000000	0.0309587 	95.000000	0.0308803 	95.000000	0.0308174 	95.000000	1.07354e-05	
100.000000	0.0431634 	100.000000	0.0297298 	100.000000	0.0298617 	100.000000	0.0297821 	100.000000	0.0297196 	100.000000	1.02488e-05	
105.000000	0.0416249 	105.000000	0.028729  	105.000000	0.0288611 	105.000000	0.02878   	105.000000	0.0287192 	105.000000	9.8061e-06	
110.000000	0.0402165 	110.000000	0.0278131 	110.000000	0.0279401 	110.000000	0.0278619 	110.000000	0.0278037 	110.000000	9.40167e-06	
115.000000	0.0389222 	115.000000	0.0269718 	115.000000	0.0270949 	115.000000	0.0270175 	115.000000	0.0269628 	115.000000	9.03066e-06	
120.000000	0.0377281 	120.000000	0.0261961 	120.000000	0.0263174 	120.000000	0.0262382 	120.000000	0.0261874 	120.000000	8.68902e-06	
125.000000	0.0366229 	125.000000	0.0254787 	125.000000	0.0255954 	125.000000	0.0255167 	125.000000	0.0254703 	125.000000	8.37335e-06	
130.000000	0.0355966 	130.000000	0.0248132 	130.000000	0.0249228 	130.000000	0.0248467 	130.000000	0.0248051 	130.000000	8.08076e-06	
135.000000	0.034641  	135.000000	0.024194  	135.000000	0.024299  	135.000000	0.0242229 	135.000000	0.0241862 	135.000000	7.80878e-06	
140.000000	0.0337488 	140.000000	0.0236165 	140.000000	0.0237181 	140.000000	0.0236406 	140.000000	0.023609  	140.000000	7.55527e-06	
145.000000	0.0329137 	145.000000	0.0230766 	145.000000	0.0231729 	145.000000	0.0230958 	145.000000	0.0230693 	145.000000	7.31838e-06	
150.000000	0.0321303 	150.000000	0.0225707 	150.000000	0.0226597 	150.000000	0.022585  	150.000000	0.0225637 	150.000000	7.0965e-06	
155.000000	0.0310272 	155.000000	0.0220957 	155.000000	0.0221797 	155.000000	0.0221051 	155.000000	0.0220889 	155.000000	6.88824e-06	
160.000000	0.0303806 	160.000000	0.0216489 	160.000000	0.0217281 	160.000000	0.0216533 	160.000000	0.0216422 	160.000000	6.69237e-06	
165.000000	0.0297709 	165.000000	0.0212277 	165.000000	0.0213001 	165.000000	0.0212273 	165.000000	0.0212212 	165.000000	6.50778e-06	
170.000000	0.029195  	170.000000	0.02083   	170.000000	0.0208968 	170.000000	0.0208249 	170.000000	0.0208237 	170.000000	6.33353e-06	
175.000000	0.02865   	175.000000	0.0204539 	175.000000	0.0205168 	175.000000	0.0204442 	175.000000	0.0204478 	175.000000	6.16875e-06	
180.000000	0.0281335 	180.000000	0.0200978 	180.000000	0.0201569 	180.000000	0.0200835 	180.000000	0.0200918 	180.000000	6.01268e-06	
185.000000	0.0276433 	185.000000	0.0197599 	185.000000	0.0198141 	185.000000	0.0197413 	185.000000	0.0197541 	185.000000	5.86464e-06	
190.000000	0.0271775 	190.000000	0.0194391 	190.000000	0.0194873 	190.000000	0.0194162 	190.000000	0.0194334 	190.000000	5.72401e-06	
195.000000	0.0267342 	195.000000	0.0191339 	195.000000	0.0191774 	195.000000	0.0191069 	195.000000	0.0191283 	195.000000	5.59025e-06	
200.000000	0.0263118 	200.000000	0.0188434 	200.000000	0.0188833 	200.000000	0.0188124 	200.000000	0.0188379 	200.000000	5.46286e-06	
210.000000	0.025524  	210.000000	0.0183021 	210.000000	0.0183323 	210.000000	0.0182635 	210.000000	0.0182968 	210.000000	5.22541e-06	
220.000000	0.024804  	220.000000	0.017808  	220.000000	0.0178313 	220.000000	0.0177624 	220.000000	0.017803  	220.000000	5.00855e-06	
230.000000	0.0241433 	230.000000	0.0173553 	230.000000	0.0173704 	230.000000	0.0173033 	230.000000	0.0173505 	230.000000	4.80966e-06	
240.000000	0.0235349 	240.000000	0.016939  	240.000000	0.0169475 	240.000000	0.0168811 	240.000000	0.0169344 	240.000000	4.62658e-06	
250.000000	0.0229727 	250.000000	0.0165549 	250.000000	0.0165589 	250.000000	0.0164916 	250.000000	0.0165504 	250.000000	4.45746e-06	
260.000000	0.0224517 	260.000000	0.0161994 	260.000000	0.0161975 	260.000000	0.0161312 	260.000000	0.0161951 	260.000000	4.30075e-06	
270.000000	0.0219675 	270.000000	0.0158695 	270.000000	0.0158618 	270.000000	0.0157969 	270.000000	0.0158654 	270.000000	4.15512e-06	
280.000000	0.0215162 	280.000000	0.0155626 	280.000000	0.0155512 	280.000000	0.0154859 	280.000000	0.0155586 	280.000000	4.01941e-06	
290.000000	0.0210948 	290.000000	0.0152763 	290.000000	0.0152597 	290.000000	0.015196  	290.000000	0.0152724 	290.000000	3.89262e-06	
300.000000	0.0207002 	300.000000	0.0150087 	300.000000	0.0149884 	300.000000	0.0149252 	300.000000	0.0150049 	300.000000	3.77391e-06	
310.000000	0.0203301 	310.000000	0.014758  	310.000000	0.0147349 	310.000000	0.0146716 	310.000000	0.0147543 	310.000000	3.6625e-06	
320.000000	0.0199823 	320.000000	0.0145227 	320.000000	0.0144957 	320.000000	0.0144338 	320.000000	0.0145191 	320.000000	3.55773e-06	
330.000000	0.0196547 	330.000000	0.0143015 	330.000000	0.014272  	330.000000	0.0142104 	330.000000	0.014298  	330.000000	3.45903e-06	
340.000000	0.0193458 	340.000000	0.0140931 	340.000000	0.0140618 	340.000000	0.0140001 	340.000000	0.0140897 	340.000000	3.36587e-06	
350.000000	0.0190539 	350.000000	0.0138965 	350.000000	0.0138624 	350.000000	0.0138019 	350.000000	0.0138933 	350.000000	3.27779e-06	
360.000000	0.0187778 	360.000000	0.0137108 	360.000000	0.0136747 	360.000000	0.0136148 	360.000000	0.0137076 	360.000000	3.19438e-06	
370.000000	0.0185163 	370.000000	0.0135351 	370.000000	0.0134982 	370.000000	0.0134379 	370.000000	0.013532  	370.000000	3.11528e-06	
380.000000	0.0182681 	380.000000	0.0133686 	380.000000	0.0133301 	380.000000	0.0132705 	380.000000	0.0133656 	380.000000	3.04016e-06	
390.000000	0.0180324 	390.000000	0.0132107 	390.000000	0.0131704 	390.000000	0.0131119 	390.000000	0.0132077 	390.000000	2.96871e-06	
400.000000	0.0178082 	400.000000	0.0130607 	400.000000	0.0130199 	400.000000	0.0129614 	400.000000	0.0130578 	400.000000	2.90067e-06	
410.000000	0.0175948 	410.000000	0.012918  	410.000000	0.0128771 	410.000000	0.0128184 	410.000000	0.0129152 	410.000000	2.83581e-06	
420.000000	0.0173914 	420.000000	0.0127823 	420.000000	0.0127404 	420.000000	0.0126825 	420.000000	0.0127795 	420.000000	2.77389e-06	
430.000000	0.0171974 	430.000000	0.0126529 	430.000000	0.0126102 	430.000000	0.0125531 	430.000000	0.0126502 	430.000000	2.71473e-06	
440.000000	0.0170121 	440.000000	0.0125295 	440.000000	0.0124869 	440.000000	0.0124298 	440.000000	0.0125269 	440.000000	2.65813e-06	
450.000000	0.0168351 	450.000000	0.0124117 	450.000000	0.0123695 	450.000000	0.0123123 	450.000000	0.0124091 	450.000000	2.60394e-06	
460.000000	0.0166657 	460.000000	0.0122992 	460.000000	0.0122569 	460.000000	0.0122001 	460.000000	0.0122966 	460.000000	2.552e-06 	
470.000000	0.0165035 	470.000000	0.0121915 	470.000000	0.012149  	470.000000	0.012093  	470.000000	0.012189  	470.000000	2.50217e-06	
480.000000	0.0163481 	480.000000	0.0120885 	480.000000	0.0120465 	480.000000	0.0119908 	480.000000	0.0120861 	480.000000	2.45432e-06	
490.000000	0.0161991 	490.000000	0.0119899 	490.000000	0.0119491 	490.000000	0.0118934 	490.000000	0.0119875 	490.000000	2.40834e-06	
500.000000	0.0160561 	500.000000	0.0118953 	500.000000	0.0118559 	500.000000	0.0118    	500.000000	0.0118929 	500.000000	2.36412e-06	
520.000000	0.015787  	520.000000	0.0117175 	520.000000	0.0116796 	520.000000	0.0116248 	520.000000	0.0117153 	520.000000	2.28056e-06	
540.000000	0.0155382 	540.000000	0.0115536 	540.000000	0.011518  	540.000000	0.0114636 	540.000000	0.0115514 	540.000000	2.20292e-06	
560.000000	0.0153078 	560.000000	0.011402  	560.000000	0.0113692 	560.000000	0.0113147 	560.000000	0.0113998 	560.000000	2.13059e-06	
580.000000	0.0150939 	580.000000	0.0112615 	580.000000	0.0112305 	580.000000	0.0111771 	580.000000	0.0112594 	580.000000	2.06303e-06	
600.000000	0.014895  	600.000000	0.011131  	600.000000	0.0111028 	600.000000	0.0110496 	600.000000	0.011129  	600.000000	1.99978e-06	
620.000000	0.0147096 	620.000000	0.0110097 	620.000000	0.0109846 	620.000000	0.0109313 	620.000000	0.0110077 	620.000000	1.94044e-06	
640.000000	0.0145366 	640.000000	0.0108966 	640.000000	0.0108738 	640.000000	0.0108212 	640.000000	0.0108947 	640.000000	1.88464e-06	
660.000000	0.0143749 	660.000000	0.0107911 	660.000000	0.0107707 	660.000000	0.0107187 	660.000000	0.0107893 	660.000000	1.83209e-06	
680.000000	0.0142235 	680.000000	0.0106925 	680.000000	0.0106752 	680.000000	0.0106231 	680.000000	0.0106907 	680.000000	1.78249e-06	
700.000000	0.0140817 	700.000000	0.0106002 	700.000000	0.0105858 	700.000000	0.0105338 	700.000000	0.0105984 	700.000000	1.73561e-06	
720.000000	0.0139487 	720.000000	0.0105137 	720.000000	0.0105016 	720.000000	0.0104503 	720.000000	0.010512  	720.000000	1.69122e-06	
740.000000	0.0138237 	740.000000	0.0104325 	740.000000	0.0104229 	740.000000	0.0103721 	740.000000	0.0104309 	740.000000	1.64912e-06	
760.000000	0.0137062 	760.000000	0.0103563 	760.000000	0.0103497 	760.000000	0.0102988 	760.000000	0.0103547 	760.000000	1.60915e-06	
780.000000	0.0135957 	780.000000	0.0102847 	780.000000	0.010281  	780.000000	0.01023   	780.000000	0.0102831 	780.000000	1.57114e-06	
800.000000	0.0134916 	800.000000	0.0102173 	800.000000	0.010216  	800.000000	0.0101654 	800.000000	0.0102157 	800.000000	1.53496e-06	
820.000000	0.0133935 	820.000000	0.0101538 	820.000000	0.0101547 	820.000000	0.0101047 	820.000000	0.0101523 	820.000000	1.50046e-06	
840.000000	0.0133011 	840.000000	0.010094  	840.000000	0.0100972 	840.000000	0.0100475 	840.000000	0.0100925 	840.000000	1.46754e-06	
860.000000	0.0132138 	860.000000	0.0100376 	860.000000	0.0100434 	860.000000	0.0099937 	860.000000	0.0100361 	860.000000	1.43608e-06	
880.000000	0.0131315 	880.000000	0.00998437	880.000000	0.00999284	880.000000	0.00994298	880.000000	0.00998296	880.000000	1.40599e-06	
900.000000	0.0130537 	900.000000	0.00993414	900.000000	0.0099449 	900.000000	0.00989516	900.000000	0.00993276	900.000000	1.37719e-06	
920.000000	0.0129803 	920.000000	0.00988669	920.000000	0.00989939	920.000000	0.00985003	920.000000	0.00988534	920.000000	1.34958e-06	
940.000000	0.0129109 	940.000000	0.00984186	940.000000	0.00985636	940.000000	0.00980743	940.000000	0.00984054	940.000000	1.3231e-06	
960.000000	0.0128453 	960.000000	0.00979949	960.000000	0.00981586	960.000000	0.0097672 	960.000000	0.00979819	960.000000	1.29768e-06	
980.000000	0.0127833 	980.000000	0.00975943	980.000000	0.00977783	980.000000	0.00972917	980.000000	0.00975815	980.000000	1.27325e-06	
1000.000000	0.0127246 	1000.000000	0.00972154	1000.000000	0.00974198	1000.000000	0.00969321	1000.000000	0.00972029	1000.000000	1.24976e-06	
1020.000000	0.0126692 	1020.000000	0.00968569	1020.000000	0.00970801	1020.000000	0.00965921	1020.000000	0.00968447	1020.000000	1.22715e-06	
1040.000000	0.0126168 	1040.000000	0.00965178	1040.000000	0.0096757 	1040.000000	0.00962703	1040.000000	0.00965058	1040.000000	1.20537e-06	
1060.000000	0.0125673 	1060.000000	0.0096197 	1060.000000	0.00964495	1060.000000	0.00959658	1060.000000	0.00961852	1060.000000	1.18439e-06	
1080.000000	0.0125205 	1080.000000	0.00958934	1080.000000	0.00961578	1080.000000	0.00956774	1080.000000	0.00958818	1080.000000	1.16414e-06	
1100.000000	0.0124762 	1100.000000	0.00956062	1100.000000	0.00958821	1100.000000	0.00954044	1100.000000	0.00955948	1100.000000	1.14461e-06	
1120.000000	0.0124345 	1120.000000	0.00953345	1120.000000	0.00956222	1120.000000	0.00951458	1120.000000	0.00953232	1120.000000	1.12574e-06	
1140.000000	0.012395  	1140.000000	0.00950775	1140.000000	0.00953774	1140.000000	0.00949008	1140.000000	0.00950664	1140.000000	1.1075e-06	
1160.000000	0.0123577 	1160.000000	0.00948344	1160.000000	0.0095146 	1160.000000	0.00946687	1160.000000	0.00948235	1160.000000	1.08987e-06	
1180.000000	0.0123226 	1180.000000	0.00946046	1180.000000	0.00949267	1180.000000	0.00944487	1180.000000	0.00945938	1180.000000	1.07282e-06	
1200.000000	0.0122895 	1200.000000	0.00943873	1200.000000	0.00947181	1200.000000	0.00942403	1200.000000	0.00943768	1200.000000	1.0563e-06	
1220.000000	0.0122583 	1220.000000	0.00941821	1220.000000	0.00945194	1220.000000	0.00940428	1220.000000	0.00941717	1220.000000	1.04031e-06	
1240.000000	0.0122289 	1240.000000	0.00939883	1240.000000	0.00943302	1240.000000	0.00938556	1240.000000	0.00939781	1240.000000	1.02481e-06	
1260.000000	0.0122012 	1260.000000	0.00938054	1260.000000	0.00941504	1260.000000	0.00936783	1260.000000	0.00937953	1260.000000	1.00979e-06	
1280.000000	0.0121753 	1280.000000	0.00936329	1280.000000	0.00939801	1280.000000	0.00935103	1280.000000	0.00936229	1280.000000	9.9521e-07	
1300.000000	0.0121509 	1300.000000	0.00934703	1300.000000	0.00938191	1300.000000	0.00933511	1300.000000	0.00934605	1300.000000	9.81064e-07	
1320.000000	0.0121281 	1320.000000	0.00933172	1320.000000	0.00936673	1320.000000	0.00932003	1320.000000	0.00933075	1320.000000	9.67329e-07	
1340.000000	0.0121067 	1340.000000	0.00931731	1340.000000	0.00935243	1340.000000	0.00930575	1340.000000	0.00931636	1340.000000	9.53987e-07	
1360.000000	0.0120868 	1360.000000	0.00930378	1360.000000	0.00933895	1360.000000	0.00929224	1360.000000	0.00930283	1360.000000	9.41022e-07	
1380.000000	0.0120682 	1380.000000	0.00929107	1380.000000	0.00932621	1380.000000	0.00927944	1380.000000	0.00929014	1380.000000	9.28417e-07	
1400.000000	0.0120509 	1400.000000	0.00927915	1400.000000	0.00931415	1400.000000	0.00926734	1400.000000	0.00927824	1400.000000	9.16157e-07	
1420.000000	0.0120349 	1420.000000	0.009268  	1420.000000	0.00930272	1420.000000	0.00925589	1420.000000	0.0092671 	1420.000000	9.04229e-07	
1440.000000	0.01202   	1440.000000	0.00925758	1440.000000	0.00929188	1440.000000	0.00924507	1440.000000	0.00925669	1440.000000	8.92619e-07	
1460.000000	0.0120063 	1460.000000	0.00924786	1460.000000	0.00928158	1460.000000	0.00923485	1460.000000	0.00924698	1460.000000	8.81314e-07	
1480.000000	0.0119938 	1480.000000	0.00923882	1480.000000	0.00927181	1480.000000	0.0092252 	1480.000000	0.00923795	1480.000000	8.70302e-07	
1500.000000	0.0119822 	1500.000000	0.00923042	1500.000000	0.00926255	1500.000000	0.00921609	1500.000000	0.00922956	1500.000000	8.59572e-07	
1520.000000	0.0119718 	1520.000000	0.00922264	1520.000000	0.0092538 	1520.000000	0.00920751	1520.000000	0.00922179	1520.000000	8.49113e-07	
1540.000000	0.0119623 	1540.000000	0.00921546	1540.000000	0.00924556	1540.000000	0.00919942	1540.000000	0.00921462	1540.000000	8.38915e-07	
1560.000000	0.0119538 	1560.000000	0.00920885	1560.000000	0.0092378 	1560.000000	0.0091918 	1560.000000	0.00920802	1560.000000	8.28967e-07	
1580.000000	0.0119462 	1580.000000	0.0092028 	1580.000000	0.00923053	1580.000000	0.00918464	1580.000000	0.00920198	1580.000000	8.19262e-07	
1600.000000	0.0119395 	1600.000000	0.00919728	1600.000000	0.00922372	1600.000000	0.00917792	1600.000000	0.00919647	1600.000000	8.09789e-07	
1620.000000	0.0119336 	1620.000000	0.00919227	1620.000000	0.00921737	1620.000000	0.00917161	1620.000000	0.00919147	1620.000000	8.0054e-07	
1640.000000	0.0119286 	1640.000000	0.00918776	1640.000000	0.00921145	1640.000000	0.0091657 	1640.000000	0.00918697	1640.000000	7.91508e-07	
1660.000000	0.0119244 	1660.000000	0.00918372	1660.000000	0.00920594	1660.000000	0.00916017	1660.000000	0.00918294	1660.000000	7.82685e-07	
1680.000000	0.011921  	1680.000000	0.00918015	1680.000000	0.0092008 	1680.000000	0.00915501	1680.000000	0.00917937	1680.000000	7.74064e-07	
1700.000000	0.0119183 	1700.000000	0.00917702	1700.000000	0.00919602	1700.000000	0.0091502 	1700.000000	0.00917625	1700.000000	7.65637e-07	
1750.000000	0.0119148 	1750.000000	0.00917103	1750.000000	0.00918549	1750.000000	0.0091396 	1750.000000	0.00917029	1750.000000	7.45379e-07	
1800.000000	0.0119155 	1800.000000	0.00916751	1800.000000	0.00917677	1800.000000	0.0091309 	1800.000000	0.00916679	1800.000000	7.26203e-07	
1850.000000	0.0119202 	1850.000000	0.00916626	1850.000000	0.00916964	1850.000000	0.00912391	1850.000000	0.00916555	1850.000000	7.08022e-07	
1900.000000	0.0119284 	1900.000000	0.00916708	1900.000000	0.00916398	1900.000000	0.00911846	1900.000000	0.00916639	1900.000000	6.90761e-07	
1950.000000	0.0119401 	1950.000000	0.00916984	1950.000000	0.0091597 	1950.000000	0.00911441	1950.000000	0.00916916	1950.000000	6.7435e-07	
2000.000000	0.0119549 	2000.000000	0.00917437	2000.000000	0.00915671	2000.000000	0.00911163	2000.000000	0.00917371	2000.000000	6.58728e-07	
2100.000000	0.0119932 	2100.000000	0.00918829	2100.000000	0.00915419	2100.000000	0.00910939	2100.000000	0.00918766	2100.000000	6.29629e-07	
2200.000000	0.0120418 	2200.000000	0.00920792	2200.000000	0.00915564	2200.000000	0.00911096	2200.000000	0.00920732	2200.000000	6.03074e-07	
2300.000000	0.0120997 	2300.000000	0.00923253	2300.000000	0.0091603 	2300.000000	0.00911568	2300.000000	0.00923195	2300.000000	5.78741e-07	
2400.000000	0.0121657 	2400.000000	0.00926149	2400.000000	0.00916759	2400.000000	0.00912302	2400.000000	0.00926093	2400.000000	5.56359e-07	
2500.000000	0.0122391 	2500.000000	0.00929428	2500.000000	0.00917719	2500.000000	0.00913268	2500.000000	0.00929374	2500.000000	5.35699e-07	
2600.000000	0.0123191 	2600.000000	0.00933045	2600.000000	0.00918957	2600.000000	0.00914515	2600.000000	0.00932993	2600.000000	5.16569e-07	
2700.000000	0.012405  	2700.000000	0.00936962	2700.000000	0.00920341	2700.000000	0.00915909	2700.000000	0.00936912	2700.000000	4.98802e-07	
2800.000000	0.0124965 	2800.000000	0.00941147	2800.000000	0.00921846	2800.000000	0.00917427	2800.000000	0.00941099	2800.000000	4.82256e-07	
2900.000000	0.0125929 	2900.000000	0.00945571	2900.000000	0.00923453	2900.000000	0.00919048	2900.000000	0.00945525	2900.000000	4.66808e-07	
3000.000000	0.0126939 	3000.000000	0.00950211	3000.000000	0.00925144	3000.000000	0.00920753	3000.000000	0.00950166	3000.000000	4.52352e-07	
3200.000000	0.0129083 	3200.000000	0.00960053	3200.000000	0.00928724	3200.000000	0.00924362	3200.000000	0.0096001 	3200.000000	4.26049e-07	
3400.000000	0.0131373 	3400.000000	0.00970532	3400.000000	0.00932499	3400.000000	0.00928159	3400.000000	0.00970491	3400.000000	4.02729e-07	
3600.000000	0.0133791 	3600.000000	0.00981538	3600.000000	0.00936401	3600.000000	0.00932078	3600.000000	0.009815  	3600.000000	3.81906e-07	
3800.000000	0.0136323 	3800.000000	0.00992985	3800.000000	0.0094038 	3800.000000	0.00936066	3800.000000	0.00992948	3800.000000	3.63195e-07	
4000.000000	0.0138955 	4000.000000	0.010048  	4000.000000	0.00944397	4000.000000	0.00940088	4000.000000	0.0100477 	4000.000000	3.46288e-07	
4200.000000	0.0141679 	4200.000000	0.0101694 	4200.000000	0.00948421	4200.000000	0.00944114	4200.000000	0.010169  	4200.000000	3.30933e-07	
4400.000000	0.0144487 	4400.000000	0.0102934 	4400.000000	0.0095243 	4400.000000	0.00948124	4400.000000	0.0102931 	4400.000000	3.16923e-07	
4600.000000	0.0147371 	4600.000000	0.0104197 	4600.000000	0.00956408	4600.000000	0.00952104	4600.000000	0.0104194 	4600.000000	3.04087e-07	
4800.000000	0.0150327 	4800.000000	0.0105481 	4800.000000	0.00960343	4800.000000	0.00956041	4800.000000	0.0105478 	4800.000000	2.92283e-07	
5000.000000	0.015335  	5000.000000	0.0106782 	5000.000000	0.00964227	5000.000000	0.00959928	5000.000000	0.0106779 	5000.000000	2.81389e-07	
5250.000000	0.0157215 	5250.000000	0.0108429 	5250.000000	0.00969001	5250.000000	0.00964706	5250.000000	0.0108426 	5250.000000	2.68897e-07	
5500.000000	0.0161173 	5500.000000	0.0110096 	5500.000000	0.00973678	5500.000000	0.00969389	5500.000000	0.0110094 	5500.000000	2.57501e-07	
6000.000000	0.016934  	6000.000000	0.011348  	6000.000000	0.00982727	6000.000000	0.0097845 	6000.000000	0.0113477 	6000.000000	2.37459e-07	
6500.000000	0.0177817 	6500.000000	0.0116914 	6500.000000	0.00991364	6500.000000	0.00987097	6500.000000	0.0116912 	6500.000000	2.20395e-07	
7000.000000	0.0186581 	7000.000000	0.0120385 	7000.000000	0.00999595	7000.000000	0.00995336	7000.000000	0.0120383 	7000.000000	2.05687e-07	
7500.000000	0.0195611 	7500.000000	0.0123885 	7500.000000	0.0100744 	7500.000000	0.0100319 	7500.000000	0.0123883 	7500.000000	1.92873e-07	
8000.000000	0.0204896 	8000.000000	0.0127406 	8000.000000	0.0101492 	8000.000000	0.0101066 	8000.000000	0.0127404 	8000.000000	1.81606e-07	
8500.000000	0.0214423 	8500.000000	0.0130943 	8500.000000	0.0102203 	8500.000000	0.010178  	8500.000000	0.0130941 	8500.000000	1.7162e-07	
9000.000000	0.0224186 	9000.000000	0.0134492 	9000.000000	0.0102881 	9000.000000	0.0102461 	9000.000000	0.0134491 	9000.000000	1.62706e-07	
9500.000000	0.0234177 	9500.000000	0.013805  	9500.000000	0.0103529 	9500.000000	0.0103111 	9500.000000	0.0138049 	9500.000000	1.54698e-07	
10000.000000	0.0244391 	10000.000000	0.0141615 	10000.000000	0.0104149 	10000.000000	0.0103734 	10000.000000	0.0141614 	10000.000000	1.47464e-07	
11000.000000	0.0265474 	11000.000000	0.0148757 	11000.000000	0.0105315 	11000.000000	0.0104902 	11000.000000	0.0148756 	11000.000000	1.34905e-07	
12000.000000	0.028741  	12000.000000	0.0155908 	12000.000000	0.0106392 	12000.000000	0.0105979 	12000.000000	0.0155907 	12000.000000	1.24371e-07	
13000.000000	0.0310183 	13000.000000	0.016306  	13000.000000	0.0107389 	13000.000000	0.0106977 	13000.000000	0.0163058 	13000.000000	1.15405e-07	
14000.000000	0.0333781 	14000.000000	0.0170208 	14000.000000	0.0108313 	14000.000000	0.0107905 	14000.000000	0.0170207 	14000.000000	1.07679e-07	
15000.000000	0.0358197 	15000.000000	0.017735  	15000.000000	0.0109175 	15000.000000	0.0108772 	15000.000000	0.0177349 	15000.000000	1.00949e-07	
16000.000000	0.0383426 	16000.000000	0.0184484 	16000.000000	0.0109983 	16000.000000	0.0109585 	16000.000000	0.0184483 	16000.000000	9.50341e-08	
17000.000000	0.0409466 	17000.000000	0.0191607 	17000.000000	0.0110743 	17000.000000	0.0110349 	17000.000000	0.0191606 	17000.000000	8.97921e-08	
18000.000000	0.0436316 	18000.000000	0.019872  	18000.000000	0.011146  	18000.000000	0.011107  	18000.000000	0.0198719 	18000.000000	8.51138e-08	
19000.000000	0.0463974 	19000.000000	0.0205821 	19000.000000	0.0112139 	19000.000000	0.0111751 	19000.000000	0.020582  	19000.000000	8.0912e-08	
20000.000000	0.0492442 	20000.000000	0.0212911 	20000.000000	0.0112783 	20000.000000	0.0112398 	20000.000000	0.021291  	20000.000000	7.71169e-08	
21000.000000	0.052172  	21000.000000	0.0219989 	21000.000000	0.0113394 	21000.000000	0.0113012 	21000.000000	0.0219988 	21000.000000	7.36716e-08	
22000.000000	0.055181  	22000.000000	0.0227054 	22000.000000	0.0113971 	22000.000000	0.0113597 	22000.000000	0.0227054 	22000.000000	7.05294e-08	
23000.000000	0.0582715 	23000.000000	0.0234109 	23000.000000	0.0114526 	23000.000000	0.0114155 	23000.000000	0.0234108 	23000.000000	6.76517e-08	
24000.000000	0.0614437 	24000.000000	0.0241151 	24000.000000	0.0115057 	24000.000000	0.0114688 	24000.000000	0.024115  	24000.000000	6.5006e-08	
25000.000000	0.0646978 	25000.000000	0.0248182 	25000.000000	0.0115564 	25000.000000	0.0115199 	25000.000000	0.0248181 	25000.000000	6.25653e-08	
26000.000000	0.0680341 	26000.000000	0.0255201 	26000.000000	0.0116049 	26000.000000	0.0115689 	26000.000000	0.0255201 	26000.000000	6.03062e-08	
27000.000000	0.0714531 	27000.000000	0.026221  	27000.000000	0.0116513 	27000.000000	0.011616  	27000.000000	0.0262209 	27000.000000	5.82092e-08	
28000.000000	0.074955  	28000.000000	0.0269207 	28000.000000	0.0116959 	28000.000000	0.0116613 	28000.000000	0.0269207 	28000.000000	5.62571e-08	
29000.000000	0.0785401 	29000.000000	0.0276194 	29000.000000	0.0117389 	29000.000000	0.0117049 	29000.000000	0.0276193 	29000.000000	5.44354e-08	
30000.000000	0.0822089 	30000.000000	0.028317  	30000.000000	0.0117803 	30000.000000	0.0117469 	30000.000000	0.0283169 	30000.000000	5.27313e-08	
32000.000000	0.089799  	32000.000000	0.0297092 	32000.000000	0.0118588 	32000.000000	0.0118267 	32000.000000	0.0297091 	32000.000000	4.96325e-08	
34000.000000	0.0977283 	34000.000000	0.0310974 	34000.000000	0.0119323 	34000.000000	0.0119014 	34000.000000	0.0310974 	34000.000000	4.68871e-08	
36000.000000	0.106     	36000.000000	0.0324819 	36000.000000	0.012001  	36000.000000	0.0119715 	36000.000000	0.0324819 	36000.000000	4.44374e-08	
38000.000000	0.114618  	38000.000000	0.0338629 	38000.000000	0.0120654 	38000.000000	0.0120376 	38000.000000	0.0338628 	38000.000000	4.22375e-08	
40000.000000	0.123586  	40000.000000	0.0352404 	40000.000000	0.0121261 	40000.000000	0.0121001 	40000.000000	0.0352403 	40000.000000	4.02509e-08	
42000.000000	0.132907  	42000.000000	0.0366146 	42000.000000	0.0121837 	42000.000000	0.0121593 	42000.000000	0.0366145 	42000.000000	3.84476e-08	
44000.000000	0.142584  	44000.000000	0.0379857 	44000.000000	0.0122383 	44000.000000	0.0122155 	44000.000000	0.0379856 	44000.000000	3.68033e-08	
46000.000000	0.152622  	46000.000000	0.0393537 	46000.000000	0.0122905 	46000.000000	0.012269  	46000.000000	0.0393537 	46000.000000	3.52975e-08	
48000.000000	0.163025  	48000.000000	0.0407189 	48000.000000	0.0123403 	48000.000000	0.0123201 	48000.000000	0.0407189 	48000.000000	3.39134e-08	
50000.000000	0.173795  	50000.000000	0.0420813 	50000.000000	0.0123877 	50000.000000	0.0123689 	50000.000000	0.0420812 	50000.000000	3.26366e-08	
