Energy (MeV/u)	0 - [He-base] F.Hubert et al, AD&ND Tables 46(1990)1	1 - [H -base] J.F.Ziegler et al, Pergamon Press, NY (low energy)	2 - ATIMA 1.2  LS-theory (recommended for high energy)	3 - ATIMA 1.2  without LS-correction	4 - Range straggling - method [0] - LISE	5 - Range straggling - method [1] - Atima	6 - Lateral range - method [0] - LISE	7 - Lateral range - method [1] - Atima	8 - Lateral range - method [2] - PDG
0.001000	0.0532585 	0.0532585 	0.0466761 	0.0466761 	-	-	0.000109334	0.000177194	8.17677e-05
93.633957	13435.9   	13302     	13513.9   	13525.2   	93.459    	45.4543   	29.4636   	25.9204   	29.3905   
187.266914	44924.2   	44470.4   	45082.6   	45216.9   	300.771   	140.961   	94.999    	81.452    	97.345    
280.899871	88979.7   	87933.1   	89162.9   	89518.8   	570.136   	266.432   	181.429   	155.025   	190.54    
374.532828	142169    	140470    	142503    	143159    	873.264   	411.929   	280.236   	240.389   	300.975   
468.165785	202439    	199913    	202863    	203882    	1193.28   	571.331   	386.109   	333.486   	423.203   
561.798742	268339    	264752    	268673    	270103    	1519.95   	740.961   	495.683   	431.595   	553.461   
655.431699	338752    	333851    	338753    	340633    	1846.94   	918.218   	606.746   	532.801   	689.027   
749.064655	412799    	406341    	412212    	414575    	2170.33   	1101.51   	717.857   	635.746   	827.932   
842.697612	489778    	481546    	488368    	491237    	2487.89   	1289.46   	828.092   	739.476   	968.755   
936.330569	569147    	558955    	566669    	570064    	2797.63   	1480.96   	936.735   	843.213   	1110.33   
1029.963526	650431    	638133    	646685    	650621    	3098.85   	1675.39   	1043.38   	946.431   	1251.85   
1123.596483	733235    	718725    	728089    	732575    	3391.45   	1872.45   	1147.82   	1048.79   	1392.76   
1217.229440	817243    	800454    	810624    	815671    	3675.36   	2071.88   	1249.93   	1150.03   	1532.64   
1310.862397	902182    	883083    	894080    	899700    	3950.72   	2273.46   	1349.64   	1249.96   	1671.18   
1404.495354	987810    	966407    	978286    	984481    	4217.93   	2476.89   	1446.99   	1348.51   	1808.21   
1498.128311	1.07393e+06	1.05026e+06	1.06311e+06	1.06988e+06	4477.26   	2682.14   	1541.99   	1445.57   	1943.55   
1591.761268	1.16038e+06	1.13451e+06	1.14842e+06	1.15577e+06	4728.96   	2889.06   	1634.68   	1541.11   	2077.1    
1685.394225	1.24701e+06	1.21903e+06	1.23413e+06	1.24206e+06	4973.44   	3097.6    	1725.16   	1635.09   	2208.81   
1779.027182	1.33369e+06	1.30372e+06	1.32016e+06	1.32868e+06	5210.81   	3307.76   	1813.4    	1727.47   	2338.55   
1872.660139	1.4203e+06	1.38848e+06	1.40644e+06	1.41554e+06	5441.84   	3519.3    	1899.63   	1818.35   	2466.45   
1966.293096	1.50677e+06	1.47325e+06	1.4929e+06	1.5026e+06	5666.66   	3732.17   	1983.87   	1907.7    	2592.45   
2059.926052	1.59297e+06	1.55795e+06	1.57952e+06	1.58981e+06	5884.95   	3946.51   	2065.98   	1995.39   	2716.34   
2153.559009	1.67889e+06	1.64253e+06	1.66624e+06	1.6771e+06	6098.22   	4162.08   	2146.45   	2081.74   	2838.55   
2247.191966	1.76444e+06	1.72696e+06	1.75302e+06	1.76447e+06	6306.19   	4379.04   	2225.16   	2166.66   	2958.91   
2340.824923	1.84958e+06	1.81118e+06	1.83985e+06	1.85188e+06	6509.11   	4597.39   	2302.18   	2250.17   	3077.47   
2434.457880	1.93426e+06	1.89515e+06	1.92669e+06	1.9393e+06	6707.23   	4817.09   	2377.59   	2332.3    	3194.26   
2528.090837	2.01844e+06	1.97886e+06	2.01353e+06	2.02672e+06	6900.76   	5038.12   	2451.45   	2413.1    	3309.3    
2621.723794	2.10209e+06	2.06226e+06	2.10034e+06	2.11411e+06	7089.94   	5260.44   	2523.83   	2492.59   	3422.65   
2715.356751	2.18517e+06	2.14534e+06	2.18711e+06	2.20146e+06	7274.95   	5484.02   	2594.78   	2570.82   	3534.34   
2808.989708	2.26767e+06	2.22808e+06	2.27384e+06	2.28876e+06	7456      	5708.86   	2664.37   	2647.82   	3644.41   
2902.622665	2.34955e+06	2.31046e+06	2.36049e+06	2.37599e+06	7633.26   	5934.93   	2732.65   	2723.63   	3752.91   
2996.255622	2.43079e+06	2.39244e+06	2.44708e+06	2.46314e+06	7806.76   	6162.29   	2799.63   	2798.23   	3859.8    
3089.888579	2.51102e+06	2.47382e+06	2.53352e+06	2.55016e+06	7975.04   	6391.53   	2864.78   	2871.11   	3964.42   
3183.521536	2.59121e+06	2.55517e+06	2.61997e+06	2.63718e+06	8143.1    	6620.85   	2929.86   	2943.93   	4068.94   
3277.154493	2.67023e+06	2.63579e+06	2.70624e+06	2.72402e+06	8305.63   	6852.31   	2992.99   	3014.88   	4170.99   
3370.787449	2.74899e+06	2.71626e+06	2.79248e+06	2.81082e+06	8466.98   	7084.22   	3055.7    	3085.44   	4272.5    
3464.420406	2.82676e+06	2.79609e+06	2.87857e+06	2.89747e+06	8624.11   	7317.88   	3116.93   	3154.55   	4372.06   
3558.053363	2.90406e+06	2.87564e+06	2.96458e+06	2.98404e+06	8779.33   	7552.34   	3177.48   	3223      	4470.73   
3651.686320	2.98056e+06	2.95468e+06	3.05046e+06	3.07048e+06	8931.44   	7788.19   	3236.92   	3290.35   	4567.93   
3745.319277	3.05639e+06	3.03329e+06	3.13623e+06	3.15681e+06	9081.05   	8025.17   	3295.48   	3356.82   	4663.94   
3838.952234	3.13161e+06	3.11151e+06	3.2219e+06	3.24303e+06	9228.5    	8263.17   	3353.26   	3422.51   	4758.89   
3932.585191	3.20596e+06	3.18918e+06	3.30743e+06	3.32911e+06	9372.94   	8502.63   	3409.97   	3487.12   	4852.38   
4026.218148	3.27991e+06	3.26658e+06	3.39288e+06	3.41511e+06	9516.04   	8742.77   	3466.21   	3551.24   	4945.2    
4119.851105	3.35279e+06	3.3433e+06	3.47815e+06	3.50093e+06	9655.72   	8984.67   	3521.21   	3614.1    	5036.31   
4213.484062	3.42547e+06	3.41988e+06	3.56338e+06	3.58671e+06	9794.76   	9226.91   	3575.99   	3676.73   	5127.11   
4307.117019	3.49689e+06	3.49564e+06	3.64839e+06	3.67227e+06	9930.04   	9471.23   	3629.42   	3737.95   	5215.98   
4400.749976	3.5683e+06	3.5714e+06	3.7334e+06	3.75782e+06	10065.3   	9715.57   	3682.83   	3799.15   	5304.84   
4494.382933	3.63829e+06	3.64621e+06	3.81816e+06	3.84312e+06	10196.5   	9962.28   	3734.79   	3858.83   	5391.6    
4588.015890	3.70827e+06	3.72102e+06	3.90292e+06	3.92841e+06	10327.6   	10209     	3786.75   	3918.5    	5478.36   
4681.648846	3.77701e+06	3.79502e+06	3.98745e+06	4.01348e+06	10455.5   	10457.8   	3837.51   	3976.91   	5563.38   
4775.281803	3.84557e+06	3.86889e+06	4.07195e+06	4.09851e+06	10582.9   	10706.8   	3888.11   	4035.13   	5648.14   
4868.914760	3.91311e+06	3.94208e+06	4.15626e+06	4.18336e+06	10707.7   	10957.6   	3937.76   	4092.34   	5731.52   
4962.547717	3.98028e+06	4.01502e+06	4.2405e+06	4.26813e+06	10831.5   	11209     	3987.08   	4149.18   	5814.39   
5056.180674	4.04652e+06	4.08734e+06	4.32458e+06	4.35274e+06	10953.1   	11462     	4035.6    	4205.16   	5896.06   
5149.813631	4.11215e+06	4.15924e+06	4.40854e+06	4.43723e+06	11073.3   	11716     	4083.58   	4260.55   	5976.94   
5243.446588	4.17778e+06	4.23115e+06	4.4925e+06	4.52171e+06	11193.4   	11970.1   	4131.57   	4315.94   	6057.81   
5337.079545	4.24186e+06	4.30201e+06	4.57618e+06	4.60591e+06	11310     	12226.7   	4178.28   	4369.93   	6136.74   
5430.712502	4.30583e+06	4.37278e+06	4.65983e+06	4.69009e+06	11426.3   	12483.6   	4224.9    	4423.81   	6215.52   
5524.345459	4.36917e+06	4.44313e+06	4.74337e+06	4.77415e+06	11541.3   	12741.6   	4271.03   	4477.15   	6293.55   
5617.978416	4.43073e+06	4.51226e+06	4.82658e+06	4.85787e+06	11652.5   	13002.7   	4315.8    	4528.96   	6369.45   
5711.611373	4.49229e+06	4.58139e+06	4.90978e+06	4.94159e+06	11763.6   	13263.8   	4360.57   	4580.76   	6445.36   
5805.244330	4.55385e+06	4.65052e+06	4.99299e+06	5.02531e+06	11874.8   	13524.8   	4405.34   	4632.57   	6521.26   
5898.877287	4.61541e+06	4.71965e+06	5.07619e+06	5.10903e+06	11985.9   	13785.9   	4450.11   	4684.38   	6597.17   
5992.510243	4.67697e+06	4.78877e+06	5.1594e+06	5.19275e+06	12097.1   	14047     	4494.87   	4736.19   	6673.07   
6086.143200	4.73573e+06	4.85595e+06	5.24208e+06	5.27593e+06	12202.6   	14313.2   	4537.64   	4785.71   	6745.8    
6179.776157	4.79424e+06	4.92296e+06	5.32471e+06	5.35907e+06	12307.7   	14579.7   	4580.24   	4835.04   	6818.25   
6273.409114	4.85276e+06	4.98998e+06	5.40734e+06	5.44221e+06	12412.7   	14846.3   	4622.84   	4884.37   	6890.7    
6367.042071	4.91127e+06	5.05699e+06	5.48997e+06	5.52535e+06	12517.8   	15112.9   	4665.43   	4933.69   	6963.15   
6460.675028	4.96979e+06	5.124e+06 	5.5726e+06	5.60849e+06	12622.8   	15379.5   	4708.03   	4983.02   	7035.6    
6554.307985	5.02664e+06	5.18984e+06	5.65492e+06	5.6913e+06	12724.8   	15649.2   	4749.54   	5031.08   	7106.27   
6647.940942	5.0823e+06	5.25483e+06	5.737e+06 	5.77389e+06	12824.5   	15921.1   	4790.26   	5078.22   	7175.66   
6741.573899	5.13796e+06	5.31982e+06	5.81909e+06	5.85648e+06	12924.3   	16193.1   	4830.97   	5125.35   	7245.05   
6835.206856	5.19362e+06	5.38482e+06	5.90118e+06	5.93906e+06	13024     	16465     	4871.69   	5172.49   	7314.43   
6928.839813	5.24928e+06	5.44981e+06	5.98327e+06	6.02165e+06	13123.7   	16737     	4912.41   	5219.63   	7383.82   
7022.472770	5.30429e+06	5.51435e+06	6.06523e+06	6.10411e+06	13222.3   	17010.1   	4952.74   	5266.3    	7452.56   
7116.105727	5.35728e+06	5.57742e+06	6.1468e+06	6.18617e+06	13317.4   	17287.3   	4991.82   	5311.5    	7519.22   
7209.738684	5.41027e+06	5.6405e+06	6.22838e+06	6.26824e+06	13412.5   	17564.5   	5030.91   	5356.7    	7585.88   
7303.371640	5.46325e+06	5.70357e+06	6.30995e+06	6.3503e+06	13507.5   	17841.6   	5069.99   	5401.9    	7652.55   
7397.004597	5.51624e+06	5.76665e+06	6.39152e+06	6.43237e+06	13602.6   	18118.8   	5109.08   	5447.1    	7719.21   
7490.637554	5.56922e+06	5.82973e+06	6.4731e+06	6.51443e+06	13697.6   	18396     	5148.16   	5492.3    	7785.87   
7584.270511	5.61996e+06	5.89117e+06	6.55423e+06	6.59605e+06	13788.9   	18677.8   	5185.96   	5535.94   	7850.34   
7677.903468	5.67045e+06	5.95242e+06	6.63532e+06	6.67762e+06	13879.8   	18960     	5223.61   	5579.41   	7914.57   
7771.536425	5.72093e+06	6.01368e+06	6.71641e+06	6.75919e+06	13970.7   	19242.3   	5261.27   	5622.88   	7978.79   
7865.169382	5.77142e+06	6.07493e+06	6.7975e+06	6.84076e+06	14061.7   	19524.6   	5298.92   	5666.34   	8043.01   
7958.802339	5.82191e+06	6.13619e+06	6.87859e+06	6.92234e+06	14152.6   	19806.9   	5336.57   	5709.81   	8107.24   
8052.435296	5.87109e+06	6.19648e+06	6.95942e+06	7.00365e+06	14241.4   	20092     	5373.52   	5752.41   	8170.24   
8146.068253	5.91924e+06	6.25601e+06	7.04005e+06	7.08475e+06	14328.6   	20379.2   	5409.91   	5794.33   	8232.27   
8239.701210	5.96739e+06	6.31554e+06	7.12068e+06	7.16586e+06	14415.8   	20666.5   	5446.3    	5836.25   	8294.3    
8333.334167	6.01554e+06	6.37506e+06	7.20131e+06	7.24696e+06	14502.9   	20953.7   	5482.69   	5878.16   	8356.33   
8426.967124	6.06369e+06	6.43459e+06	7.28194e+06	7.32807e+06	14590.1   	21241     	5519.08   	5920.08   	8418.36   
8520.600081	6.11136e+06	6.49376e+06	7.36247e+06	7.40908e+06	14676.6   	21529.3   	5555.22   	5961.69   	8479.95   
8614.233037	6.15733e+06	6.55165e+06	7.44267e+06	7.48974e+06	14760.4   	21821.3   	5590.49   	6002.21   	8540      
8707.865994	6.2033e+06	6.60954e+06	7.52286e+06	7.57041e+06	14844.3   	22113.3   	5625.76   	6042.73   	8600.05   
8801.498951	6.24927e+06	6.66743e+06	7.60305e+06	7.65107e+06	14928.1   	22405.3   	5661.03   	6083.25   	8660.1    
8895.131908	6.29523e+06	6.72532e+06	7.68325e+06	7.73174e+06	15012     	22697.3   	5696.3    	6123.77   	8720.15   
8988.764865	6.3412e+06	6.78321e+06	7.76344e+06	7.8124e+06	15095.8   	22989.3   	5731.57   	6164.29   	8780.2    
9082.397822	6.38537e+06	6.83973e+06	7.84327e+06	7.8927e+06	15177     	23285.4   	5765.96   	6203.7    	8838.67   
9176.030779	6.42929e+06	6.89606e+06	7.92305e+06	7.97295e+06	15257.8   	23582.1   	5800.23   	6242.96   	8896.93   
9269.663736	6.47322e+06	6.95239e+06	8.00284e+06	8.0532e+06	15338.6   	23878.7   	5834.5    	6282.22   	8955.18   
9363.296693	6.51714e+06	7.00873e+06	8.08262e+06	8.13344e+06	15419.4   	24175.4   	5868.78   	6321.48   	9013.44   
9456.929650	6.56107e+06	7.06506e+06	8.1624e+06	8.21369e+06	15500.2   	24472     	5903.05   	6360.74   	9071.69   
9550.562607	6.60396e+06	7.1206e+06	8.24197e+06	8.29373e+06	15579.6   	24771.2   	5936.84   	6399.38   	9129.07   
9644.195564	6.64597e+06	7.17545e+06	8.32136e+06	8.37358e+06	15657.6   	25072.5   	5970.22   	6437.49   	9185.69   
9737.828521	6.68798e+06	7.23031e+06	8.40076e+06	8.45343e+06	15735.7   	25373.8   	6003.6    	6475.61   	9242.32   
9831.461478	6.72999e+06	7.28516e+06	8.48015e+06	8.53329e+06	15813.8   	25675.1   	6036.98   	6513.73   	9298.94   
9925.094434	6.77201e+06	7.34002e+06	8.55954e+06	8.61314e+06	15891.8   	25976.5   	6070.36   	6551.84   	9355.57   
10018.727391	6.81349e+06	7.39446e+06	8.63883e+06	8.69288e+06	15969.2   	26279.1   	6103.51   	6589.65   	9411.76   
10112.360348	6.85287e+06	7.44724e+06	8.71768e+06	8.77218e+06	16043.6   	26587.3   	6135.73   	6626.26   	9466.22   
10205.993305	6.89225e+06	7.50002e+06	8.79653e+06	8.85148e+06	16118     	26895.4   	6167.95   	6662.86   	9520.68   
10299.626262	6.93163e+06	7.55281e+06	8.87538e+06	8.93078e+06	16192.4   	27203.6   	6200.17   	6699.46   	9575.14   
10393.259219	6.97101e+06	7.60559e+06	8.95423e+06	9.01008e+06	16266.8   	27511.7   	6232.39   	6736.06   	9629.6    
10486.892176	7.01038e+06	7.65837e+06	9.03308e+06	9.08938e+06	16341.2   	27819.9   	6264.61   	6772.66   	9684.06   
10580.525133	7.04976e+06	7.71116e+06	9.11193e+06	9.16868e+06	16415.6   	28128     	6296.83   	6809.26   	9738.52   
10674.158090	7.08914e+06	7.76394e+06	9.19078e+06	9.24798e+06	16490     	28436.2   	6329.05   	6845.86   	9792.97   
10767.791047	7.12852e+06	7.81672e+06	9.26963e+06	9.32728e+06	16564.4   	28744.3   	6361.27   	6882.46   	9847.43   
10861.424004	7.1679e+06	7.8695e+06	9.34848e+06	9.40658e+06	16638.8   	29052.5   	6393.49   	6919.06   	9901.89   
10955.056961	7.20728e+06	7.92229e+06	9.42733e+06	9.48588e+06	16713.2   	29360.7   	6425.71   	6955.66   	9956.35   
11048.689918	7.24501e+06	7.97375e+06	9.50583e+06	9.56482e+06	16785.4   	29673.3   	6457.25   	6991.36   	10009.5   
11142.322875	7.28123e+06	8.02398e+06	9.58401e+06	9.64344e+06	16855.5   	29990     	6488.15   	7026.21   	10061.5   
11235.955831	7.31745e+06	8.07422e+06	9.6622e+06	9.72206e+06	16925.7   	30306.8   	6519.06   	7061.07   	10113.4   
11329.588788	7.35367e+06	8.12446e+06	9.74038e+06	9.80068e+06	16995.8   	30623.5   	6549.97   	7095.93   	10165.4   
11423.221745	7.38988e+06	8.17469e+06	9.81856e+06	9.8793e+06	17065.9   	30940.3   	6580.88   	7130.78   	10217.3   
11516.854702	7.4261e+06	8.22493e+06	9.89674e+06	9.95792e+06	17136.1   	31257     	6611.79   	7165.64   	10269.3   
11610.487659	7.46232e+06	8.27517e+06	9.97492e+06	1.00365e+07	17206.2   	31573.7   	6642.7    	7200.5    	10321.2   
11704.120616	7.49854e+06	8.3254e+06	1.00531e+07	1.01152e+07	17276.3   	31890.5   	6673.61   	7235.36   	10373.2   
11797.753573	7.53475e+06	8.37564e+06	1.01313e+07	1.01938e+07	17346.5   	32207.2   	6704.51   	7270.21   	10425.1   
11891.386530	7.57097e+06	8.42588e+06	1.02095e+07	1.02724e+07	17416.6   	32524     	6735.42   	7305.07   	10477.1   
11985.019487	7.60719e+06	8.47611e+06	1.02876e+07	1.0351e+07	17486.7   	32840.7   	6766.33   	7339.93   	10529.1   
12078.652444	7.64106e+06	8.52441e+06	1.03653e+07	1.04291e+07	17553.8   	33164.3   	6796.33   	7373.54   	10579.2   
12172.285401	7.67448e+06	8.57233e+06	1.04429e+07	1.05071e+07	17620.2   	33489.1   	6826.15   	7406.92   	10629.1   
12265.918358	7.7079e+06	8.62026e+06	1.05204e+07	1.05851e+07	17686.7   	33814     	6855.97   	7440.31   	10678.9   
12359.551315	7.74132e+06	8.66818e+06	1.0598e+07	1.06631e+07	17753.1   	34138.9   	6885.8    	7473.69   	10728.7   
12453.184272	7.77474e+06	8.7161e+06	1.06756e+07	1.07411e+07	17819.6   	34463.7   	6915.62   	7507.07   	10778.5   
12546.817228	7.80817e+06	8.76403e+06	1.07532e+07	1.08191e+07	17886.1   	34788.6   	6945.44   	7540.45   	10828.4   
12640.450185	7.84159e+06	8.81195e+06	1.08307e+07	1.08971e+07	17952.5   	35113.4   	6975.27   	7573.83   	10878.2   
12734.083142	7.87501e+06	8.85987e+06	1.09083e+07	1.09751e+07	18019     	35438.3   	7005.09   	7607.21   	10928     
12827.716099	7.90843e+06	8.9078e+06	1.09859e+07	1.10531e+07	18085.4   	35763.2   	7034.91   	7640.59   	10977.9   
12921.349056	7.94185e+06	8.95572e+06	1.10634e+07	1.11311e+07	18151.9   	36088     	7064.73   	7673.98   	11027.7   
13014.982013	7.97488e+06	9.00331e+06	1.11409e+07	1.1209e+07	18217.8   	36414.1   	7094.41   	7707.16   	11077.2   
13108.614970	8.00581e+06	9.04912e+06	1.12179e+07	1.12865e+07	18281.1   	36746.9   	7123.33   	7739.28   	11125.2   
13202.247927	8.03675e+06	9.09494e+06	1.12949e+07	1.13639e+07	18344.4   	37079.7   	7152.24   	7771.4    	11173.2   
13295.880884	8.06769e+06	9.14075e+06	1.13719e+07	1.14414e+07	18407.6   	37412.5   	7181.16   	7803.52   	11221.3   
13389.513841	8.09863e+06	9.18656e+06	1.1449e+07	1.15188e+07	18470.9   	37745.3   	7210.07   	7835.65   	11269.3   
13483.146798	8.12957e+06	9.23238e+06	1.1526e+07	1.15962e+07	18534.2   	38078.1   	7238.98   	7867.77   	11317.3   
13576.779755	8.1605e+06	9.27819e+06	1.1603e+07	1.16737e+07	18597.4   	38410.9   	7267.9    	7899.89   	11365.3   
13670.412712	8.19144e+06	9.32401e+06	1.168e+07 	1.17511e+07	18660.7   	38743.7   	7296.81   	7932.02   	11413.3   
13764.045669	8.22238e+06	9.36982e+06	1.1757e+07	1.18285e+07	18724     	39076.5   	7325.73   	7964.14   	11461.3   
13857.678625	8.25332e+06	9.41563e+06	1.1834e+07	1.1906e+07	18787.2   	39409.3   	7354.64   	7996.26   	11509.3   
13951.311582	8.28425e+06	9.46145e+06	1.1911e+07	1.19834e+07	18850.5   	39742.1   	7383.56   	8028.38   	11557.3   
14044.944539	8.31413e+06	9.50634e+06	1.19878e+07	1.20606e+07	18912.4   	40078.7   	7412.1    	8059.99   	11604.6   
14138.577496	8.34285e+06	9.55022e+06	1.20643e+07	1.21375e+07	18972.9   	40419.3   	7440.25   	8091.03   	11651     
14232.210453	8.37157e+06	9.5941e+06	1.21408e+07	1.22144e+07	19033.4   	40760     	7468.39   	8122.07   	11697.5   
14325.843410	8.40029e+06	9.63799e+06	1.22173e+07	1.22913e+07	19093.9   	41100.6   	7496.54   	8153.11   	11743.9   
14419.476367	8.42901e+06	9.68187e+06	1.22938e+07	1.23683e+07	19154.3   	41441.2   	7524.69   	8184.15   	11790.4   
14513.109324	8.45774e+06	9.72576e+06	1.23703e+07	1.24452e+07	19214.8   	41781.8   	7552.83   	8215.19   	11836.8   
14606.742281	8.48646e+06	9.76964e+06	1.24468e+07	1.25221e+07	19275.3   	42122.5   	7580.98   	8246.23   	11883.2   
14700.375238	8.51518e+06	9.81352e+06	1.25233e+07	1.2599e+07	19335.7   	42463.1   	7609.12   	8277.27   	11929.7   
14794.008195	8.5439e+06	9.85741e+06	1.25998e+07	1.26759e+07	19396.2   	42803.7   	7637.27   	8308.31   	11976.1   
14887.641152	8.57262e+06	9.90129e+06	1.26763e+07	1.27528e+07	19456.7   	43144.3   	7665.41   	8339.35   	12022.6   
14981.274109	8.60135e+06	9.94517e+06	1.27528e+07	1.28297e+07	19517.1   	43485     	7693.56   	8370.39   	12069     
15074.907066	8.62848e+06	9.98764e+06	1.28289e+07	1.29063e+07	19575.6   	43831.7   	7721.18   	8400.68   	12114.4   
15168.540022	8.65522e+06	1.00298e+07	1.2905e+07	1.29827e+07	19633.6   	44179.9   	7748.67   	8430.78   	12159.4   
15262.172979	8.68195e+06	1.00719e+07	1.2981e+07	1.30591e+07	19691.6   	44528.1   	7776.16   	8460.88   	12204.5   
15355.805936	8.70869e+06	1.0114e+07	1.3057e+07	1.31356e+07	19749.6   	44876.4   	7803.64   	8490.98   	12249.6   
15449.438893	8.73542e+06	1.01561e+07	1.3133e+07	1.3212e+07	19807.6   	45224.6   	7831.13   	8521.08   	12294.7   
15543.071850	8.76216e+06	1.01982e+07	1.32091e+07	1.32884e+07	19865.6   	45572.8   	7858.62   	8551.18   	12339.7   
15636.704807	8.7889e+06	1.02403e+07	1.32851e+07	1.33649e+07	19923.6   	45921.1   	7886.11   	8581.28   	12384.8   
15730.337764	8.81563e+06	1.02824e+07	1.33611e+07	1.34413e+07	19981.6   	46269.3   	7913.59   	8611.38   	12429.9   
15823.970721	8.84237e+06	1.03245e+07	1.34372e+07	1.35178e+07	20039.6   	46617.5   	7941.08   	8641.48   	12475     
15917.603678	8.86911e+06	1.03666e+07	1.35132e+07	1.35942e+07	20097.5   	46965.7   	7968.57   	8671.58   	12520.1   
16011.236635	8.89563e+06	1.04086e+07	1.35892e+07	1.36706e+07	20155.3   	47314.8   	7995.99   	8701.59   	12565     
16104.869592	8.92058e+06	1.0449e+07	1.36648e+07	1.37466e+07	20211     	47670.4   	8022.91   	8730.86   	12608.9   
16198.502549	8.94553e+06	1.04895e+07	1.37404e+07	1.38226e+07	20266.8   	48025.9   	8049.83   	8760.14   	12652.7   
16292.135506	8.97048e+06	1.053e+07 	1.3816e+07	1.38985e+07	20322.6   	48381.4   	8076.74   	8789.42   	12696.6   
16385.768463	8.99543e+06	1.05705e+07	1.38916e+07	1.39745e+07	20378.3   	48736.9   	8103.66   	8818.7    	12740.5   
16479.401419	9.02038e+06	1.06109e+07	1.39671e+07	1.40505e+07	20434.1   	49092.4   	8130.58   	8847.98   	12784.4   
16573.034376	9.04534e+06	1.06514e+07	1.40427e+07	1.41265e+07	20489.9   	49447.9   	8157.5    	8877.26   	12828.3   
16666.667333	9.07029e+06	1.06919e+07	1.41183e+07	1.42025e+07	20545.7   	49803.4   	8184.42   	8906.54   	12872.2   
16760.300290	9.09524e+06	1.07324e+07	1.41939e+07	1.42785e+07	20601.4   	50158.9   	8211.33   	8935.81   	12916     
16853.933247	9.12019e+06	1.07729e+07	1.42695e+07	1.43545e+07	20657.2   	50514.4   	8238.25   	8965.09   	12959.9   
16947.566204	9.14514e+06	1.08133e+07	1.43451e+07	1.44305e+07	20713     	50869.9   	8265.17   	8994.37   	13003.8   
17041.199161	9.16938e+06	1.08532e+07	1.44205e+07	1.45063e+07	20767.9   	51228.5   	8291.87   	9023.33   	13047.2   
17134.832118	9.19272e+06	1.08921e+07	1.44957e+07	1.45818e+07	20821.6   	51591     	8318.29   	9051.88   	13090     
17228.465075	9.21606e+06	1.09311e+07	1.45709e+07	1.46574e+07	20875.4   	51953.5   	8344.7    	9080.44   	13132.9   
17322.098032	9.2394e+06	1.09701e+07	1.46461e+07	1.4733e+07	20929.2   	52315.9   	8371.12   	9108.99   	13175.7   
17415.730989	9.26274e+06	1.1009e+07	1.47213e+07	1.48086e+07	20983     	52678.4   	8397.54   	9137.54   	13218.5   
17509.363946	9.28608e+06	1.1048e+07	1.47965e+07	1.48841e+07	21036.7   	53040.9   	8423.96   	9166.09   	13261.3   
17602.996903	9.30942e+06	1.1087e+07	1.48717e+07	1.49597e+07	21090.5   	53403.3   	8450.38   	9194.65   	13304.2   
17696.629860	9.33276e+06	1.11259e+07	1.49468e+07	1.50353e+07	21144.3   	53765.8   	8476.8    	9223.2    	13347     
17790.262816	9.3561e+06	1.11649e+07	1.5022e+07	1.51109e+07	21198     	54128.3   	8503.21   	9251.75   	13389.8   
17883.895773	9.37944e+06	1.12039e+07	1.50972e+07	1.51864e+07	21251.8   	54490.8   	8529.63   	9280.31   	13432.6   
17977.528730	9.40277e+06	1.12428e+07	1.51724e+07	1.5262e+07	21305.6   	54853.2   	8556.05   	9308.86   	13475.5   
18071.161687	9.425e+06 	1.12808e+07	1.52473e+07	1.53373e+07	21358     	55220.8   	8582.13   	9336.92   	13517.6   
18164.794644	9.44688e+06	1.13183e+07	1.53221e+07	1.54125e+07	21409.9   	55589.9   	8608.11   	9364.83   	13559.5   
18258.427601	9.46876e+06	1.13559e+07	1.53969e+07	1.54877e+07	21461.9   	55959     	8634.09   	9392.74   	13601.4   
18352.060558	9.49064e+06	1.13935e+07	1.54717e+07	1.55629e+07	21513.9   	56328.2   	8660.06   	9420.65   	13643.3   
18445.693515	9.51252e+06	1.1431e+07	1.55465e+07	1.5638e+07	21565.8   	56697.3   	8686.04   	9448.56   	13685.1   
18539.326472	9.5344e+06	1.14686e+07	1.56213e+07	1.57132e+07	21617.8   	57066.4   	8712.02   	9476.47   	13727     
18632.959429	9.55628e+06	1.15062e+07	1.56961e+07	1.57884e+07	21669.7   	57435.6   	8738      	9504.38   	13768.9   
18726.592386	9.57816e+06	1.15437e+07	1.57709e+07	1.58636e+07	21721.7   	57804.7   	8763.97   	9532.29   	13810.8   
18820.225343	9.60004e+06	1.15813e+07	1.58457e+07	1.59388e+07	21773.6   	58173.9   	8789.95   	9560.2    	13852.7   
18913.858300	9.62192e+06	1.16189e+07	1.59205e+07	1.6014e+07	21825.6   	58543     	8815.93   	9588.11   	13894.6   
19007.491257	9.64369e+06	1.16564e+07	1.59953e+07	1.60891e+07	21877.4   	58912.6   	8841.87   	9615.98   	13936.4   
19101.124213	9.66425e+06	1.16926e+07	1.60698e+07	1.6164e+07	21927.7   	59288.2   	8867.46   	9643.31   	13977.5   
19194.757170	9.6848e+06	1.17289e+07	1.61442e+07	1.62388e+07	21978     	59663.7   	8893.04   	9670.65   	14018.5   
19288.390127	9.70535e+06	1.17652e+07	1.62187e+07	1.63136e+07	22028.3   	60039.3   	8918.62   	9697.98   	14059.6   
19382.023084	9.7259e+06	1.18014e+07	1.62931e+07	1.63884e+07	22078.6   	60414.8   	8944.21   	9725.32   	14100.6   
19475.656041	9.74646e+06	1.18377e+07	1.63676e+07	1.64632e+07	22128.9   	60790.4   	8969.79   	9752.66   	14141.7   
19569.288998	9.76701e+06	1.1874e+07	1.6442e+07	1.65381e+07	22179.3   	61165.9   	8995.37   	9779.99   	14182.7   
19662.921955	9.78756e+06	1.19103e+07	1.65165e+07	1.66129e+07	22229.6   	61541.5   	9020.96   	9807.33   	14223.8   
19756.554912	9.80811e+06	1.19465e+07	1.65909e+07	1.66877e+07	22279.9   	61917     	9046.54   	9834.66   	14264.8   
19850.187869	9.82867e+06	1.19828e+07	1.66654e+07	1.67625e+07	22330.2   	62292.5   	9072.12   	9862      	14305.9   
19943.820826	9.84922e+06	1.20191e+07	1.67398e+07	1.68374e+07	22380.5   	62668.1   	9097.71   	9889.34   	14346.9   
20037.453783	9.86929e+06	1.20549e+07	1.68141e+07	1.6912e+07	22430.2   	63046.1   	9123.15   	9916.47   	14387.7   
20131.086740	9.88863e+06	1.20899e+07	1.68882e+07	1.69865e+07	22479     	63427.9   	9148.38   	9943.29   	14428     
20224.719697	9.90797e+06	1.2125e+07	1.69623e+07	1.7061e+07	22527.7   	63809.6   	9173.6    	9970.11   	14468.3   
20318.352654	9.92732e+06	1.216e+07 	1.70364e+07	1.71355e+07	22576.5   	64191.4   	9198.83   	9996.92   	14508.6   
20411.985610	9.94666e+06	1.21951e+07	1.71106e+07	1.721e+07 	22625.3   	64573.2   	9224.06   	10023.7   	14548.9   
20505.618567	9.966e+06 	1.22302e+07	1.71847e+07	1.72844e+07	22674.1   	64954.9   	9249.29   	10050.6   	14589.2   
20599.251524	9.98535e+06	1.22652e+07	1.72588e+07	1.73589e+07	22722.9   	65336.7   	9274.52   	10077.4   	14629.5   
20692.884481	1.00047e+07	1.23003e+07	1.73329e+07	1.74334e+07	22771.7   	65718.5   	9299.74   	10104.2   	14669.8   
20786.517438	1.0024e+07	1.23353e+07	1.7407e+07	1.75079e+07	22820.5   	66100.2   	9324.97   	10131     	14710.1   
20880.150395	1.00434e+07	1.23704e+07	1.74811e+07	1.75824e+07	22869.3   	66482     	9350.2    	10157.8   	14750.4   
20973.783352	1.00627e+07	1.24055e+07	1.75552e+07	1.76569e+07	22918     	66863.7   	9375.43   	10184.7   	14790.7   
21067.416309	1.00813e+07	1.24397e+07	1.76291e+07	1.77311e+07	22965.8   	67250     	9400.42   	10211.1   	14830.5   
21161.049266	1.00995e+07	1.24736e+07	1.77029e+07	1.78053e+07	23013.2   	67638     	9425.33   	10237.5   	14870.1   
21254.682223	1.01177e+07	1.25076e+07	1.77767e+07	1.78794e+07	23060.6   	68026     	9450.23   	10263.9   	14909.7   
21348.315180	1.0136e+07	1.25415e+07	1.78505e+07	1.79536e+07	23108     	68414.1   	9475.14   	10290.2   	14949.4   
21441.948137	1.01542e+07	1.25754e+07	1.79243e+07	1.80277e+07	23155.4   	68802.1   	9500.05   	10316.6   	14989     
21535.581094	1.01725e+07	1.26094e+07	1.79981e+07	1.81019e+07	23202.8   	69190.1   	9524.95   	10342.9   	15028.6   
21629.214051	1.01907e+07	1.26433e+07	1.80719e+07	1.81761e+07	23250.2   	69578.1   	9549.86   	10369.3   	15068.2   
21722.847007	1.02089e+07	1.26772e+07	1.81457e+07	1.82502e+07	23297.6   	69966.1   	9574.76   	10395.6   	15107.8   
21816.479964	1.02272e+07	1.27111e+07	1.82195e+07	1.83244e+07	23345     	70354.2   	9599.67   	10422     	15147.5   
21910.112921	1.02454e+07	1.27451e+07	1.82933e+07	1.83985e+07	23392.4   	70742.2   	9624.57   	10448.3   	15187.1   
22003.745878	1.02636e+07	1.2779e+07	1.8367e+07	1.84727e+07	23439.8   	71130.4   	9649.47   	10474.7   	15226.7   
22097.378835	1.02808e+07	1.28118e+07	1.84405e+07	1.85465e+07	23485.9   	71524.6   	9674.08   	10500.6   	15265.7   
22191.011792	1.0298e+07	1.28447e+07	1.8514e+07	1.86204e+07	23532     	71918.8   	9698.69   	10526.5   	15304.7   
22284.644749	1.03153e+07	1.28776e+07	1.85875e+07	1.86942e+07	23578.1   	72313     	9723.3    	10552.5   	15343.7   
22378.277706	1.03325e+07	1.29104e+07	1.8661e+07	1.87681e+07	23624.2   	72707.2   	9747.91   	10578.4   	15382.7   
22471.910663	1.03497e+07	1.29433e+07	1.87345e+07	1.88419e+07	23670.3   	73101.4   	9772.52   	10604.3   	15421.7   
22565.543620	1.03669e+07	1.29762e+07	1.8808e+07	1.89158e+07	23716.5   	73495.6   	9797.12   	10630.3   	15460.7   
22659.176577	1.03842e+07	1.30091e+07	1.88815e+07	1.89897e+07	23762.6   	73889.7   	9821.73   	10656.2   	15499.7   
22752.809534	1.04014e+07	1.30419e+07	1.8955e+07	1.90635e+07	23808.7   	74283.9   	9846.34   	10682.1   	15538.7   
22846.442491	1.04186e+07	1.30748e+07	1.90285e+07	1.91374e+07	23854.8   	74678.1   	9870.95   	10708.1   	15577.8   
22940.075448	1.04358e+07	1.31077e+07	1.9102e+07	1.92112e+07	23900.9   	75072.3   	9895.56   	10734     	15616.8   
23033.708404	1.04527e+07	1.31402e+07	1.91754e+07	1.9285e+07	23946.6   	75468.6   	9920.07   	10759.8   	15655.6   
23127.341361	1.0469e+07	1.31721e+07	1.92486e+07	1.93585e+07	23991.5   	75868.6   	9944.41   	10785.3   	15694     
23220.974318	1.04853e+07	1.32039e+07	1.93218e+07	1.94321e+07	24036.5   	76268.5   	9968.75   	10810.9   	15732.5   
23314.607275	1.05016e+07	1.32358e+07	1.9395e+07	1.95057e+07	24081.4   	76668.5   	9993.08   	10836.4   	15770.9   
23408.240232	1.05179e+07	1.32677e+07	1.94683e+07	1.95792e+07	24126.3   	77068.5   	10017.4   	10862     	15809.4   
23501.873189	1.05342e+07	1.32996e+07	1.95415e+07	1.96528e+07	24171.2   	77468.5   	10041.8   	10887.5   	15847.8   
23595.506146	1.05505e+07	1.33315e+07	1.96147e+07	1.97264e+07	24216.2   	77868.5   	10066.1   	10913     	15886.2   
23689.139103	1.05668e+07	1.33633e+07	1.96879e+07	1.97999e+07	24261.1   	78268.4   	10090.4   	10938.6   	15924.7   
23782.772060	1.05831e+07	1.33952e+07	1.97611e+07	1.98735e+07	24306     	78668.4   	10114.8   	10964.1   	15963.1   
23876.405017	1.05994e+07	1.34271e+07	1.98343e+07	1.99471e+07	24350.9   	79068.4   	10139.1   	10989.7   	16001.6   
23970.037974	1.06156e+07	1.3459e+07	1.99075e+07	2.00206e+07	24395.9   	79468.4   	10163.4   	11015.2   	16040     
24063.670931	1.06314e+07	1.34902e+07	1.99806e+07	2.0094e+07	24440     	79872.1   	10187.6   	11040.5   	16078.1   
24157.303888	1.06468e+07	1.35212e+07	2.00535e+07	2.01673e+07	24483.9   	80277.6   	10211.7   	11065.7   	16116.1   
24250.936845	1.06622e+07	1.35521e+07	2.01265e+07	2.02406e+07	24527.7   	80683.1   	10235.8   	11090.9   	16154     
24344.569801	1.06777e+07	1.35831e+07	2.01994e+07	2.03139e+07	24571.5   	81088.7   	10259.8   	11116.1   	16191.9   
24438.202758	1.06931e+07	1.3614e+07	2.02724e+07	2.03872e+07	24615.3   	81494.2   	10283.9   	11141.3   	16229.8   
24531.835715	1.07085e+07	1.3645e+07	2.03453e+07	2.04604e+07	24659.1   	81899.7   	10308     	11166.5   	16267.8   
24625.468672	1.0724e+07	1.36759e+07	2.04183e+07	2.05337e+07	24702.9   	82305.2   	10332.1   	11191.7   	16305.7   
24719.101629	1.07394e+07	1.37068e+07	2.04912e+07	2.0607e+07	24746.8   	82710.7   	10356.2   	11216.8   	16343.6   
24812.734586	1.07548e+07	1.37378e+07	2.05642e+07	2.06803e+07	24790.6   	83116.2   	10380.2   	11242     	16381.6   
24906.367543	1.07703e+07	1.37687e+07	2.06371e+07	2.07536e+07	24834.4   	83521.7   	10404.3   	11267.2   	16419.5   
25000.000500	1.07857e+07	1.37997e+07	2.071e+07 	2.08269e+07	24878.2   	83927.2   	10428.4   	11292.4   	16457.4   
25093.633457	1.08003e+07	1.38297e+07	2.07827e+07	2.08999e+07	24921     	84338.2   	10452.2   	11317.3   	16494.9   
25187.266414	1.0815e+07	1.38598e+07	2.08554e+07	2.0973e+07	24963.8   	84749.2   	10476.1   	11342.1   	16532.4   
25280.899371	1.08296e+07	1.38899e+07	2.09281e+07	2.1046e+07	25006.6   	85160.1   	10499.9   	11367     	16569.8   
25374.532328	1.08442e+07	1.392e+07 	2.10008e+07	2.1119e+07	25049.4   	85571.1   	10523.8   	11391.9   	16607.3   
25468.165285	1.08589e+07	1.395e+07 	2.10735e+07	2.11921e+07	25092.2   	85982     	10547.6   	11416.7   	16644.7   
25561.798242	1.08735e+07	1.39801e+07	2.11462e+07	2.12651e+07	25134.9   	86393     	10571.4   	11441.6   	16682.2   
25655.431199	1.08882e+07	1.40102e+07	2.12189e+07	2.13381e+07	25177.7   	86804     	10595.3   	11466.4   	16719.6   
25749.064155	1.09028e+07	1.40402e+07	2.12916e+07	2.14111e+07	25220.5   	87214.9   	10619.1   	11491.3   	16757.1   
25842.697112	1.09175e+07	1.40703e+07	2.13643e+07	2.14842e+07	25263.3   	87625.9   	10643     	11516.2   	16794.6   
25936.330069	1.09321e+07	1.41004e+07	2.1437e+07	2.15572e+07	25306.1   	88036.9   	10666.8   	11541     	16832     
26029.963026	1.09465e+07	1.41302e+07	2.15096e+07	2.16302e+07	25348.6   	88449.6   	10690.6   	11565.8   	16869.3   
26123.595983	1.09604e+07	1.41594e+07	2.1582e+07	2.17029e+07	25390.4   	88866.1   	10714.2   	11590.4   	16906.4   
26217.228940	1.09743e+07	1.41886e+07	2.16545e+07	2.17757e+07	25432.2   	89282.5   	10737.8   	11614.9   	16943.4   
26310.861897	1.09882e+07	1.42179e+07	2.17269e+07	2.18485e+07	25474     	89699     	10761.4   	11639.5   	16980.4   
26404.494854	1.10021e+07	1.42471e+07	2.17994e+07	2.19213e+07	25515.8   	90115.5   	10785     	11664     	17017.4   
26498.127811	1.1016e+07	1.42763e+07	2.18718e+07	2.19941e+07	25557.7   	90532     	10808.7   	11688.6   	17054.4   
26591.760768	1.10299e+07	1.43056e+07	2.19443e+07	2.20668e+07	25599.5   	90948.5   	10832.3   	11713.1   	17091.5   
26685.393725	1.10439e+07	1.43348e+07	2.20167e+07	2.21396e+07	25641.3   	91365     	10855.9   	11737.7   	17128.5   
26779.026682	1.10578e+07	1.43641e+07	2.20892e+07	2.22124e+07	25683.1   	91781.5   	10879.5   	11762.3   	17165.5   
26872.659639	1.10717e+07	1.43933e+07	2.21616e+07	2.22852e+07	25724.9   	92197.9   	10903.1   	11786.8   	17202.5   
26966.292596	1.10856e+07	1.44225e+07	2.22341e+07	2.2358e+07	25766.8   	92614.4   	10926.7   	11811.4   	17239.5   
27059.925552	1.1099e+07	1.44513e+07	2.23064e+07	2.24306e+07	25808     	93034.4   	10950.2   	11835.8   	17276.3   
27153.558509	1.11123e+07	1.44797e+07	2.23786e+07	2.25031e+07	25848.9   	93456.4   	10973.6   	11860     	17312.9   
27247.191466	1.11255e+07	1.45082e+07	2.24508e+07	2.25757e+07	25889.8   	93878.4   	10997     	11884.3   	17349.5   
27340.824423	1.11387e+07	1.45366e+07	2.2523e+07	2.26482e+07	25930.7   	94300.3   	11020.4   	11908.6   	17386.1   
27434.457380	1.1152e+07	1.45651e+07	2.25953e+07	2.27208e+07	25971.7   	94722.3   	11043.8   	11932.9   	17422.7   
27528.090337	1.11652e+07	1.45936e+07	2.26675e+07	2.27933e+07	26012.6   	95144.3   	11067.2   	11957.1   	17459.4   
27621.723294	1.11784e+07	1.4622e+07	2.27397e+07	2.28659e+07	26053.5   	95566.3   	11090.6   	11981.4   	17496     
27715.356251	1.11916e+07	1.46505e+07	2.28119e+07	2.29384e+07	26094.4   	95988.2   	11114     	12005.7   	17532.6   
27808.989208	1.12049e+07	1.46789e+07	2.28841e+07	2.3011e+07	26135.3   	96410.2   	11137.4   	12030     	17569.2   
27902.622165	1.12181e+07	1.47074e+07	2.29563e+07	2.30835e+07	26176.2   	96832.2   	11160.8   	12054.2   	17605.8   
27996.255122	1.12313e+07	1.47358e+07	2.30286e+07	2.3156e+07	26217.1   	97254.2   	11184.2   	12078.5   	17642.4   
28089.888079	1.12439e+07	1.47636e+07	2.31006e+07	2.32284e+07	26257.2   	97681.2   	11207.4   	12102.5   	17678.7   
28183.521036	1.12565e+07	1.47913e+07	2.31726e+07	2.33007e+07	26297.3   	98108.4   	11230.6   	12126.5   	17714.9   
28277.153993	1.12691e+07	1.4819e+07	2.32446e+07	2.3373e+07	26337.4   	98535.7   	11253.8   	12150.5   	17751.1   
28370.786949	1.12817e+07	1.48467e+07	2.33166e+07	2.34453e+07	26377.4   	98962.9   	11277     	12174.6   	17787.4   
28464.419906	1.12943e+07	1.48744e+07	2.33886e+07	2.35176e+07	26417.5   	99390.2   	11300.2   	12198.6   	17823.6   
28558.052863	1.13069e+07	1.49021e+07	2.34606e+07	2.359e+07 	26457.5   	99817.4   	11323.4   	12222.6   	17859.8   
28651.685820	1.13195e+07	1.49299e+07	2.35326e+07	2.36623e+07	26497.6   	100245    	11346.6   	12246.6   	17896.1   
28745.318777	1.13321e+07	1.49576e+07	2.36046e+07	2.37346e+07	26537.7   	100672    	11369.8   	12270.6   	17932.3   
28838.951734	1.13447e+07	1.49853e+07	2.36765e+07	2.38069e+07	26577.7   	101099    	11393     	12294.6   	17968.5   
28932.584691	1.13573e+07	1.5013e+07	2.37485e+07	2.38792e+07	26617.8   	101526    	11416.2   	12318.6   	18004.7   
29026.217648	1.13697e+07	1.50405e+07	2.38205e+07	2.39515e+07	26657.6   	101955    	11439.3   	12342.6   	18040.9   
29119.850605	1.13817e+07	1.50675e+07	2.38923e+07	2.40236e+07	26696.9   	102387    	11462.3   	12366.3   	18076.8   
29213.483562	1.13937e+07	1.50945e+07	2.39641e+07	2.40957e+07	26736.1   	102819    	11485.3   	12390.1   	18112.6   
29307.116519	1.14057e+07	1.51216e+07	2.40358e+07	2.41678e+07	26775.4   	103252    	11508.3   	12413.8   	18148.5   
29400.749476	1.14177e+07	1.51486e+07	2.41076e+07	2.42399e+07	26814.7   	103684    	11531.3   	12437.6   	18184.4   
29494.382433	1.14298e+07	1.51756e+07	2.41794e+07	2.4312e+07	26853.9   	104116    	11554.3   	12461.4   	18220.3   
29588.015390	1.14418e+07	1.52026e+07	2.42512e+07	2.43841e+07	26893.2   	104548    	11577.3   	12485.1   	18256.1   
29681.648346	1.14538e+07	1.52296e+07	2.4323e+07	2.44562e+07	26932.4   	104981    	11600.3   	12508.9   	18292     
29775.281303	1.14658e+07	1.52566e+07	2.43948e+07	2.45283e+07	26971.7   	105413    	11623.3   	12532.6   	18327.9   
29868.914260	1.14778e+07	1.52836e+07	2.44666e+07	2.46004e+07	27010.9   	105845    	11646.3   	12556.4   	18363.8   
29962.547217	1.14898e+07	1.53106e+07	2.45383e+07	2.46725e+07	27050.2   	106277    	11669.3   	12580.2   	18399.6   
30056.180174	1.15013e+07	1.53371e+07	2.46099e+07	2.47444e+07	27088.8   	106714    	11692.1   	12603.7   	18435.2   
30149.813131	1.15125e+07	1.53631e+07	2.46814e+07	2.48162e+07	27126.9   	107153    	11714.8   	12627.1   	18470.6   
30243.446088	1.15237e+07	1.53891e+07	2.47529e+07	2.4888e+07	27165.1   	107593    	11737.5   	12650.5   	18506     
30337.079045	1.15349e+07	1.54151e+07	2.48244e+07	2.49598e+07	27203.2   	108032    	11760.2   	12673.9   	18541.3   
30430.712002	1.15461e+07	1.54412e+07	2.48959e+07	2.50316e+07	27241.4   	108472    	11782.9   	12697.4   	18576.7   
30524.344959	1.15573e+07	1.54672e+07	2.49674e+07	2.51034e+07	27279.5   	108911    	11805.6   	12720.8   	18612.1   
30617.977916	1.15685e+07	1.54932e+07	2.50389e+07	2.51751e+07	27317.6   	109351    	11828.4   	12744.2   	18647.5   
30711.610873	1.15797e+07	1.55193e+07	2.51103e+07	2.52469e+07	27355.8   	109790    	11851.1   	12767.6   	18682.9   
30805.243830	1.15909e+07	1.55453e+07	2.51818e+07	2.53187e+07	27393.9   	110230    	11873.8   	12791     	18718.2   
30898.876787	1.16021e+07	1.55713e+07	2.52533e+07	2.53905e+07	27432.1   	110669    	11896.5   	12814.4   	18753.6   
30992.509743	1.16133e+07	1.55973e+07	2.53248e+07	2.54623e+07	27470.2   	111109    	11919.2   	12837.8   	18789     
31086.142700	1.16245e+07	1.56234e+07	2.53963e+07	2.55341e+07	27508.3   	111548    	11941.9   	12861.2   	18824.4   
31179.775657	1.16357e+07	1.56494e+07	2.54678e+07	2.56059e+07	27546.5   	111988    	11964.6   	12884.7   	18859.8   
31273.408614	1.16469e+07	1.56754e+07	2.55393e+07	2.56777e+07	27584.6   	112427    	11987.3   	12908.1   	18895.1   
31367.041571	1.16581e+07	1.57015e+07	2.56108e+07	2.57495e+07	27622.8   	112867    	12010.1   	12931.5   	18930.5   
31460.674528	1.16693e+07	1.57275e+07	2.56822e+07	2.58213e+07	27660.9   	113306    	12032.8   	12954.9   	18965.9   
31554.307485	1.16806e+07	1.57535e+07	2.57537e+07	2.58931e+07	27699     	113746    	12055.5   	12978.3   	19001.3   
31647.940442	1.16918e+07	1.57795e+07	2.58252e+07	2.59649e+07	27737.2   	114185    	12078.2   	13001.7   	19036.7   
31741.573399	1.1703e+07	1.58056e+07	2.58967e+07	2.60366e+07	27775.3   	114625    	12100.9   	13025.1   	19072     
31835.206356	1.17142e+07	1.58316e+07	2.59682e+07	2.61084e+07	27813.5   	115064    	12123.6   	13048.5   	19107.4   
31928.839313	1.17254e+07	1.58576e+07	2.60397e+07	2.61802e+07	27851.6   	115504    	12146.3   	13072     	19142.8   
32022.472270	1.17363e+07	1.58834e+07	2.61111e+07	2.62519e+07	27889.4   	115946    	12169     	13095.3   	19178     
32116.105227	1.17466e+07	1.59082e+07	2.61822e+07	2.63233e+07	27926.2   	116395    	12191.3   	13118.3   	19212.8   
32209.738184	1.17568e+07	1.5933e+07	2.62533e+07	2.63947e+07	27963     	116844    	12213.7   	13141.2   	19247.6   
32303.371140	1.17671e+07	1.59578e+07	2.63244e+07	2.64661e+07	27999.8   	117293    	12236     	13164.2   	19282.4   
32397.004097	1.17773e+07	1.59826e+07	2.63955e+07	2.65375e+07	28036.5   	117742    	12258.4   	13187.2   	19317.1   
32490.637054	1.17875e+07	1.60075e+07	2.64666e+07	2.6609e+07	28073.3   	118191    	12280.7   	13210.2   	19351.9   
32584.270011	1.17978e+07	1.60323e+07	2.65377e+07	2.66804e+07	28110.1   	118640    	12303.1   	13233.2   	19386.7   
32677.902968	1.1808e+07	1.60571e+07	2.66089e+07	2.67518e+07	28146.9   	119090    	12325.4   	13256.2   	19421.5   
32771.535925	1.18183e+07	1.60819e+07	2.668e+07 	2.68232e+07	28183.6   	119539    	12347.8   	13279.2   	19456.3   
32865.168882	1.18285e+07	1.61067e+07	2.67511e+07	2.68946e+07	28220.4   	119988    	12370.2   	13302.2   	19491     
32958.801839	1.18388e+07	1.61316e+07	2.68222e+07	2.6966e+07	28257.2   	120437    	12392.5   	13325.2   	19525.8   
33052.434796	1.1849e+07	1.61564e+07	2.68933e+07	2.70374e+07	28294     	120886    	12414.9   	13348.1   	19560.6   
33146.067753	1.18592e+07	1.61812e+07	2.69644e+07	2.71088e+07	28330.8   	121335    	12437.2   	13371.1   	19595.4   
33239.700710	1.18695e+07	1.6206e+07	2.70355e+07	2.71802e+07	28367.5   	121785    	12459.6   	13394.1   	19630.1   
33333.333667	1.18797e+07	1.62308e+07	2.71066e+07	2.72516e+07	28404.3   	122234    	12481.9   	13417.1   	19664.9   
33426.966624	1.189e+07 	1.62557e+07	2.71778e+07	2.7323e+07	28441.1   	122683    	12504.3   	13440.1   	19699.7   
33520.599581	1.19002e+07	1.62805e+07	2.72489e+07	2.73944e+07	28477.9   	123132    	12526.6   	13463.1   	19734.5   
33614.232537	1.19105e+07	1.63053e+07	2.732e+07 	2.74658e+07	28514.7   	123581    	12549     	13486.1   	19769.2   
33707.865494	1.19207e+07	1.63301e+07	2.73911e+07	2.75372e+07	28551.4   	124030    	12571.4   	13509.1   	19804     
33801.498451	1.19309e+07	1.63549e+07	2.74622e+07	2.76086e+07	28588.2   	124479    	12593.7   	13532.1   	19838.8   
33895.131408	1.19412e+07	1.63798e+07	2.75333e+07	2.768e+07 	28625     	124929    	12616.1   	13555     	19873.6   
33988.764365	1.19514e+07	1.64046e+07	2.76044e+07	2.77514e+07	28661.8   	125378    	12638.4   	13578     	19908.4   
34082.397322	1.19609e+07	1.64284e+07	2.76752e+07	2.78225e+07	28697.5   	125835    	12660.5   	13600.7   	19942.7   
34176.030279	1.19703e+07	1.64522e+07	2.7746e+07	2.78936e+07	28733     	126294    	12682.5   	13623.3   	19976.9   
34269.663236	1.19797e+07	1.64759e+07	2.78168e+07	2.79646e+07	28768.6   	126752    	12704.5   	13645.9   	20011.1   
34363.296193	1.19891e+07	1.64996e+07	2.78875e+07	2.80357e+07	28804.1   	127211    	12726.5   	13668.5   	20045.3   
34456.929150	1.19985e+07	1.65233e+07	2.79583e+07	2.81067e+07	28839.7   	127670    	12748.5   	13691.1   	20079.6   
34550.562107	1.20079e+07	1.65471e+07	2.80291e+07	2.81778e+07	28875.2   	128128    	12770.5   	13713.7   	20113.8   
34644.195064	1.20173e+07	1.65708e+07	2.80998e+07	2.82488e+07	28910.8   	128587    	12792.5   	13736.3   	20148     
34737.828021	1.20267e+07	1.65945e+07	2.81706e+07	2.83199e+07	28946.3   	129045    	12814.6   	13758.9   	20182.3   
34831.460978	1.20361e+07	1.66182e+07	2.82414e+07	2.83909e+07	28981.9   	129504    	12836.6   	13781.5   	20216.5   
34925.093934	1.20455e+07	1.6642e+07	2.83121e+07	2.8462e+07	29017.4   	129963    	12858.6   	13804.1   	20250.7   
35018.726891	1.20549e+07	1.66657e+07	2.83829e+07	2.8533e+07	29052.9   	130421    	12880.6   	13826.7   	20285     
35112.359848	1.20643e+07	1.66894e+07	2.84537e+07	2.86041e+07	29088.5   	130880    	12902.6   	13849.3   	20319.2   
35205.992805	1.20737e+07	1.67131e+07	2.85244e+07	2.86751e+07	29124     	131338    	12924.6   	13871.9   	20353.4   
35299.625762	1.20831e+07	1.67368e+07	2.85952e+07	2.87462e+07	29159.6   	131797    	12946.6   	13894.5   	20387.6   
35393.258719	1.20925e+07	1.67606e+07	2.8666e+07	2.88172e+07	29195.1   	132256    	12968.6   	13917.1   	20421.9   
35486.891676	1.21019e+07	1.67843e+07	2.87367e+07	2.88883e+07	29230.7   	132714    	12990.7   	13939.7   	20456.1   
35580.524633	1.21113e+07	1.6808e+07	2.88075e+07	2.89593e+07	29266.2   	133173    	13012.7   	13962.3   	20490.3   
35674.157590	1.21207e+07	1.68317e+07	2.88783e+07	2.90304e+07	29301.8   	133631    	13034.7   	13984.9   	20524.6   
35767.790547	1.21301e+07	1.68555e+07	2.8949e+07	2.91014e+07	29337.3   	134090    	13056.7   	14007.5   	20558.8   
35861.423504	1.21395e+07	1.68792e+07	2.90198e+07	2.91725e+07	29372.9   	134549    	13078.7   	14030.1   	20593     
35955.056461	1.21489e+07	1.69029e+07	2.90906e+07	2.92435e+07	29408.4   	135007    	13100.7   	14052.7   	20627.2   
36048.689418	1.21579e+07	1.69261e+07	2.91612e+07	2.93144e+07	29443.4   	135470    	13122.6   	14075.1   	20661.2   
36142.322375	1.21666e+07	1.69488e+07	2.92316e+07	2.93851e+07	29477.8   	135938    	13144.2   	14097.3   	20694.9   
36235.955331	1.21752e+07	1.69716e+07	2.93021e+07	2.94558e+07	29512.3   	136405    	13165.9   	14119.6   	20728.6   
36329.588288	1.21839e+07	1.69943e+07	2.93725e+07	2.95265e+07	29546.7   	136873    	13187.6   	14141.8   	20762.4   
36423.221245	1.21925e+07	1.7017e+07	2.9443e+07	2.95972e+07	29581.1   	137340    	13209.3   	14164     	20796.1   
36516.854202	1.22012e+07	1.70397e+07	2.95134e+07	2.9668e+07	29615.6   	137808    	13231     	14186.3   	20829.8   
36610.487159	1.22098e+07	1.70624e+07	2.95839e+07	2.97387e+07	29650     	138275    	13252.6   	14208.5   	20863.5   
36704.120116	1.22185e+07	1.70852e+07	2.96543e+07	2.98094e+07	29684.4   	138742    	13274.3   	14230.7   	20897.2   
36797.753073	1.22272e+07	1.71079e+07	2.97248e+07	2.98801e+07	29718.9   	139210    	13296     	14253     	20931     
36891.386030	1.22358e+07	1.71306e+07	2.97952e+07	2.99508e+07	29753.3   	139677    	13317.7   	14275.2   	20964.7   
36985.018987	1.22445e+07	1.71533e+07	2.98657e+07	3.00215e+07	29787.7   	140145    	13339.4   	14297.5   	20998.4   
37078.651944	1.22531e+07	1.7176e+07	2.99361e+07	3.00922e+07	29822.2   	140612    	13361     	14319.7   	21032.1   
37172.284901	1.22618e+07	1.71988e+07	3.00066e+07	3.0163e+07	29856.6   	141080    	13382.7   	14341.9   	21065.8   
37265.917858	1.22704e+07	1.72215e+07	3.0077e+07	3.02337e+07	29891     	141547    	13404.4   	14364.2   	21099.6   
37359.550815	1.22791e+07	1.72442e+07	3.01474e+07	3.03044e+07	29925.5   	142014    	13426.1   	14386.4   	21133.3   
37453.183772	1.22877e+07	1.72669e+07	3.02179e+07	3.03751e+07	29959.9   	142482    	13447.8   	14408.6   	21167     
37546.816728	1.22964e+07	1.72897e+07	3.02883e+07	3.04458e+07	29994.3   	142949    	13469.4   	14430.9   	21200.7   
37640.449685	1.2305e+07	1.73124e+07	3.03588e+07	3.05165e+07	30028.8   	143417    	13491.1   	14453.1   	21234.4   
37734.082642	1.23137e+07	1.73351e+07	3.04292e+07	3.05872e+07	30063.2   	143884    	13512.8   	14475.3   	21268.2   
37827.715599	1.23223e+07	1.73578e+07	3.04997e+07	3.0658e+07	30097.6   	144352    	13534.5   	14497.6   	21301.9   
37921.348556	1.2331e+07	1.73805e+07	3.05701e+07	3.07287e+07	30132.1   	144819    	13556.2   	14519.8   	21335.6   
38014.981513	1.23395e+07	1.74031e+07	3.06405e+07	3.07993e+07	30166.3   	145288    	13577.8   	14542     	21369.2   
38108.614470	1.23475e+07	1.74249e+07	3.07107e+07	3.08697e+07	30199.7   	145763    	13599.1   	14563.9   	21402.5   
38202.247427	1.23555e+07	1.74467e+07	3.07808e+07	3.09401e+07	30233.2   	146239    	13620.5   	14585.8   	21435.7   
38295.880384	1.23635e+07	1.74685e+07	3.0851e+07	3.10106e+07	30266.6   	146715    	13641.9   	14607.7   	21469     
38389.513341	1.23715e+07	1.74903e+07	3.09211e+07	3.1081e+07	30300     	147190    	13663.2   	14629.6   	21502.2   
38483.146298	1.23795e+07	1.75121e+07	3.09913e+07	3.11514e+07	30333.4   	147666    	13684.6   	14651.5   	21535.5   
38576.779255	1.23875e+07	1.75339e+07	3.10614e+07	3.12218e+07	30366.8   	148141    	13705.9   	14673.4   	21568.7   
38670.412212	1.23955e+07	1.75557e+07	3.11316e+07	3.12922e+07	30400.2   	148617    	13727.3   	14695.3   	21602     
38764.045169	1.24035e+07	1.75775e+07	3.12017e+07	3.13626e+07	30433.6   	149093    	13748.6   	14717.2   	21635.2   
38857.678125	1.24115e+07	1.75993e+07	3.12719e+07	3.1433e+07	30467.1   	149568    	13770     	14739.1   	21668.5   
38951.311082	1.24195e+07	1.76211e+07	3.1342e+07	3.15034e+07	30500.5   	150044    	13791.4   	14761     	21701.7   
39044.944039	1.24275e+07	1.76429e+07	3.14122e+07	3.15738e+07	30533.9   	150519    	13812.7   	14782.9   	21734.9   
39138.576996	1.24355e+07	1.76647e+07	3.14823e+07	3.16442e+07	30567.3   	150995    	13834.1   	14804.8   	21768.2   
39232.209953	1.24434e+07	1.76865e+07	3.15525e+07	3.17146e+07	30600.7   	151471    	13855.4   	14826.7   	21801.4   
39325.842910	1.24514e+07	1.77084e+07	3.16226e+07	3.1785e+07	30634.1   	151946    	13876.8   	14848.6   	21834.7   
39419.475867	1.24594e+07	1.77302e+07	3.16928e+07	3.18554e+07	30667.5   	152422    	13898.1   	14870.5   	21867.9   
39513.108824	1.24674e+07	1.7752e+07	3.17629e+07	3.19258e+07	30701     	152897    	13919.5   	14892.4   	21901.2   
39606.741781	1.24754e+07	1.77738e+07	3.18331e+07	3.19962e+07	30734.4   	153373    	13940.9   	14914.3   	21934.4   
39700.374738	1.24834e+07	1.77956e+07	3.19032e+07	3.20666e+07	30767.8   	153848    	13962.2   	14936.2   	21967.7   
39794.007695	1.24914e+07	1.78174e+07	3.19734e+07	3.2137e+07	30801.2   	154324    	13983.6   	14958     	22000.9   
39887.640652	1.24994e+07	1.78392e+07	3.20435e+07	3.22074e+07	30834.6   	154800    	14004.9   	14979.9   	22034.2   
39981.273609	1.25074e+07	1.7861e+07	3.21137e+07	3.22778e+07	30868     	155275    	14026.3   	15001.8   	22067.4   
40074.906566	1.25149e+07	1.78821e+07	3.21836e+07	3.2348e+07	30900.7   	155757    	14047.4   	15023.5   	22100.3   
40168.539522	1.25223e+07	1.79031e+07	3.22535e+07	3.24181e+07	30933.2   	156241    	14068.4   	15045.1   	22133.1   
40262.172479	1.25297e+07	1.7924e+07	3.23233e+07	3.24882e+07	30965.7   	156724    	14089.5   	15066.6   	22165.9   
40355.805436	1.25371e+07	1.7945e+07	3.23932e+07	3.25583e+07	30998.1   	157207    	14110.5   	15088.2   	22198.7   
40449.438393	1.25445e+07	1.79659e+07	3.24631e+07	3.26284e+07	31030.6   	157691    	14131.6   	15109.8   	22231.5   
40543.071350	1.25519e+07	1.79869e+07	3.2533e+07	3.26985e+07	31063.1   	158174    	14152.6   	15131.4   	22264.3   
40636.704307	1.25593e+07	1.80078e+07	3.26028e+07	3.27686e+07	31095.6   	158658    	14173.7   	15152.9   	22297.1   
40730.337264	1.25667e+07	1.80288e+07	3.26727e+07	3.28388e+07	31128.1   	159141    	14194.7   	15174.5   	22329.9   
40823.970221	1.25741e+07	1.80498e+07	3.27426e+07	3.29089e+07	31160.5   	159624    	14215.8   	15196.1   	22362.7   
40917.603178	1.25815e+07	1.80707e+07	3.28124e+07	3.2979e+07	31193     	160108    	14236.8   	15217.7   	22395.5   
41011.236135	1.25889e+07	1.80917e+07	3.28823e+07	3.30491e+07	31225.5   	160591    	14257.8   	15239.3   	22428.3   
41104.869092	1.25963e+07	1.81126e+07	3.29522e+07	3.31192e+07	31258     	161075    	14278.9   	15260.8   	22461.1   
41198.502049	1.26037e+07	1.81336e+07	3.30221e+07	3.31893e+07	31290.4   	161558    	14299.9   	15282.4   	22493.9   
41292.135006	1.26111e+07	1.81545e+07	3.30919e+07	3.32594e+07	31322.9   	162042    	14321     	15304     	22526.7   
41385.767963	1.26185e+07	1.81755e+07	3.31618e+07	3.33295e+07	31355.4   	162525    	14342     	15325.6   	22559.5   
41479.400919	1.26259e+07	1.81965e+07	3.32317e+07	3.33996e+07	31387.9   	163008    	14363.1   	15347.1   	22592.3   
41573.033876	1.26333e+07	1.82174e+07	3.33015e+07	3.34697e+07	31420.4   	163492    	14384.1   	15368.7   	22625.1   
41666.666833	1.26407e+07	1.82384e+07	3.33714e+07	3.35399e+07	31452.8   	163975    	14405.2   	15390.3   	22657.9   
41760.299790	1.26481e+07	1.82593e+07	3.34413e+07	3.361e+07 	31485.3   	164459    	14426.2   	15411.9   	22690.7   
41853.932747	1.26555e+07	1.82803e+07	3.35112e+07	3.36801e+07	31517.8   	164942    	14447.3   	15433.4   	22723.5   
41947.565704	1.26629e+07	1.83012e+07	3.3581e+07	3.37502e+07	31550.3   	165425    	14468.3   	15455     	22756.3   
42041.198661	1.26701e+07	1.83219e+07	3.36508e+07	3.38202e+07	31582.4   	165912    	14489.2   	15476.5   	22788.9   
42134.831618	1.2677e+07	1.8342e+07	3.37204e+07	3.389e+07 	31614     	166403    	14510     	15497.7   	22821.3   
42228.464575	1.26839e+07	1.83622e+07	3.379e+07 	3.39599e+07	31645.6   	166894    	14530.7   	15519     	22853.7   
42322.097532	1.26907e+07	1.83824e+07	3.38596e+07	3.40297e+07	31677.2   	167385    	14551.4   	15540.3   	22886     
42415.730489	1.26976e+07	1.84026e+07	3.39292e+07	3.40995e+07	31708.9   	167877    	14572.2   	15561.6   	22918.4   
42509.363446	1.27045e+07	1.84228e+07	3.39988e+07	3.41694e+07	31740.5   	168368    	14592.9   	15582.8   	22950.8   
42602.996403	1.27114e+07	1.84429e+07	3.40684e+07	3.42392e+07	31772.1   	168859    	14613.7   	15604.1   	22983.2   
42696.629360	1.27182e+07	1.84631e+07	3.41381e+07	3.4309e+07	31803.7   	169350    	14634.4   	15625.4   	23015.6   
42790.262316	1.27251e+07	1.84833e+07	3.42077e+07	3.43789e+07	31835.3   	169841    	14655.2   	15646.7   	23047.9   
42883.895273	1.2732e+07	1.85035e+07	3.42773e+07	3.44487e+07	31866.9   	170332    	14675.9   	15667.9   	23080.3   
42977.528230	1.27388e+07	1.85236e+07	3.43469e+07	3.45185e+07	31898.6   	170823    	14696.6   	15689.2   	23112.7   
43071.161187	1.27457e+07	1.85438e+07	3.44165e+07	3.45884e+07	31930.2   	171314    	14717.4   	15710.5   	23145.1   
43164.794144	1.27526e+07	1.8564e+07	3.44861e+07	3.46582e+07	31961.8   	171805    	14738.1   	15731.8   	23177.4   
43258.427101	1.27595e+07	1.85842e+07	3.45557e+07	3.4728e+07	31993.4   	172296    	14758.9   	15753     	23209.8   
43352.060058	1.27663e+07	1.86043e+07	3.46253e+07	3.47979e+07	32025     	172788    	14779.6   	15774.3   	23242.2   
43445.693015	1.27732e+07	1.86245e+07	3.46949e+07	3.48677e+07	32056.6   	173279    	14800.4   	15795.6   	23274.6   
43539.325972	1.27801e+07	1.86447e+07	3.47645e+07	3.49375e+07	32088.3   	173770    	14821.1   	15816.8   	23307     
43632.958929	1.2787e+07	1.86649e+07	3.48342e+07	3.50074e+07	32119.9   	174261    	14841.8   	15838.1   	23339.3   
43726.591886	1.27938e+07	1.86851e+07	3.49038e+07	3.50772e+07	32151.5   	174752    	14862.6   	15859.4   	23371.7   
43820.224843	1.28007e+07	1.87052e+07	3.49734e+07	3.5147e+07	32183.1   	175243    	14883.3   	15880.7   	23404.1   
43913.857800	1.28076e+07	1.87254e+07	3.5043e+07	3.52169e+07	32214.7   	175734    	14904.1   	15901.9   	23436.5   
44007.490757	1.28144e+07	1.87455e+07	3.51126e+07	3.52867e+07	32246.3   	176226    	14924.8   	15923.2   	23468.8   
44101.123713	1.28208e+07	1.8765e+07	3.51819e+07	3.53563e+07	32277.1   	176725    	14945.2   	15944.2   	23500.8   
44194.756670	1.28272e+07	1.87844e+07	3.52513e+07	3.54258e+07	32307.9   	177223    	14965.7   	15965.2   	23532.8   
44288.389627	1.28336e+07	1.88039e+07	3.53207e+07	3.54954e+07	32338.7   	177722    	14986.1   	15986.1   	23564.8   
44382.022584	1.284e+07 	1.88233e+07	3.539e+07 	3.5565e+07	32369.5   	178221    	15006.6   	16007.1   	23596.7   
44475.655541	1.28464e+07	1.88428e+07	3.54594e+07	3.56346e+07	32400.4   	178720    	15027     	16028.1   	23628.7   
44569.288498	1.28528e+07	1.88623e+07	3.55288e+07	3.57041e+07	32431.2   	179218    	15047.5   	16049.1   	23660.7   
44662.921455	1.28592e+07	1.88817e+07	3.55981e+07	3.57737e+07	32462     	179717    	15067.9   	16070.1   	23692.7   
44756.554412	1.28656e+07	1.89012e+07	3.56675e+07	3.58433e+07	32492.8   	180216    	15088.4   	16091.1   	23724.6   
44850.187369	1.2872e+07	1.89206e+07	3.57368e+07	3.59129e+07	32523.6   	180714    	15108.8   	16112.1   	23756.6   
44943.820326	1.28784e+07	1.89401e+07	3.58062e+07	3.59825e+07	32554.5   	181213    	15129.3   	16133     	23788.6   
45037.453283	1.28848e+07	1.89595e+07	3.58756e+07	3.6052e+07	32585.3   	181712    	15149.7   	16154     	23820.6   
45131.086240	1.28912e+07	1.8979e+07	3.59449e+07	3.61216e+07	32616.1   	182211    	15170.2   	16175     	23852.6   
45224.719197	1.28976e+07	1.89984e+07	3.60143e+07	3.61912e+07	32646.9   	182709    	15190.6   	16196     	23884.5   
45318.352154	1.2904e+07	1.90179e+07	3.60837e+07	3.62608e+07	32677.7   	183208    	15211.1   	16217     	23916.5   
45411.985110	1.29104e+07	1.90374e+07	3.6153e+07	3.63303e+07	32708.5   	183707    	15231.5   	16238     	23948.5   
45505.618067	1.29168e+07	1.90568e+07	3.62224e+07	3.63999e+07	32739.4   	184206    	15252     	16258.9   	23980.5   
45599.251024	1.29232e+07	1.90763e+07	3.62917e+07	3.64695e+07	32770.2   	184704    	15272.4   	16279.9   	24012.4   
45692.883981	1.29296e+07	1.90957e+07	3.63611e+07	3.65391e+07	32801     	185203    	15292.9   	16300.9   	24044.4   
45786.516938	1.2936e+07	1.91152e+07	3.64305e+07	3.66086e+07	32831.8   	185702    	15313.3   	16321.9   	24076.4   
45880.149895	1.29424e+07	1.91346e+07	3.64998e+07	3.66782e+07	32862.6   	186201    	15333.8   	16342.9   	24108.4   
45973.782852	1.29488e+07	1.91541e+07	3.65692e+07	3.67478e+07	32893.4   	186699    	15354.2   	16363.9   	24140.4   
46067.415809	1.29548e+07	1.9173e+07	3.66384e+07	3.68172e+07	32923.7   	187204    	15374.4   	16384.6   	24172.1   
46161.048766	1.29608e+07	1.91918e+07	3.67075e+07	3.68865e+07	32953.8   	187710    	15394.6   	16405.3   	24203.6   
46254.681723	1.29668e+07	1.92106e+07	3.67766e+07	3.69558e+07	32983.9   	188216    	15414.8   	16426     	24235.2   
46348.314680	1.29727e+07	1.92294e+07	3.68458e+07	3.70252e+07	33013.9   	188723    	15434.9   	16446.8   	24266.8   
46441.947637	1.29787e+07	1.92482e+07	3.69149e+07	3.70945e+07	33044     	189229    	15455.1   	16467.5   	24298.4   
46535.580594	1.29847e+07	1.9267e+07	3.6984e+07	3.71638e+07	33074.1   	189735    	15475.2   	16488.2   	24330     
46629.213551	1.29906e+07	1.92857e+07	3.70532e+07	3.72331e+07	33104.2   	190242    	15495.4   	16508.9   	24361.6   
46722.846507	1.29966e+07	1.93045e+07	3.71223e+07	3.73025e+07	33134.2   	190748    	15515.6   	16529.6   	24393.2   
46816.479464	1.30026e+07	1.93233e+07	3.71914e+07	3.73718e+07	33164.3   	191255    	15535.7   	16550.3   	24424.8   
46910.112421	1.30085e+07	1.93421e+07	3.72605e+07	3.74411e+07	33194.4   	191761    	15555.9   	16571     	24456.4   
47003.745378	1.30145e+07	1.93609e+07	3.73297e+07	3.75105e+07	33224.5   	192267    	15576     	16591.7   	24488     
47097.378335	1.30205e+07	1.93797e+07	3.73988e+07	3.75798e+07	33254.5   	192774    	15596.2   	16612.4   	24519.6   
47191.011292	1.30265e+07	1.93984e+07	3.74679e+07	3.76491e+07	33284.6   	193280    	15616.4   	16633.1   	24551.2   
47284.644249	1.30324e+07	1.94172e+07	3.75371e+07	3.77185e+07	33314.7   	193786    	15636.5   	16653.8   	24582.7   
47378.277206	1.30384e+07	1.9436e+07	3.76062e+07	3.77878e+07	33344.7   	194293    	15656.7   	16674.5   	24614.3   
47471.910163	1.30444e+07	1.94548e+07	3.76753e+07	3.78571e+07	33374.8   	194799    	15676.8   	16695.2   	24645.9   
47565.543120	1.30503e+07	1.94736e+07	3.77444e+07	3.79264e+07	33404.9   	195306    	15697     	16715.9   	24677.5   
47659.176077	1.30563e+07	1.94924e+07	3.78136e+07	3.79958e+07	33435     	195812    	15717.2   	16736.6   	24709.1   
47752.809034	1.30623e+07	1.95111e+07	3.78827e+07	3.80651e+07	33465     	196318    	15737.3   	16757.3   	24740.7   
47846.441991	1.30682e+07	1.95299e+07	3.79518e+07	3.81344e+07	33495.1   	196825    	15757.5   	16778     	24772.3   
47940.074948	1.30742e+07	1.95487e+07	3.8021e+07	3.82038e+07	33525.2   	197331    	15777.6   	16798.7   	24803.9   
48033.707904	1.308e+07 	1.95673e+07	3.809e+07 	3.8273e+07	33555     	197840    	15797.7   	16819.3   	24835.3   
48127.340861	1.30856e+07	1.95854e+07	3.81589e+07	3.83421e+07	33584.4   	198354    	15817.6   	16839.8   	24866.6   
48220.973818	1.30912e+07	1.96036e+07	3.82278e+07	3.84112e+07	33613.8   	198868    	15837.5   	16860.2   	24897.8   
48314.606775	1.30968e+07	1.96217e+07	3.82967e+07	3.84803e+07	33643.1   	199382    	15857.3   	16880.7   	24929     
48408.239732	1.31023e+07	1.96399e+07	3.83656e+07	3.85494e+07	33672.5   	199895    	15877.2   	16901.1   	24960.2   
48501.872689	1.31079e+07	1.96581e+07	3.84345e+07	3.86185e+07	33701.9   	200409    	15897.1   	16921.5   	24991.4   
48595.505646	1.31135e+07	1.96762e+07	3.85034e+07	3.86876e+07	33731.3   	200923    	15917     	16942     	25022.7   
48689.138603	1.31191e+07	1.96944e+07	3.85724e+07	3.87567e+07	33760.7   	201437    	15936.8   	16962.4   	25053.9   
48782.771560	1.31247e+07	1.97125e+07	3.86413e+07	3.88258e+07	33790     	201951    	15956.7   	16982.8   	25085.1   
48876.404517	1.31302e+07	1.97307e+07	3.87102e+07	3.88949e+07	33819.4   	202465    	15976.6   	17003.3   	25116.3   
48970.037474	1.31358e+07	1.97489e+07	3.87791e+07	3.8964e+07	33848.8   	202978    	15996.5   	17023.7   	25147.5   
49063.670431	1.31414e+07	1.9767e+07	3.8848e+07	3.9033e+07	33878.2   	203492    	16016.3   	17044.1   	25178.8   
49157.303388	1.3147e+07	1.97852e+07	3.89169e+07	3.91021e+07	33907.6   	204006    	16036.2   	17064.6   	25210     
49250.936345	1.31526e+07	1.98033e+07	3.89858e+07	3.91712e+07	33936.9   	204520    	16056.1   	17085     	25241.2   
49344.569301	1.31581e+07	1.98215e+07	3.90547e+07	3.92403e+07	33966.3   	205034    	16076     	17105.4   	25272.4   
49438.202258	1.31637e+07	1.98396e+07	3.91236e+07	3.93094e+07	33995.7   	205548    	16095.9   	17125.9   	25303.7   
49531.835215	1.31693e+07	1.98578e+07	3.91925e+07	3.93785e+07	34025.1   	206061    	16115.7   	17146.3   	25334.9   
49625.468172	1.31749e+07	1.9876e+07	3.92614e+07	3.94476e+07	34054.5   	206575    	16135.6   	17166.8   	25366.1   
49719.101129	1.31804e+07	1.98941e+07	3.93303e+07	3.95167e+07	34083.8   	207089    	16155.5   	17187.2   	25397.3   
49812.734086	1.3186e+07	1.99123e+07	3.93992e+07	3.95858e+07	34113.2   	207603    	16175.4   	17207.6   	25428.5   
49906.367043	1.31916e+07	1.99304e+07	3.94681e+07	3.96549e+07	34142.6   	208117    	16195.2   	17228.1   	25459.8   
50000.000000	1.31972e+07	1.99486e+07	3.95371e+07	3.9724e+07	34172     	208630    	16215.1   	17248.5   	25491     
