Energy (MeV/u)	0 - [He-base] F.Hubert et al, AD&ND Tables 46(1990)1	1 - [H -base] J.F.Ziegler et al, Pergamon Press, NY (low energy)	2 - ATIMA 1.2  LS-theory (recommended for high energy)	3 - ATIMA 1.2  without LS-correction	4 - Range straggling - method [0] - LISE	5 - Range straggling - method [1] - Atima	6 - Lateral range - method [0] - LISE	7 - Lateral range - method [1] - Atima	8 - Lateral range - method [2] - PDG
0.001000	0.0779857 	0.0779857 	0.103081  	0.103081  	-	-	0.000521227	0.000787206	0.000461655
93.633957	13592.2   	13356     	13365.6   	13381.4   	72.9673   	36.2574   	59.8297   	51.1302   	62.147    
187.266914	44226.4   	43687.1   	43548     	43681.8   	228.563   	108.84    	186.898   	155.714   	198.751   
280.899871	86504.1   	85455.7   	85240.3   	85577.1   	427.743   	202.372   	351.913   	292.258   	382.878   
374.532828	137162    	135535    	135360    	135967    	649.737   	309.482   	538.717   	449.21    	598.704   
468.165785	194279    	191862    	191802    	192732    	882.359   	425.807   	737.41    	619.181   	835.651   
561.798742	256509    	253025    	253088    	254379    	1118.22   	548.59    	941.744   	797.227   	1086.44   
655.431699	322820    	317975    	318115    	319798    	1352.85   	676.024   	1147.67   	979.893   	1345.86   
749.064655	392403    	385920    	386066    	388166    	1583.71   	806.947   	1352.67   	1164.82   	1610.28   
842.697612	464615    	456248    	456316    	458854    	1809.3    	940.543   	1555.14   	1350.37   	1877.08   
936.330569	538959    	528500    	528408    	531398    	2028.78   	1076.29   	1754.05   	1535.36   	2144.41   
1029.963526	615002    	602290    	601964    	605414    	2241.78   	1213.87   	1948.8    	1718.98   	2410.89   
1123.596483	692383    	677300    	676673    	680595    	2448.14   	1352.79   	2139.04   	1900.63   	2675.5    
1217.229440	770815    	753288    	752312    	756712    	2647.93   	1493.01   	2324.6    	2079.89   	2937.54   
1310.862397	850048    	830044    	828690    	833571    	2841.26   	1634.42   	2505.42   	2256.5    	3196.49   
1404.495354	929865    	907390    	905648    	911013    	3028.4    	1776.84   	2681.56   	2430.28   	3452.01   
1498.128311	1.01009e+06	985183    	983065    	988914    	3209.61   	1920.18   	2853.12   	2601.12   	3703.86   
1591.761268	1.09056e+06	1.0633e+06	1.06084e+06	1.06717e+06	3385.08   	2064.39   	3020.18   	2768.94   	3951.84   
1685.394225	1.17116e+06	1.14164e+06	1.13887e+06	1.14569e+06	3555.14   	2209.34   	3182.91   	2933.74   	4195.9    
1779.027182	1.25175e+06	1.22011e+06	1.2171e+06	1.22442e+06	3719.89   	2354.95   	3341.34   	3095.44   	4435.87   
1872.660139	1.33225e+06	1.29862e+06	1.29547e+06	1.30328e+06	3879.91   	2501.22   	3495.88   	3254.24   	4671.98   
1966.293096	1.41258e+06	1.37713e+06	1.37393e+06	1.38223e+06	4035.35   	2648.24   	3646.6    	3410.13   	4904.18   
2059.926052	1.49261e+06	1.45556e+06	1.45245e+06	1.46123e+06	4185.96   	2796.11   	3793.26   	3562.84   	5132.07   
2153.559009	1.57236e+06	1.53388e+06	1.53098e+06	1.54024e+06	4332.86   	2944.65   	3936.78   	3713.03   	5356.52   
2247.191966	1.65173e+06	1.61205e+06	1.60949e+06	1.61924e+06	4475.85   	3093.9    	4076.94   	3860.5    	5577.24   
2340.824923	1.73069e+06	1.69002e+06	1.68797e+06	1.6982e+06	4615.11   	3243.85   	4213.9    	4005.32   	5794.3    
2434.457880	1.80919e+06	1.76777e+06	1.7664e+06	1.77711e+06	4750.85   	3394.46   	4347.79   	4147.55   	6007.79   
2528.090837	1.8872e+06	1.84527e+06	1.84475e+06	1.85594e+06	4883.23   	3545.7    	4478.76   	4287.29   	6217.8    
2621.723794	1.96469e+06	1.92249e+06	1.92301e+06	1.93467e+06	5012.41   	3697.55   	4606.91   	4424.58   	6424.4    
2715.356751	2.04163e+06	1.99942e+06	2.00117e+06	2.0133e+06	5138.53   	3849.98   	4732.38   	4559.51   	6627.69   
2808.989708	2.118e+06 	2.07604e+06	2.07921e+06	2.09181e+06	5261.74   	4003.01   	4855.27   	4692.15   	6827.74   
2902.622665	2.19378e+06	2.15233e+06	2.15713e+06	2.1702e+06	5382.18   	4156.65   	4975.69   	4822.56   	7024.66   
2996.255622	2.26894e+06	2.22827e+06	2.23491e+06	2.24845e+06	5499.87   	4310.93   	5093.66   	4950.72   	7218.41   
3089.888579	2.34313e+06	2.30366e+06	2.31249e+06	2.32648e+06	5613.75   	4466.2    	5208.19   	5075.72   	7407.64   
3183.521536	2.41728e+06	2.37903e+06	2.39005e+06	2.4045e+06	5727.46   	4621.5    	5322.58   	5200.58   	7596.69   
3277.154493	2.49031e+06	2.45374e+06	2.46736e+06	2.48227e+06	5837.15   	4777.94   	5433.34   	5322.01   	7780.85   
3370.787449	2.56309e+06	2.52831e+06	2.54461e+06	2.55998e+06	5945.99   	4934.62   	5543.31   	5442.71   	7963.97   
3464.420406	2.63492e+06	2.60232e+06	2.62165e+06	2.63747e+06	6051.76   	5092.24   	5650.5    	5560.73   	8143.25   
3558.053363	2.70631e+06	2.67607e+06	2.69858e+06	2.71486e+06	6156.16   	5250.29   	5756.43   	5677.54   	8320.8    
3651.686320	2.77692e+06	2.74936e+06	2.77534e+06	2.79206e+06	6258.31   	5409.09   	5860.31   	5792.35   	8495.48   
3745.319277	2.84691e+06	2.82227e+06	2.85195e+06	2.86912e+06	6358.65   	5568.49   	5962.52   	5905.54   	8667.82   
3838.952234	2.91631e+06	2.89483e+06	2.92843e+06	2.94605e+06	6457.45   	5728.45   	6063.32   	6017.31   	8838.12   
3932.585191	2.98489e+06	2.96689e+06	3.00472e+06	3.02278e+06	6554.08   	5889.19   	6162.13   	6127.11   	9005.57   
4026.218148	3.05308e+06	3.03871e+06	3.08091e+06	3.09942e+06	6649.75   	6050.3    	6260.05   	6236.02   	9171.74   
4119.851105	3.12027e+06	3.10992e+06	3.15688e+06	3.17582e+06	6742.98   	6212.36   	6355.71   	6342.64   	9334.6    
4213.484062	3.18725e+06	3.18101e+06	3.2328e+06	3.25218e+06	6835.74   	6374.61   	6450.95   	6448.84   	9496.84   
4307.117019	3.25305e+06	3.25136e+06	3.30844e+06	3.32826e+06	6925.82   	6537.98   	6543.7    	6552.49   	9655.4    
4400.749976	3.31884e+06	3.32171e+06	3.38408e+06	3.40433e+06	7015.88   	6701.36   	6636.43   	6656.12   	9813.92   
4494.382933	3.38327e+06	3.39121e+06	3.45941e+06	3.48009e+06	7103.05   	6866.02   	6726.49   	6756.99   	9968.41   
4588.015890	3.4477e+06	3.46071e+06	3.53474e+06	3.55585e+06	7190.22   	7030.69   	6816.55   	6857.85   	10122.9   
4681.648846	3.51096e+06	3.52948e+06	3.6098e+06	3.63134e+06	7275.04   	7196.48   	6904.44   	6956.44   	10274.1   
4775.281803	3.57405e+06	3.59814e+06	3.68482e+06	3.70678e+06	7359.51   	7362.43   	6992      	7054.69   	10424.8   
4868.914760	3.63617e+06	3.66618e+06	3.75961e+06	3.782e+06 	7442.14   	7529.33   	7077.86   	7151.13   	10572.8   
4962.547717	3.69793e+06	3.73401e+06	3.83433e+06	3.85713e+06	7524.1    	7696.57   	7163.1    	7246.91   	10719.9   
5056.180674	3.75883e+06	3.80127e+06	3.90885e+06	3.93207e+06	7604.5    	7864.66   	7246.89   	7341.14   	10864.7   
5149.813631	3.81914e+06	3.86817e+06	3.98323e+06	4.00687e+06	7683.85   	8033.33   	7329.72   	7434.34   	11008     
5243.446588	3.87946e+06	3.93506e+06	4.05761e+06	4.08166e+06	7763.19   	8201.99   	7412.54   	7527.53   	11151.2   
5337.079545	3.93831e+06	4.00101e+06	4.13166e+06	4.15612e+06	7840.04   	8372.13   	7493.06   	7618.22   	11290.8   
5430.712502	3.99705e+06	4.06689e+06	4.20568e+06	4.23055e+06	7916.7    	8542.37   	7573.4    	7708.71   	11430.2   
5524.345459	4.05521e+06	4.13239e+06	4.27956e+06	4.30485e+06	7992.42   	8713.22   	7652.88   	7798.26   	11568.1   
5617.978416	4.11168e+06	4.19678e+06	4.35306e+06	4.37875e+06	8065.45   	8885.81   	7729.9    	7885.08   	11702     
5711.611373	4.16815e+06	4.26118e+06	4.42657e+06	4.45266e+06	8138.48   	9058.39   	7806.91   	7971.9    	11835.9   
5805.244330	4.22463e+06	4.32558e+06	4.50007e+06	4.52656e+06	8211.52   	9230.98   	7883.92   	8058.73   	11969.8   
5898.877287	4.2811e+06	4.38998e+06	4.57357e+06	4.60047e+06	8284.55   	9403.56   	7960.94   	8145.55   	12103.7   
5992.510243	4.33758e+06	4.45437e+06	4.64707e+06	4.67437e+06	8357.58   	9576.15   	8037.95   	8232.37   	12237.6   
6086.143200	4.39141e+06	4.51702e+06	4.71996e+06	4.74767e+06	8426.68   	9751.58   	8111.38   	8315.17   	12365.6   
6179.776157	4.44501e+06	4.57951e+06	4.79281e+06	4.82091e+06	8495.45   	9927.26   	8184.51   	8397.61   	12493     
6273.409114	4.49862e+06	4.642e+06 	4.86565e+06	4.89414e+06	8564.21   	10102.9   	8257.63   	8480.06   	12620.4   
6367.042071	4.55222e+06	4.70449e+06	4.93849e+06	4.96738e+06	8632.98   	10278.6   	8330.75   	8562.51   	12747.9   
6460.675028	4.60582e+06	4.76698e+06	5.01134e+06	5.04062e+06	8701.74   	10454.3   	8403.87   	8644.95   	12875.3   
6554.307985	4.65787e+06	4.82841e+06	5.08382e+06	5.1135e+06	8768.35   	10631.7   	8475.05   	8725.17   	12999.4   
6647.940942	4.70878e+06	4.88909e+06	5.15605e+06	5.18612e+06	8833.41   	10810.3   	8544.83   	8803.78   	13121.2   
6741.573899	4.7597e+06	4.94976e+06	5.22828e+06	5.25873e+06	8898.47   	10988.9   	8614.61   	8882.39   	13242.9   
6835.206856	4.81062e+06	5.01043e+06	5.30051e+06	5.33135e+06	8963.53   	11167.6   	8684.39   	8961      	13364.6   
6928.839813	4.86153e+06	5.0711e+06	5.37273e+06	5.40396e+06	9028.59   	11346.2   	8754.17   	9039.61   	13486.4   
7022.472770	4.91184e+06	5.13136e+06	5.44482e+06	5.47644e+06	9092.86   	11525.5   	8823.25   	9117.41   	13606.9   
7116.105727	4.96025e+06	5.1903e+06	5.51647e+06	5.54847e+06	9154.67   	11707     	8890.14   	9192.63   	13723.6   
7209.738684	5.00865e+06	5.24924e+06	5.58812e+06	5.6205e+06	9216.48   	11888.6   	8957.03   	9267.86   	13840.3   
7303.371640	5.05706e+06	5.30817e+06	5.65977e+06	5.69253e+06	9278.29   	12070.1   	9023.92   	9343.08   	13957     
7397.004597	5.10546e+06	5.36711e+06	5.73142e+06	5.76456e+06	9340.1    	12251.6   	9090.81   	9418.31   	14073.7   
7490.637554	5.15386e+06	5.42605e+06	5.80307e+06	5.83659e+06	9401.91   	12433.1   	9157.7    	9493.53   	14190.4   
7584.270511	5.20015e+06	5.48351e+06	5.87423e+06	5.90813e+06	9461.14   	12617.3   	9222.32   	9566.05   	14303.1   
7677.903468	5.24621e+06	5.5408e+06	5.94534e+06	5.97961e+06	9520.07   	12801.7   	9286.69   	9638.27   	14415.3   
7771.536425	5.29227e+06	5.5981e+06	6.01645e+06	6.0511e+06	9579.01   	12986.2   	9351.06   	9710.5    	14527.5   
7865.169382	5.33833e+06	5.65539e+06	6.08755e+06	6.12258e+06	9637.95   	13170.6   	9415.43   	9782.72   	14639.7   
7958.802339	5.38438e+06	5.71268e+06	6.15866e+06	6.19406e+06	9696.88   	13355.1   	9479.8    	9854.94   	14751.9   
8052.435296	5.42921e+06	5.7691e+06	6.22948e+06	6.26526e+06	9754.39   	13541.1   	9542.94   	9925.66   	14861.9   
8146.068253	5.47308e+06	5.82482e+06	6.30008e+06	6.33622e+06	9810.77   	13728.4   	9605.1    	9995.21   	14970.1   
8239.701210	5.51695e+06	5.88055e+06	6.37068e+06	6.40719e+06	9867.14   	13915.7   	9667.27   	10064.8   	15078.2   
8333.334167	5.56081e+06	5.93628e+06	6.44128e+06	6.47816e+06	9923.52   	14103     	9729.43   	10134.3   	15186.4   
8426.967124	5.60468e+06	5.992e+06 	6.51188e+06	6.54913e+06	9979.9    	14290.3   	9791.59   	10203.8   	15294.6   
8520.600081	5.64809e+06	6.0474e+06	6.58237e+06	6.61999e+06	10035.8   	14478.2   	9853.33   	10272.9   	15402     
8614.233037	5.68992e+06	6.10164e+06	6.65249e+06	6.69047e+06	10089.9   	14668.3   	9913.55   	10340     	15506.6   
8707.865994	5.73174e+06	6.15588e+06	6.72261e+06	6.76096e+06	10143.9   	14858.4   	9973.78   	10407.2   	15611.2   
8801.498951	5.77356e+06	6.21012e+06	6.79274e+06	6.83144e+06	10198     	15048.6   	10034     	10474.3   	15715.8   
8895.131908	5.81538e+06	6.26436e+06	6.86286e+06	6.90192e+06	10252.1   	15238.7   	10094.2   	10541.5   	15820.4   
8988.764865	5.8572e+06	6.3186e+06	6.93298e+06	6.97241e+06	10306.2   	15428.8   	10154.4   	10608.6   	15925     
9082.397822	5.89733e+06	6.37159e+06	7.0027e+06	7.04249e+06	10358.5   	15621.3   	10213.2   	10673.9   	16026.8   
9176.030779	5.93724e+06	6.42441e+06	7.07237e+06	7.11252e+06	10410.5   	15814.1   	10271.7   	10738.9   	16128.1   
9269.663736	5.97715e+06	6.47724e+06	7.14204e+06	7.18255e+06	10462.5   	16007     	10330.2   	10803.9   	16229.5   
9363.296693	6.01706e+06	6.53006e+06	7.21171e+06	7.25257e+06	10514.5   	16199.9   	10388.7   	10868.9   	16330.8   
9456.929650	6.05696e+06	6.58289e+06	7.28138e+06	7.3226e+06	10566.5   	16392.7   	10447.2   	10933.8   	16432.2   
9550.562607	6.0959e+06	6.63498e+06	7.35082e+06	7.39239e+06	10617.5   	16587     	10504.8   	10997.8   	16531.9   
9644.195564	6.13402e+06	6.68646e+06	7.42007e+06	7.46199e+06	10667.7   	16782.4   	10561.8   	11060.8   	16630.4   
9737.828521	6.17214e+06	6.73794e+06	7.48931e+06	7.53159e+06	10717.8   	16977.9   	10618.8   	11123.9   	16728.8   
9831.461478	6.21026e+06	6.78942e+06	7.55856e+06	7.60118e+06	10767.9   	17173.4   	10675.8   	11187     	16827.2   
9925.094434	6.24838e+06	6.8409e+06	7.6278e+06	7.67078e+06	10818.1   	17368.8   	10732.7   	11250     	16925.6   
10018.727391	6.28601e+06	6.892e+06 	7.69693e+06	7.74026e+06	10867.7   	17565.1   	10789.3   	11312.5   	17023.2   
10112.360348	6.32167e+06	6.94159e+06	7.76558e+06	7.80925e+06	10915.3   	17764.3   	10844.3   	11373     	17117.8   
10205.993305	6.35733e+06	6.99118e+06	7.83423e+06	7.87825e+06	10963     	17963.6   	10899.3   	11433.5   	17212.3   
10299.626262	6.39299e+06	7.04076e+06	7.90288e+06	7.94724e+06	11010.6   	18162.8   	10954.3   	11494     	17306.8   
10393.259219	6.42865e+06	7.09035e+06	7.97153e+06	8.01624e+06	11058.3   	18362.1   	11009.3   	11554.5   	17401.4   
10486.892176	6.46431e+06	7.13994e+06	8.04018e+06	8.08524e+06	11105.9   	18561.3   	11064.3   	11615     	17495.9   
10580.525133	6.49997e+06	7.18953e+06	8.10883e+06	8.15423e+06	11153.5   	18760.6   	11119.3   	11675.5   	17590.4   
10674.158090	6.53563e+06	7.23911e+06	8.17748e+06	8.22323e+06	11201.2   	18959.8   	11174.3   	11736     	17685     
10767.791047	6.57129e+06	7.2887e+06	8.24613e+06	8.29222e+06	11248.8   	19159.1   	11229.3   	11796.5   	17779.5   
10861.424004	6.60695e+06	7.33829e+06	8.31478e+06	8.36122e+06	11296.4   	19358.3   	11284.3   	11856.9   	17874     
10955.056961	6.64261e+06	7.38788e+06	8.38343e+06	8.43021e+06	11344.1   	19557.6   	11339.3   	11917.4   	17968.6   
11048.689918	6.67674e+06	7.43626e+06	8.45171e+06	8.49883e+06	11390.2   	19759.4   	11393.2   	11976.4   	18060.8   
11142.322875	6.70945e+06	7.48352e+06	8.51963e+06	8.56709e+06	11434.9   	19963.7   	11445.9   	12034     	18150.9   
11235.955831	6.74216e+06	7.53078e+06	8.58755e+06	8.63535e+06	11479.7   	20168     	11498.7   	12091.5   	18241     
11329.588788	6.77488e+06	7.57804e+06	8.65548e+06	8.70361e+06	11524.4   	20372.3   	11551.5   	12149.1   	18331     
11423.221745	6.80759e+06	7.6253e+06	8.7234e+06	8.77187e+06	11569.2   	20576.5   	11604.3   	12206.7   	18421.1   
11516.854702	6.8403e+06	7.67256e+06	8.79133e+06	8.84014e+06	11613.9   	20780.8   	11657.1   	12264.2   	18511.2   
11610.487659	6.87302e+06	7.71982e+06	8.85925e+06	8.9084e+06	11658.6   	20985.1   	11709.9   	12321.8   	18601.3   
11704.120616	6.90573e+06	7.76708e+06	8.92718e+06	8.97666e+06	11703.4   	21189.3   	11762.7   	12379.3   	18691.4   
11797.753573	6.93844e+06	7.81434e+06	8.9951e+06	9.04492e+06	11748.1   	21393.6   	11815.5   	12436.9   	18781.5   
11891.386530	6.97115e+06	7.8616e+06	9.06302e+06	9.11318e+06	11792.8   	21597.9   	11868.3   	12494.5   	18871.6   
11985.019487	7.00387e+06	7.90886e+06	9.13095e+06	9.18144e+06	11837.6   	21802.2   	11921     	12552     	18961.6   
12078.652444	7.03439e+06	7.95434e+06	9.19832e+06	9.24915e+06	11880.2   	22010.6   	11972.3   	12607.5   	19048.6   
12172.285401	7.06451e+06	7.99948e+06	9.26559e+06	9.31675e+06	11922.5   	22219.7   	12023.3   	12662.6   	19134.9   
12265.918358	7.09462e+06	8.04462e+06	9.33286e+06	9.38434e+06	11964.8   	22428.9   	12074.3   	12717.8   	19221.3   
12359.551315	7.12473e+06	8.08976e+06	9.40013e+06	9.45194e+06	12007     	22638.1   	12125.3   	12772.9   	19307.6   
12453.184272	7.15484e+06	8.1349e+06	9.46739e+06	9.51954e+06	12049.3   	22847.2   	12176.3   	12828     	19394     
12546.817228	7.18495e+06	8.18004e+06	9.53466e+06	9.58713e+06	12091.6   	23056.4   	12227.2   	12883.1   	19480.3   
12640.450185	7.21506e+06	8.22518e+06	9.60193e+06	9.65473e+06	12133.8   	23265.6   	12278.2   	12938.2   	19566.7   
12734.083142	7.24517e+06	8.27032e+06	9.6692e+06	9.72233e+06	12176.1   	23474.8   	12329.2   	12993.3   	19653     
12827.716099	7.27528e+06	8.31546e+06	9.73647e+06	9.78992e+06	12218.4   	23683.9   	12380.2   	13048.4   	19739.4   
12921.349056	7.30539e+06	8.3606e+06	9.80373e+06	9.85752e+06	12260.6   	23893.1   	12431.2   	13103.5   	19825.7   
13014.982013	7.33514e+06	8.40544e+06	9.87091e+06	9.92502e+06	12302.5   	24103     	12481.9   	13158.3   	19911.6   
13108.614970	7.36294e+06	8.44864e+06	9.93758e+06	9.99201e+06	12342.7   	24316.8   	12531.4   	13211.4   	19994.8   
13202.247927	7.39074e+06	8.49184e+06	1.00043e+07	1.0059e+07	12382.8   	24530.6   	12580.9   	13264.4   	20077.9   
13295.880884	7.41855e+06	8.53504e+06	1.00709e+07	1.0126e+07	12422.9   	24744.4   	12630.4   	13317.4   	20161.1   
13389.513841	7.44635e+06	8.57825e+06	1.01376e+07	1.0193e+07	12463     	24958.1   	12679.9   	13370.5   	20244.3   
13483.146798	7.47416e+06	8.62145e+06	1.02043e+07	1.026e+07 	12503.2   	25171.9   	12729.4   	13423.5   	20327.5   
13576.779755	7.50196e+06	8.66465e+06	1.02709e+07	1.0327e+07	12543.3   	25385.7   	12778.9   	13476.5   	20410.7   
13670.412712	7.52977e+06	8.70786e+06	1.03376e+07	1.0394e+07	12583.4   	25599.5   	12828.4   	13529.6   	20493.8   
13764.045669	7.55757e+06	8.75106e+06	1.04043e+07	1.0461e+07	12623.5   	25813.2   	12877.8   	13582.6   	20577     
13857.678625	7.58537e+06	8.79426e+06	1.04709e+07	1.05279e+07	12663.6   	26027     	12927.3   	13635.7   	20660.2   
13951.311582	7.61318e+06	8.83746e+06	1.05376e+07	1.05949e+07	12703.8   	26240.8   	12976.8   	13688.7   	20743.4   
14044.944539	7.64e+06  	8.87981e+06	1.0604e+07	1.06617e+07	12743     	26456.6   	13025.7   	13740.9   	20825.3   
14138.577496	7.66575e+06	8.92124e+06	1.06702e+07	1.07281e+07	12781.2   	26674.7   	13074     	13792.2   	20905.7   
14232.210453	7.6915e+06	8.96267e+06	1.07363e+07	1.07945e+07	12819.5   	26892.8   	13122.2   	13843.4   	20986.2   
14325.843410	7.71725e+06	9.00409e+06	1.08024e+07	1.0861e+07	12857.7   	27110.9   	13170.4   	13894.7   	21066.7   
14419.476367	7.743e+06 	9.04552e+06	1.08685e+07	1.09274e+07	12896     	27329     	13218.7   	13946     	21147.2   
14513.109324	7.76875e+06	9.08694e+06	1.09347e+07	1.09938e+07	12934.2   	27547.1   	13266.9   	13997.2   	21227.6   
14606.742281	7.7945e+06	9.12837e+06	1.10008e+07	1.10603e+07	12972.5   	27765.2   	13315.1   	14048.5   	21308.1   
14700.375238	7.82025e+06	9.16979e+06	1.10669e+07	1.11267e+07	13010.7   	27983.2   	13363.4   	14099.8   	21388.6   
14794.008195	7.846e+06 	9.21122e+06	1.1133e+07	1.11932e+07	13049     	28201.3   	13411.6   	14151     	21469     
14887.641152	7.87175e+06	9.25265e+06	1.11992e+07	1.12596e+07	13087.2   	28419.4   	13459.9   	14202.3   	21549.5   
14981.274109	7.8975e+06	9.29407e+06	1.12653e+07	1.1326e+07	13125.5   	28637.5   	13508.1   	14253.6   	21630     
15074.907066	7.92178e+06	9.33419e+06	1.1331e+07	1.13921e+07	13162.4   	28858.9   	13555.5   	14303.6   	21708.6   
15168.540022	7.94569e+06	9.37398e+06	1.13966e+07	1.1458e+07	13199     	29081.1   	13602.7   	14353.4   	21786.7   
15262.172979	7.9696e+06	9.41377e+06	1.14623e+07	1.15239e+07	13235.6   	29303.4   	13649.8   	14403.1   	21864.9   
15355.805936	7.99352e+06	9.45356e+06	1.15279e+07	1.15898e+07	13272.2   	29525.6   	13697     	14452.9   	21943     
15449.438893	8.01743e+06	9.49335e+06	1.15935e+07	1.16558e+07	13308.8   	29747.8   	13744.2   	14502.6   	22021.1   
15543.071850	8.04134e+06	9.53315e+06	1.16591e+07	1.17217e+07	13345.3   	29970     	13791.4   	14552.4   	22099.3   
15636.704807	8.06526e+06	9.57294e+06	1.17247e+07	1.17876e+07	13381.9   	30192.3   	13838.5   	14602.1   	22177.4   
15730.337764	8.08917e+06	9.61273e+06	1.17904e+07	1.18535e+07	13418.5   	30414.5   	13885.7   	14651.8   	22255.5   
15823.970721	8.11308e+06	9.65252e+06	1.1856e+07	1.19195e+07	13455.1   	30636.7   	13932.9   	14701.6   	22333.7   
15917.603678	8.137e+06 	9.69231e+06	1.19216e+07	1.19854e+07	13491.7   	30858.9   	13980.1   	14751.3   	22411.8   
16011.236635	8.16071e+06	9.73192e+06	1.19872e+07	1.20513e+07	13528.1   	31081.7   	14027.1   	14800.9   	22489.7   
16104.869592	8.18298e+06	9.7702e+06	1.20523e+07	1.21167e+07	13563.2   	31308     	14073.4   	14849.3   	22565.8   
16198.502549	8.20524e+06	9.80848e+06	1.21175e+07	1.21822e+07	13598.3   	31534.3   	14119.7   	14897.7   	22641.9   
16292.135506	8.22751e+06	9.84677e+06	1.21827e+07	1.22476e+07	13633.5   	31760.6   	14165.9   	14946.2   	22718     
16385.768463	8.24977e+06	9.88505e+06	1.22478e+07	1.23131e+07	13668.6   	31986.9   	14212.2   	14994.6   	22794.1   
16479.401419	8.27204e+06	9.92333e+06	1.2313e+07	1.23785e+07	13703.7   	32213.2   	14258.4   	15043     	22870.2   
16573.034376	8.2943e+06	9.96161e+06	1.23781e+07	1.2444e+07	13738.8   	32439.5   	14304.7   	15091.4   	22946.3   
16666.667333	8.31656e+06	9.9999e+06	1.24433e+07	1.25094e+07	13773.9   	32665.8   	14351     	15139.8   	23022.4   
16760.300290	8.33883e+06	1.00382e+07	1.25085e+07	1.25749e+07	13809     	32892.1   	14397.2   	15188.3   	23098.5   
16853.933247	8.36109e+06	1.00765e+07	1.25736e+07	1.26403e+07	13844.1   	33118.4   	14443.5   	15236.7   	23174.6   
16947.566204	8.38336e+06	1.01147e+07	1.26388e+07	1.27058e+07	13879.2   	33344.7   	14489.8   	15285.1   	23250.7   
17041.199161	8.40497e+06	1.01524e+07	1.27037e+07	1.27711e+07	13913.8   	33572.8   	14535.7   	15333     	23326     
17134.832118	8.42575e+06	1.01893e+07	1.27685e+07	1.28361e+07	13947.6   	33803.1   	14581.1   	15380.3   	23400.3   
17228.465075	8.44653e+06	1.02262e+07	1.28332e+07	1.29011e+07	13981.3   	34033.4   	14626.6   	15427.5   	23474.6   
17322.098032	8.46731e+06	1.02631e+07	1.28979e+07	1.29661e+07	14015.1   	34263.8   	14672.1   	15474.8   	23548.9   
17415.730989	8.48808e+06	1.03e+07  	1.29626e+07	1.30311e+07	14048.9   	34494.1   	14717.5   	15522     	23623.2   
17509.363946	8.50886e+06	1.03368e+07	1.30274e+07	1.30961e+07	14082.7   	34724.5   	14763     	15569.3   	23697.6   
17602.996903	8.52964e+06	1.03737e+07	1.30921e+07	1.31612e+07	14116.5   	34954.8   	14808.5   	15616.6   	23771.9   
17696.629860	8.55042e+06	1.04106e+07	1.31568e+07	1.32262e+07	14150.3   	35185.1   	14853.9   	15663.8   	23846.2   
17790.262816	8.5712e+06	1.04475e+07	1.32215e+07	1.32912e+07	14184.1   	35415.5   	14899.4   	15711.1   	23920.5   
17883.895773	8.59198e+06	1.04844e+07	1.32863e+07	1.33562e+07	14217.8   	35645.8   	14944.9   	15758.3   	23994.8   
17977.528730	8.61276e+06	1.05213e+07	1.3351e+07	1.34212e+07	14251.6   	35876.2   	14990.3   	15805.6   	24069.1   
18071.161687	8.63252e+06	1.05572e+07	1.34154e+07	1.34859e+07	14284.5   	36109.5   	15035.3   	15852.1   	24142.3   
18164.794644	8.65195e+06	1.05928e+07	1.34797e+07	1.35505e+07	14317.1   	36343.9   	15080     	15898.3   	24215     
18258.427601	8.67139e+06	1.06283e+07	1.35441e+07	1.36151e+07	14349.7   	36578.2   	15124.8   	15944.5   	24287.7   
18352.060558	8.69082e+06	1.06639e+07	1.36084e+07	1.36797e+07	14382.3   	36812.6   	15169.6   	15990.8   	24360.5   
18445.693515	8.71026e+06	1.06995e+07	1.36727e+07	1.37443e+07	14414.8   	37046.9   	15214.3   	16037     	24433.2   
18539.326472	8.7297e+06	1.07351e+07	1.3737e+07	1.38089e+07	14447.4   	37281.3   	15259.1   	16083.3   	24506     
18632.959429	8.74913e+06	1.07707e+07	1.38013e+07	1.38736e+07	14480     	37515.6   	15303.9   	16129.5   	24578.7   
18726.592386	8.76857e+06	1.08063e+07	1.38657e+07	1.39382e+07	14512.6   	37750     	15348.6   	16175.7   	24651.5   
18820.225343	8.788e+06 	1.08419e+07	1.393e+07 	1.40028e+07	14545.2   	37984.3   	15393.4   	16222     	24724.2   
18913.858300	8.80744e+06	1.08775e+07	1.39943e+07	1.40674e+07	14577.8   	38218.7   	15438.2   	16268.2   	24797     
19007.491257	8.82678e+06	1.0913e+07	1.40586e+07	1.41319e+07	14610.3   	38453.3   	15482.9   	16314.4   	24869.6   
19101.124213	8.845e+06 	1.09473e+07	1.41226e+07	1.41962e+07	14641.7   	38691.6   	15527     	16359.7   	24941     
19194.757170	8.86321e+06	1.09817e+07	1.41865e+07	1.42604e+07	14673.2   	38929.9   	15571.2   	16405     	25012.3   
19288.390127	8.88143e+06	1.10161e+07	1.42504e+07	1.43246e+07	14704.7   	39168.3   	15615.3   	16450.4   	25083.7   
19382.023084	8.89965e+06	1.10505e+07	1.43144e+07	1.43888e+07	14736.2   	39406.6   	15659.5   	16495.7   	25155     
19475.656041	8.91786e+06	1.10849e+07	1.43783e+07	1.44531e+07	14767.7   	39644.9   	15703.6   	16541     	25226.4   
19569.288998	8.93608e+06	1.11193e+07	1.44423e+07	1.45173e+07	14799.2   	39883.2   	15747.8   	16586.3   	25297.7   
19662.921955	8.9543e+06	1.11536e+07	1.45062e+07	1.45815e+07	14830.7   	40121.5   	15791.9   	16631.7   	25369.1   
19756.554912	8.97252e+06	1.1188e+07	1.45702e+07	1.46457e+07	14862.2   	40359.8   	15836.1   	16677     	25440.4   
19850.187869	8.99073e+06	1.12224e+07	1.46341e+07	1.471e+07 	14893.7   	40598.1   	15880.2   	16722.3   	25511.8   
19943.820826	9.00895e+06	1.12568e+07	1.46981e+07	1.47742e+07	14925.2   	40836.4   	15924.4   	16767.7   	25583.2   
20037.453783	9.02673e+06	1.12907e+07	1.47619e+07	1.48383e+07	14956.3   	41076.3   	15968.3   	16812.7   	25654     
20131.086740	9.04383e+06	1.1324e+07	1.48255e+07	1.49021e+07	14986.8   	41318.5   	16011.9   	16857.2   	25724.1   
20224.719697	9.06094e+06	1.13572e+07	1.4889e+07	1.4966e+07	15017.3   	41560.7   	16055.4   	16901.7   	25794.2   
20318.352654	9.07805e+06	1.13905e+07	1.49526e+07	1.50299e+07	15047.8   	41803     	16099     	16946.2   	25864.3   
20411.985610	9.09516e+06	1.14238e+07	1.50162e+07	1.50937e+07	15078.3   	42045.2   	16142.6   	16990.7   	25934.4   
20505.618567	9.11227e+06	1.1457e+07	1.50798e+07	1.51576e+07	15108.8   	42287.4   	16186.2   	17035.2   	26004.6   
20599.251524	9.12938e+06	1.14903e+07	1.51434e+07	1.52214e+07	15139.2   	42529.6   	16229.8   	17079.8   	26074.7   
20692.884481	9.14649e+06	1.15235e+07	1.5207e+07	1.52853e+07	15169.7   	42771.8   	16273.4   	17124.3   	26144.8   
20786.517438	9.16359e+06	1.15568e+07	1.52706e+07	1.53492e+07	15200.2   	43014.1   	16316.9   	17168.8   	26214.9   
20880.150395	9.1807e+06	1.159e+07 	1.53342e+07	1.5413e+07	15230.7   	43256.3   	16360.5   	17213.3   	26285     
20973.783352	9.19781e+06	1.16233e+07	1.53978e+07	1.54769e+07	15261.2   	43498.5   	16404.1   	17257.8   	26355.1   
21067.416309	9.21419e+06	1.16558e+07	1.54611e+07	1.55405e+07	15291.1   	43743.4   	16447.3   	17301.8   	26424.4   
21161.049266	9.23029e+06	1.1688e+07	1.55244e+07	1.56041e+07	15320.6   	43989.4   	16490.4   	17345.6   	26493.4   
21254.682223	9.24639e+06	1.17202e+07	1.55876e+07	1.56676e+07	15350.2   	44235.4   	16533.5   	17389.4   	26562.4   
21348.315180	9.26248e+06	1.17524e+07	1.56509e+07	1.57311e+07	15379.8   	44481.4   	16576.6   	17433.2   	26631.4   
21441.948137	9.27858e+06	1.17846e+07	1.57142e+07	1.57946e+07	15409.4   	44727.4   	16619.6   	17477     	26700.4   
21535.581094	9.29468e+06	1.18168e+07	1.57774e+07	1.58582e+07	15439     	44973.4   	16662.7   	17520.7   	26769.4   
21629.214051	9.31077e+06	1.1849e+07	1.58407e+07	1.59217e+07	15468.6   	45219.4   	16705.8   	17564.5   	26838.3   
21722.847007	9.32687e+06	1.18812e+07	1.59039e+07	1.59852e+07	15498.1   	45465.4   	16748.9   	17608.3   	26907.3   
21816.479964	9.34297e+06	1.19134e+07	1.59672e+07	1.60487e+07	15527.7   	45711.4   	16791.9   	17652.1   	26976.3   
21910.112921	9.35906e+06	1.19456e+07	1.60304e+07	1.61123e+07	15557.3   	45957.4   	16835     	17695.9   	27045.3   
22003.745878	9.37512e+06	1.19778e+07	1.60937e+07	1.61758e+07	15586.8   	46203.5   	16878.1   	17739.7   	27114.3   
22097.378835	9.39029e+06	1.2009e+07	1.61566e+07	1.6239e+07	15615.6   	46453     	16920.7   	17782.8   	27182.3   
22191.011792	9.40546e+06	1.20403e+07	1.62196e+07	1.63022e+07	15644.3   	46702.6   	16963.3   	17825.9   	27250.2   
22284.644749	9.42064e+06	1.20715e+07	1.62825e+07	1.63654e+07	15673.1   	46952.1   	17005.9   	17869     	27318.2   
22378.277706	9.43581e+06	1.21027e+07	1.63455e+07	1.64286e+07	15701.8   	47201.6   	17048.5   	17912.2   	27386.2   
22471.910663	9.45098e+06	1.21339e+07	1.64084e+07	1.64918e+07	15730.6   	47451.2   	17091.1   	17955.3   	27454.2   
22565.543620	9.46615e+06	1.21651e+07	1.64714e+07	1.6555e+07	15759.3   	47700.7   	17133.7   	17998.4   	27522.2   
22659.176577	9.48132e+06	1.21963e+07	1.65343e+07	1.66182e+07	15788     	47950.2   	17176.3   	18041.5   	27590.2   
22752.809534	9.49649e+06	1.22276e+07	1.65973e+07	1.66814e+07	15816.8   	48199.8   	17218.9   	18084.7   	27658.1   
22846.442491	9.51166e+06	1.22588e+07	1.66602e+07	1.67447e+07	15845.5   	48449.3   	17261.5   	18127.8   	27726.1   
22940.075448	9.52683e+06	1.229e+07 	1.67232e+07	1.68079e+07	15874.3   	48698.8   	17304.1   	18170.9   	27794.1   
23033.708404	9.5417e+06	1.23209e+07	1.6786e+07	1.6871e+07	15902.7   	48949.6   	17346.5   	18213.8   	27861.8   
23127.341361	9.55602e+06	1.23512e+07	1.68486e+07	1.69339e+07	15930.7   	49202.5   	17388.7   	18256.3   	27928.8   
23220.974318	9.57034e+06	1.23815e+07	1.69113e+07	1.69968e+07	15958.6   	49455.4   	17430.9   	18298.9   	27995.9   
23314.607275	9.58466e+06	1.24118e+07	1.69739e+07	1.70597e+07	15986.6   	49708.2   	17473     	18341.4   	28062.9   
23408.240232	9.59898e+06	1.24421e+07	1.70366e+07	1.71226e+07	16014.6   	49961.1   	17515.2   	18383.9   	28130     
23501.873189	9.6133e+06	1.24724e+07	1.70992e+07	1.71855e+07	16042.5   	50214     	17557.4   	18426.4   	28197.1   
23595.506146	9.62762e+06	1.25026e+07	1.71619e+07	1.72484e+07	16070.5   	50466.9   	17599.5   	18468.9   	28264.1   
23689.139103	9.64194e+06	1.25329e+07	1.72245e+07	1.73113e+07	16098.5   	50719.8   	17641.7   	18511.5   	28331.2   
23782.772060	9.65627e+06	1.25632e+07	1.72872e+07	1.73742e+07	16126.4   	50972.6   	17683.9   	18554     	28398.3   
23876.405017	9.67059e+06	1.25935e+07	1.73498e+07	1.74371e+07	16154.4   	51225.5   	17726     	18596.5   	28465.3   
23970.037974	9.68491e+06	1.26238e+07	1.74125e+07	1.75e+07  	16182.3   	51478.4   	17768.2   	18639     	28532.4   
24063.670931	9.6987e+06	1.26535e+07	1.7475e+07	1.75627e+07	16209.8   	51733.5   	17810.1   	18681.2   	28598.9   
24157.303888	9.71224e+06	1.26829e+07	1.75373e+07	1.76254e+07	16237.1   	51989.7   	17851.9   	18723.1   	28665.1   
24250.936845	9.72578e+06	1.27124e+07	1.75997e+07	1.7688e+07	16264.3   	52245.9   	17893.6   	18765.1   	28731.3   
24344.569801	9.73932e+06	1.27418e+07	1.76621e+07	1.77506e+07	16291.5   	52502.1   	17935.4   	18807.1   	28797.6   
24438.202758	9.75286e+06	1.27712e+07	1.77244e+07	1.78132e+07	16318.8   	52758.3   	17977.1   	18849     	28863.8   
24531.835715	9.7664e+06	1.28006e+07	1.77868e+07	1.78758e+07	16346     	53014.4   	18018.9   	18891     	28930     
24625.468672	9.77994e+06	1.283e+07 	1.78492e+07	1.79385e+07	16373.3   	53270.6   	18060.7   	18933     	28996.2   
24719.101629	9.79348e+06	1.28595e+07	1.79115e+07	1.80011e+07	16400.5   	53526.8   	18102.4   	18974.9   	29062.5   
24812.734586	9.80702e+06	1.28889e+07	1.79739e+07	1.80637e+07	16427.7   	53783     	18144.2   	19016.9   	29128.7   
24906.367543	9.82056e+06	1.29183e+07	1.80363e+07	1.81263e+07	16455     	54039.2   	18185.9   	19058.9   	29194.9   
25000.000500	9.8341e+06	1.29477e+07	1.80987e+07	1.81889e+07	16482.2   	54295.4   	18227.7   	19100.9   	29261.1   
25093.633457	9.84691e+06	1.29763e+07	1.81608e+07	1.82513e+07	16508.8   	54554.8   	18269.1   	19142.3   	29326.6   
25187.266414	9.85973e+06	1.30049e+07	1.82229e+07	1.83136e+07	16535.3   	54814.3   	18310.4   	19183.8   	29392     
25280.899371	9.87255e+06	1.30335e+07	1.8285e+07	1.8376e+07	16561.9   	55073.7   	18351.8   	19225.2   	29457.5   
25374.532328	9.88537e+06	1.30621e+07	1.83471e+07	1.84383e+07	16588.5   	55333.2   	18393.2   	19266.7   	29523     
25468.165285	9.89819e+06	1.30907e+07	1.84092e+07	1.85007e+07	16615     	55592.6   	18434.6   	19308.2   	29588.4   
25561.798242	9.91101e+06	1.31193e+07	1.84713e+07	1.8563e+07	16641.6   	55852     	18475.9   	19349.6   	29653.9   
25655.431199	9.92383e+06	1.31479e+07	1.85334e+07	1.86254e+07	16668.2   	56111.5   	18517.3   	19391.1   	29719.3   
25749.064155	9.93665e+06	1.31765e+07	1.85955e+07	1.86877e+07	16694.7   	56370.9   	18558.7   	19432.5   	29784.8   
25842.697112	9.94947e+06	1.32051e+07	1.86576e+07	1.87501e+07	16721.3   	56630.4   	18600     	19474     	29850.2   
25936.330069	9.96229e+06	1.32337e+07	1.87197e+07	1.88124e+07	16747.9   	56889.8   	18641.4   	19515.4   	29915.7   
26029.963026	9.9749e+06	1.32621e+07	1.87817e+07	1.88747e+07	16774.2   	57150.3   	18682.7   	19556.8   	29980.9   
26123.595983	9.98705e+06	1.32899e+07	1.88436e+07	1.89368e+07	16800.2   	57412.9   	18723.7   	19597.7   	30045.6   
26217.228940	9.9992e+06	1.33177e+07	1.89054e+07	1.89989e+07	16826.1   	57675.5   	18764.7   	19638.7   	30110.4   
26310.861897	1.00114e+07	1.33456e+07	1.89673e+07	1.9061e+07	16852.1   	57938.1   	18805.7   	19679.7   	30175.1   
26404.494854	1.00235e+07	1.33734e+07	1.90291e+07	1.91231e+07	16878     	58200.7   	18846.7   	19720.7   	30239.9   
26498.127811	1.00357e+07	1.34012e+07	1.9091e+07	1.91852e+07	16903.9   	58463.3   	18887.7   	19761.7   	30304.6   
26591.760768	1.00478e+07	1.3429e+07	1.91528e+07	1.92472e+07	16929.9   	58725.9   	18928.7   	19802.7   	30369.4   
26685.393725	1.006e+07 	1.34569e+07	1.92147e+07	1.93093e+07	16955.8   	58988.5   	18969.7   	19843.7   	30434.1   
26779.026682	1.00721e+07	1.34847e+07	1.92765e+07	1.93714e+07	16981.7   	59251.1   	19010.7   	19884.7   	30498.8   
26872.659639	1.00843e+07	1.35125e+07	1.93384e+07	1.94335e+07	17007.7   	59513.7   	19051.7   	19925.6   	30563.6   
26966.292596	1.00964e+07	1.35403e+07	1.94002e+07	1.94956e+07	17033.6   	59776.3   	19092.7   	19966.6   	30628.3   
27059.925552	1.01082e+07	1.35677e+07	1.94619e+07	1.95575e+07	17059.2   	60040.8   	19133.5   	20007.3   	30692.6   
27153.558509	1.01197e+07	1.35948e+07	1.95236e+07	1.96194e+07	17084.5   	60306.5   	19174.2   	20047.9   	30756.7   
27247.191466	1.01313e+07	1.36219e+07	1.95852e+07	1.96812e+07	17109.9   	60572.2   	19214.8   	20088.4   	30820.8   
27340.824423	1.01428e+07	1.3649e+07	1.96468e+07	1.97431e+07	17135.2   	60837.8   	19255.5   	20129     	30884.9   
27434.457380	1.01543e+07	1.3676e+07	1.97084e+07	1.98049e+07	17160.6   	61103.5   	19296.1   	20169.5   	30949     
27528.090337	1.01659e+07	1.37031e+07	1.977e+07 	1.98668e+07	17185.9   	61369.2   	19336.8   	20210     	31013     
27621.723294	1.01774e+07	1.37302e+07	1.98316e+07	1.99286e+07	17211.3   	61634.8   	19377.4   	20250.6   	31077.1   
27715.356251	1.0189e+07	1.37573e+07	1.98932e+07	1.99905e+07	17236.6   	61900.5   	19418.1   	20291.1   	31141.2   
27808.989208	1.02005e+07	1.37844e+07	1.99548e+07	2.00523e+07	17262     	62166.2   	19458.7   	20331.7   	31205.3   
27902.622165	1.0212e+07	1.38115e+07	2.00164e+07	2.01141e+07	17287.3   	62431.8   	19499.4   	20372.2   	31269.3   
27996.255122	1.02236e+07	1.38386e+07	2.0078e+07	2.0176e+07	17312.7   	62697.5   	19540     	20412.8   	31333.4   
28089.888079	1.02346e+07	1.3865e+07	2.01394e+07	2.02376e+07	17337.5   	62966.1   	19580.4   	20452.9   	31396.9   
28183.521036	1.02455e+07	1.38914e+07	2.02008e+07	2.02992e+07	17362.3   	63234.8   	19620.7   	20493     	31460.4   
28277.153993	1.02565e+07	1.39178e+07	2.02622e+07	2.03608e+07	17387.1   	63503.5   	19661     	20533.2   	31523.8   
28370.786949	1.02675e+07	1.39442e+07	2.03236e+07	2.04224e+07	17411.9   	63772.2   	19701.3   	20573.3   	31587.3   
28464.419906	1.02784e+07	1.39706e+07	2.03849e+07	2.04841e+07	17436.7   	64040.9   	19741.6   	20613.4   	31650.7   
28558.052863	1.02894e+07	1.3997e+07	2.04463e+07	2.05457e+07	17461.5   	64309.7   	19781.9   	20653.6   	31714.2   
28651.685820	1.03004e+07	1.40234e+07	2.05077e+07	2.06073e+07	17486.2   	64578.4   	19822.2   	20693.7   	31777.6   
28745.318777	1.03113e+07	1.40498e+07	2.05691e+07	2.06689e+07	17511     	64847.1   	19862.5   	20733.8   	31841.1   
28838.951734	1.03223e+07	1.40762e+07	2.06305e+07	2.07305e+07	17535.8   	65115.8   	19902.9   	20774     	31904.6   
28932.584691	1.03333e+07	1.41026e+07	2.06918e+07	2.07921e+07	17560.6   	65384.5   	19943.2   	20814.1   	31968     
29026.217648	1.03441e+07	1.41288e+07	2.07532e+07	2.08536e+07	17585.3   	65654.1   	19983.4   	20854.1   	32031.3   
29119.850605	1.03545e+07	1.41545e+07	2.08143e+07	2.0915e+07	17609.6   	65925.8   	20023.4   	20893.9   	32094.2   
29213.483562	1.03649e+07	1.41803e+07	2.08755e+07	2.09764e+07	17633.8   	66197.6   	20063.4   	20933.6   	32157.1   
29307.116519	1.03754e+07	1.4206e+07	2.09366e+07	2.10378e+07	17658.1   	66469.4   	20103.4   	20973.3   	32220     
29400.749476	1.03858e+07	1.42318e+07	2.09978e+07	2.10992e+07	17682.4   	66741.1   	20143.3   	21013.1   	32282.8   
29494.382433	1.03963e+07	1.42575e+07	2.10589e+07	2.11606e+07	17706.7   	67012.9   	20183.3   	21052.8   	32345.7   
29588.015390	1.04067e+07	1.42832e+07	2.11201e+07	2.1222e+07	17730.9   	67284.7   	20223.3   	21092.6   	32408.6   
29681.648346	1.04171e+07	1.4309e+07	2.11813e+07	2.12833e+07	17755.2   	67556.4   	20263.3   	21132.3   	32471.5   
29775.281303	1.04276e+07	1.43347e+07	2.12424e+07	2.13447e+07	17779.5   	67828.2   	20303.3   	21172.1   	32534.4   
29868.914260	1.0438e+07	1.43604e+07	2.13036e+07	2.14061e+07	17803.7   	68100     	20343.3   	21211.8   	32597.2   
29962.547217	1.04484e+07	1.43862e+07	2.13647e+07	2.14675e+07	17828     	68371.7   	20383.3   	21251.5   	32660.1   
30056.180174	1.04584e+07	1.44114e+07	2.14257e+07	2.15287e+07	17851.9   	68646.2   	20423     	21291     	32722.5   
30149.813131	1.04681e+07	1.44362e+07	2.14866e+07	2.15897e+07	17875.4   	68922.4   	20462.5   	21330.2   	32784.6   
30243.446088	1.04779e+07	1.4461e+07	2.15474e+07	2.16508e+07	17899     	69198.7   	20502     	21369.4   	32846.7   
30337.079045	1.04876e+07	1.44858e+07	2.16083e+07	2.17119e+07	17922.5   	69474.9   	20541.5   	21408.6   	32908.7   
30430.712002	1.04973e+07	1.45106e+07	2.16691e+07	2.17729e+07	17946.1   	69751.1   	20581     	21447.8   	32970.8   
30524.344959	1.0507e+07	1.45354e+07	2.173e+07 	2.1834e+07	17969.6   	70027.4   	20620.5   	21487     	33032.9   
30617.977916	1.05167e+07	1.45602e+07	2.17908e+07	2.18951e+07	17993.2   	70303.6   	20660     	21526.2   	33094.9   
30711.610873	1.05264e+07	1.45851e+07	2.18517e+07	2.19561e+07	18016.7   	70579.8   	20699.5   	21565.4   	33157     
30805.243830	1.05361e+07	1.46099e+07	2.19125e+07	2.20172e+07	18040.3   	70856.1   	20739     	21604.6   	33219.1   
30898.876787	1.05458e+07	1.46347e+07	2.19734e+07	2.20783e+07	18063.8   	71132.3   	20778.6   	21643.8   	33281.2   
30992.509743	1.05555e+07	1.46595e+07	2.20342e+07	2.21393e+07	18087.4   	71408.5   	20818.1   	21683     	33343.2   
31086.142700	1.05652e+07	1.46843e+07	2.2095e+07	2.22004e+07	18110.9   	71684.8   	20857.6   	21722.2   	33405.3   
31179.775657	1.0575e+07	1.47091e+07	2.21559e+07	2.22615e+07	18134.5   	71961     	20897.1   	21761.4   	33467.4   
31273.408614	1.05847e+07	1.47339e+07	2.22167e+07	2.23225e+07	18158     	72237.2   	20936.6   	21800.5   	33529.5   
31367.041571	1.05944e+07	1.47588e+07	2.22776e+07	2.23836e+07	18181.6   	72513.5   	20976.1   	21839.7   	33591.5   
31460.674528	1.06041e+07	1.47836e+07	2.23384e+07	2.24447e+07	18205.1   	72789.7   	21015.6   	21878.9   	33653.6   
31554.307485	1.06138e+07	1.48084e+07	2.23993e+07	2.25057e+07	18228.7   	73065.9   	21055.1   	21918.1   	33715.7   
31647.940442	1.06235e+07	1.48332e+07	2.24601e+07	2.25668e+07	18252.3   	73342.2   	21094.7   	21957.3   	33777.8   
31741.573399	1.06332e+07	1.4858e+07	2.2521e+07	2.26279e+07	18275.8   	73618.4   	21134.2   	21996.5   	33839.8   
31835.206356	1.06429e+07	1.48828e+07	2.25818e+07	2.26889e+07	18299.4   	73894.7   	21173.7   	22035.7   	33901.9   
31928.839313	1.06526e+07	1.49076e+07	2.26427e+07	2.275e+07 	18322.9   	74170.9   	21213.2   	22074.9   	33964     
32022.472270	1.06621e+07	1.49322e+07	2.27034e+07	2.2811e+07	18346.3   	74448.5   	21252.6   	22114     	34025.8   
32116.105227	1.0671e+07	1.49559e+07	2.27639e+07	2.28716e+07	18368.9   	74730.3   	21291.5   	22152.5   	34086.9   
32209.738184	1.06798e+07	1.49795e+07	2.28244e+07	2.29323e+07	18391.6   	75012.2   	21330.4   	22191     	34148     
32303.371140	1.06887e+07	1.50032e+07	2.28848e+07	2.2993e+07	18414.3   	75294.1   	21369.3   	22229.6   	34209.1   
32397.004097	1.06975e+07	1.50269e+07	2.29453e+07	2.30536e+07	18437     	75576     	21408.2   	22268.1   	34270.1   
32490.637054	1.07064e+07	1.50506e+07	2.30058e+07	2.31143e+07	18459.6   	75857.8   	21447.1   	22306.6   	34331.2   
32584.270011	1.07152e+07	1.50743e+07	2.30662e+07	2.3175e+07	18482.3   	76139.7   	21486     	22345.2   	34392.3   
32677.902968	1.07241e+07	1.50979e+07	2.31267e+07	2.32356e+07	18505     	76421.6   	21524.9   	22383.7   	34453.4   
32771.535925	1.07329e+07	1.51216e+07	2.31871e+07	2.32963e+07	18527.7   	76703.5   	21563.8   	22422.2   	34514.5   
32865.168882	1.07418e+07	1.51453e+07	2.32476e+07	2.3357e+07	18550.3   	76985.3   	21602.7   	22460.7   	34575.6   
32958.801839	1.07506e+07	1.5169e+07	2.33081e+07	2.34177e+07	18573     	77267.2   	21641.6   	22499.3   	34636.6   
33052.434796	1.07595e+07	1.51926e+07	2.33685e+07	2.34783e+07	18595.7   	77549.1   	21680.5   	22537.8   	34697.7   
33146.067753	1.07683e+07	1.52163e+07	2.3429e+07	2.3539e+07	18618.4   	77830.9   	21719.4   	22576.3   	34758.8   
33239.700710	1.07772e+07	1.524e+07 	2.34895e+07	2.35997e+07	18641     	78112.8   	21758.3   	22614.9   	34819.9   
33333.333667	1.0786e+07	1.52637e+07	2.35499e+07	2.36603e+07	18663.7   	78394.7   	21797.2   	22653.4   	34881     
33426.966624	1.07949e+07	1.52874e+07	2.36104e+07	2.3721e+07	18686.4   	78676.6   	21836.1   	22691.9   	34942.1   
33520.599581	1.08037e+07	1.5311e+07	2.36708e+07	2.37817e+07	18709.1   	78958.4   	21875     	22730.4   	35003.2   
33614.232537	1.08126e+07	1.53347e+07	2.37313e+07	2.38423e+07	18731.7   	79240.3   	21913.9   	22769     	35064.2   
33707.865494	1.08214e+07	1.53584e+07	2.37918e+07	2.3903e+07	18754.4   	79522.2   	21952.8   	22807.5   	35125.3   
33801.498451	1.08303e+07	1.53821e+07	2.38522e+07	2.39637e+07	18777.1   	79804     	21991.7   	22846     	35186.4   
33895.131408	1.08391e+07	1.54058e+07	2.39127e+07	2.40243e+07	18799.8   	80085.9   	22030.6   	22884.6   	35247.5   
33988.764365	1.08479e+07	1.54294e+07	2.39731e+07	2.4085e+07	18822.4   	80367.8   	22069.5   	22923.1   	35308.6   
34082.397322	1.08561e+07	1.54522e+07	2.40333e+07	2.41454e+07	18844.4   	80654.3   	22107.8   	22961.1   	35368.9   
34176.030279	1.08642e+07	1.54748e+07	2.40934e+07	2.42057e+07	18866.3   	80941.5   	22146.2   	22999     	35429.1   
34269.663236	1.08723e+07	1.54975e+07	2.41535e+07	2.4266e+07	18888.2   	81228.6   	22184.5   	23036.9   	35489.2   
34363.296193	1.08804e+07	1.55201e+07	2.42136e+07	2.43263e+07	18910.1   	81515.8   	22222.8   	23074.8   	35549.4   
34456.929150	1.08885e+07	1.55428e+07	2.42737e+07	2.43866e+07	18931.9   	81802.9   	22261.1   	23112.7   	35609.6   
34550.562107	1.08966e+07	1.55654e+07	2.43338e+07	2.44469e+07	18953.8   	82090.1   	22299.4   	23150.6   	35669.8   
34644.195064	1.09047e+07	1.55881e+07	2.43939e+07	2.45072e+07	18975.7   	82377.3   	22337.7   	23188.6   	35730     
34737.828021	1.09128e+07	1.56107e+07	2.4454e+07	2.45675e+07	18997.6   	82664.4   	22376.1   	23226.5   	35790.2   
34831.460978	1.09209e+07	1.56334e+07	2.45141e+07	2.46278e+07	19019.5   	82951.6   	22414.4   	23264.4   	35850.3   
34925.093934	1.0929e+07	1.5656e+07	2.45743e+07	2.46881e+07	19041.4   	83238.7   	22452.7   	23302.3   	35910.5   
35018.726891	1.09371e+07	1.56787e+07	2.46344e+07	2.47484e+07	19063.3   	83525.9   	22491     	23340.2   	35970.7   
35112.359848	1.09451e+07	1.57013e+07	2.46945e+07	2.48087e+07	19085.1   	83813.1   	22529.3   	23378.1   	36030.9   
35205.992805	1.09532e+07	1.5724e+07	2.47546e+07	2.4869e+07	19107     	84100.2   	22567.6   	23416     	36091.1   
35299.625762	1.09613e+07	1.57466e+07	2.48147e+07	2.49293e+07	19128.9   	84387.4   	22605.9   	23454     	36151.3   
35393.258719	1.09694e+07	1.57692e+07	2.48748e+07	2.49896e+07	19150.8   	84674.5   	22644.3   	23491.9   	36211.4   
35486.891676	1.09775e+07	1.57919e+07	2.49349e+07	2.50499e+07	19172.7   	84961.7   	22682.6   	23529.8   	36271.6   
35580.524633	1.09856e+07	1.58145e+07	2.4995e+07	2.51102e+07	19194.6   	85248.9   	22720.9   	23567.7   	36331.8   
35674.157590	1.09937e+07	1.58372e+07	2.50551e+07	2.51705e+07	19216.4   	85536     	22759.2   	23605.6   	36392     
35767.790547	1.10018e+07	1.58598e+07	2.51152e+07	2.52308e+07	19238.3   	85823.2   	22797.5   	23643.5   	36452.2   
35861.423504	1.10099e+07	1.58825e+07	2.51753e+07	2.52911e+07	19260.2   	86110.3   	22835.8   	23681.4   	36512.4   
35955.056461	1.1018e+07	1.59051e+07	2.52354e+07	2.53514e+07	19282.1   	86397.5   	22874.1   	23719.4   	36572.5   
36048.689418	1.10257e+07	1.59273e+07	2.52954e+07	2.54115e+07	19303.6   	86687.3   	22912.2   	23757     	36632.3   
36142.322375	1.10331e+07	1.5949e+07	2.53551e+07	2.54714e+07	19324.8   	86979.5   	22949.9   	23794.3   	36691.6   
36235.955331	1.10406e+07	1.59707e+07	2.54149e+07	2.55314e+07	19346     	87271.7   	22987.6   	23831.7   	36751     
36329.588288	1.1048e+07	1.59924e+07	2.54747e+07	2.55914e+07	19367.1   	87563.9   	23025.4   	23869     	36810.3   
36423.221245	1.10554e+07	1.60141e+07	2.55344e+07	2.56513e+07	19388.3   	87856.2   	23063.1   	23906.3   	36869.7   
36516.854202	1.10629e+07	1.60358e+07	2.55942e+07	2.57113e+07	19409.5   	88148.4   	23100.9   	23943.7   	36929     
36610.487159	1.10703e+07	1.60575e+07	2.5654e+07	2.57712e+07	19430.6   	88440.6   	23138.6   	23981     	36988.4   
36704.120116	1.10777e+07	1.60792e+07	2.57138e+07	2.58312e+07	19451.8   	88732.8   	23176.4   	24018.4   	37047.7   
36797.753073	1.10851e+07	1.61009e+07	2.57735e+07	2.58912e+07	19473     	89025     	23214.1   	24055.7   	37107.1   
36891.386030	1.10926e+07	1.61226e+07	2.58333e+07	2.59511e+07	19494.1   	89317.2   	23251.9   	24093     	37166.4   
36985.018987	1.11e+07  	1.61443e+07	2.58931e+07	2.60111e+07	19515.3   	89609.5   	23289.6   	24130.4   	37225.7   
37078.651944	1.11074e+07	1.6166e+07	2.59529e+07	2.6071e+07	19536.5   	89901.7   	23327.3   	24167.7   	37285.1   
37172.284901	1.11148e+07	1.61877e+07	2.60126e+07	2.6131e+07	19557.6   	90193.9   	23365.1   	24205.1   	37344.4   
37265.917858	1.11223e+07	1.62094e+07	2.60724e+07	2.6191e+07	19578.8   	90486.1   	23402.8   	24242.4   	37403.8   
37359.550815	1.11297e+07	1.62311e+07	2.61322e+07	2.62509e+07	19600     	90778.3   	23440.6   	24279.7   	37463.1   
37453.183772	1.11371e+07	1.62528e+07	2.6192e+07	2.63109e+07	19621.1   	91070.5   	23478.3   	24317.1   	37522.5   
37546.816728	1.11445e+07	1.62745e+07	2.62517e+07	2.63708e+07	19642.3   	91362.8   	23516.1   	24354.4   	37581.8   
37640.449685	1.1152e+07	1.62962e+07	2.63115e+07	2.64308e+07	19663.5   	91655     	23553.8   	24391.8   	37641.2   
37734.082642	1.11594e+07	1.63179e+07	2.63713e+07	2.64907e+07	19684.6   	91947.2   	23591.5   	24429.1   	37700.5   
37827.715599	1.11668e+07	1.63396e+07	2.64311e+07	2.65507e+07	19705.8   	92239.4   	23629.3   	24466.4   	37759.9   
37921.348556	1.11743e+07	1.63613e+07	2.64908e+07	2.66107e+07	19727     	92531.6   	23667     	24503.8   	37819.2   
38014.981513	1.11816e+07	1.63829e+07	2.65506e+07	2.66706e+07	19748     	92824.6   	23704.7   	24541     	37878.4   
38108.614470	1.11884e+07	1.64037e+07	2.661e+07 	2.67302e+07	19768.5   	93121.8   	23741.9   	24577.8   	37937     
38202.247427	1.11953e+07	1.64245e+07	2.66695e+07	2.67898e+07	19789.1   	93418.9   	23779.1   	24614.6   	37995.5   
38295.880384	1.12021e+07	1.64454e+07	2.6729e+07	2.68495e+07	19809.6   	93716     	23816.2   	24651.4   	38054.1   
38389.513341	1.12089e+07	1.64662e+07	2.67884e+07	2.69091e+07	19830.1   	94013.1   	23853.4   	24688.2   	38112.7   
38483.146298	1.12158e+07	1.6487e+07	2.68479e+07	2.69688e+07	19850.6   	94310.2   	23890.6   	24725     	38171.2   
38576.779255	1.12226e+07	1.65079e+07	2.69074e+07	2.70284e+07	19871.1   	94607.3   	23927.8   	24761.8   	38229.8   
38670.412212	1.12294e+07	1.65287e+07	2.69668e+07	2.7088e+07	19891.6   	94904.5   	23965     	24798.6   	38288.3   
38764.045169	1.12363e+07	1.65496e+07	2.70263e+07	2.71477e+07	19912.1   	95201.6   	24002.2   	24835.4   	38346.9   
38857.678125	1.12431e+07	1.65704e+07	2.70858e+07	2.72073e+07	19932.7   	95498.7   	24039.4   	24872.2   	38405.5   
38951.311082	1.125e+07 	1.65912e+07	2.71452e+07	2.7267e+07	19953.2   	95795.8   	24076.5   	24909     	38464     
39044.944039	1.12568e+07	1.66121e+07	2.72047e+07	2.73266e+07	19973.7   	96092.9   	24113.7   	24945.8   	38522.6   
39138.576996	1.12636e+07	1.66329e+07	2.72642e+07	2.73862e+07	19994.2   	96390     	24150.9   	24982.6   	38581.1   
39232.209953	1.12705e+07	1.66537e+07	2.73236e+07	2.74459e+07	20014.7   	96687.2   	24188.1   	25019.4   	38639.7   
39325.842910	1.12773e+07	1.66746e+07	2.73831e+07	2.75055e+07	20035.2   	96984.3   	24225.3   	25056.2   	38698.3   
39419.475867	1.12841e+07	1.66954e+07	2.74426e+07	2.75652e+07	20055.7   	97281.4   	24262.5   	25093     	38756.8   
39513.108824	1.1291e+07	1.67162e+07	2.7502e+07	2.76248e+07	20076.3   	97578.5   	24299.7   	25129.8   	38815.4   
39606.741781	1.12978e+07	1.67371e+07	2.75615e+07	2.76844e+07	20096.8   	97875.6   	24336.9   	25166.6   	38873.9   
39700.374738	1.13047e+07	1.67579e+07	2.7621e+07	2.77441e+07	20117.3   	98172.7   	24374     	25203.4   	38932.5   
39794.007695	1.13115e+07	1.67787e+07	2.76804e+07	2.78037e+07	20137.8   	98469.9   	24411.2   	25240.2   	38991.1   
39887.640652	1.13183e+07	1.67996e+07	2.77399e+07	2.78634e+07	20158.3   	98767     	24448.4   	25277     	39049.6   
39981.273609	1.13252e+07	1.68204e+07	2.77994e+07	2.7923e+07	20178.8   	99064.1   	24485.6   	25313.8   	39108.2   
40074.906566	1.13316e+07	1.68406e+07	2.78586e+07	2.79824e+07	20198.9   	99365     	24522.3   	25350.2   	39166.1   
40168.539522	1.13379e+07	1.68606e+07	2.79178e+07	2.80417e+07	20218.8   	99666.9   	24559     	25386.5   	39224     
40262.172479	1.13442e+07	1.68807e+07	2.79769e+07	2.81011e+07	20238.7   	99968.8   	24595.6   	25422.7   	39281.8   
40355.805436	1.13505e+07	1.69007e+07	2.80361e+07	2.81604e+07	20258.6   	100271    	24632.3   	25459     	39339.6   
40449.438393	1.13568e+07	1.69208e+07	2.80953e+07	2.82198e+07	20278.5   	100573    	24668.9   	25495.3   	39397.4   
40543.071350	1.13631e+07	1.69408e+07	2.81545e+07	2.82791e+07	20298.4   	100874    	24705.6   	25531.6   	39455.2   
40636.704307	1.13695e+07	1.69608e+07	2.82137e+07	2.83384e+07	20318.3   	101176    	24742.2   	25567.9   	39513     
40730.337264	1.13758e+07	1.69809e+07	2.82728e+07	2.83978e+07	20338.3   	101478    	24778.8   	25604.2   	39570.8   
40823.970221	1.13821e+07	1.70009e+07	2.8332e+07	2.84571e+07	20358.2   	101780    	24815.5   	25640.4   	39628.7   
40917.603178	1.13884e+07	1.70209e+07	2.83912e+07	2.85165e+07	20378.1   	102082    	24852.1   	25676.7   	39686.5   
41011.236135	1.13947e+07	1.7041e+07	2.84504e+07	2.85758e+07	20398     	102384    	24888.8   	25713     	39744.3   
41104.869092	1.1401e+07	1.7061e+07	2.85095e+07	2.86352e+07	20417.9   	102686    	24925.4   	25749.3   	39802.1   
41198.502049	1.14073e+07	1.7081e+07	2.85687e+07	2.86945e+07	20437.8   	102988    	24962.1   	25785.6   	39859.9   
41292.135006	1.14136e+07	1.71011e+07	2.86279e+07	2.87538e+07	20457.7   	103290    	24998.7   	25821.9   	39917.7   
41385.767963	1.142e+07 	1.71211e+07	2.86871e+07	2.88132e+07	20477.7   	103591    	25035.3   	25858.1   	39975.6   
41479.400919	1.14263e+07	1.71412e+07	2.87463e+07	2.88725e+07	20497.6   	103893    	25072     	25894.4   	40033.4   
41573.033876	1.14326e+07	1.71612e+07	2.88054e+07	2.89319e+07	20517.5   	104195    	25108.6   	25930.7   	40091.2   
41666.666833	1.14389e+07	1.71812e+07	2.88646e+07	2.89912e+07	20537.4   	104497    	25145.3   	25967     	40149     
41760.299790	1.14452e+07	1.72013e+07	2.89238e+07	2.90505e+07	20557.3   	104799    	25181.9   	26003.3   	40206.8   
41853.932747	1.14515e+07	1.72213e+07	2.8983e+07	2.91099e+07	20577.2   	105101    	25218.6   	26039.6   	40264.6   
41947.565704	1.14578e+07	1.72413e+07	2.90421e+07	2.91692e+07	20597.1   	105403    	25255.2   	26075.8   	40322.5   
42041.198661	1.14639e+07	1.72611e+07	2.91012e+07	2.92284e+07	20616.8   	105707    	25291.6   	26111.9   	40380     
42134.831618	1.14698e+07	1.72804e+07	2.91601e+07	2.92875e+07	20636.2   	106013    	25327.7   	26147.7   	40437.1   
42228.464575	1.14756e+07	1.72997e+07	2.9219e+07	2.93466e+07	20655.5   	106320    	25363.8   	26183.5   	40494.2   
42322.097532	1.14815e+07	1.7319e+07	2.92779e+07	2.94056e+07	20674.9   	106626    	25399.9   	26219.3   	40551.3   
42415.730489	1.14873e+07	1.73383e+07	2.93368e+07	2.94647e+07	20694.3   	106933    	25436     	26255.1   	40608.4   
42509.363446	1.14932e+07	1.73576e+07	2.93957e+07	2.95237e+07	20713.6   	107239    	25472.1   	26290.9   	40665.5   
42602.996403	1.1499e+07	1.73769e+07	2.94546e+07	2.95828e+07	20733     	107546    	25508.2   	26326.6   	40722.6   
42696.629360	1.15049e+07	1.73962e+07	2.95135e+07	2.96419e+07	20752.4   	107853    	25544.3   	26362.4   	40779.7   
42790.262316	1.15107e+07	1.74155e+07	2.95725e+07	2.97009e+07	20771.7   	108159    	25580.5   	26398.2   	40836.8   
42883.895273	1.15165e+07	1.74348e+07	2.96314e+07	2.976e+07 	20791.1   	108466    	25616.6   	26434     	40893.9   
42977.528230	1.15224e+07	1.74541e+07	2.96903e+07	2.9819e+07	20810.5   	108772    	25652.7   	26469.8   	40951     
43071.161187	1.15282e+07	1.74734e+07	2.97492e+07	2.98781e+07	20829.8   	109079    	25688.8   	26505.6   	41008.1   
43164.794144	1.15341e+07	1.74927e+07	2.98081e+07	2.99372e+07	20849.2   	109385    	25724.9   	26541.4   	41065.2   
43258.427101	1.15399e+07	1.75119e+07	2.9867e+07	2.99962e+07	20868.5   	109692    	25761     	26577.2   	41122.3   
43352.060058	1.15458e+07	1.75312e+07	2.99259e+07	3.00553e+07	20887.9   	109998    	25797.1   	26613     	41179.4   
43445.693015	1.15516e+07	1.75505e+07	2.99848e+07	3.01143e+07	20907.3   	110305    	25833.2   	26648.8   	41236.5   
43539.325972	1.15575e+07	1.75698e+07	3.00437e+07	3.01734e+07	20926.6   	110612    	25869.3   	26684.5   	41293.6   
43632.958929	1.15633e+07	1.75891e+07	3.01026e+07	3.02325e+07	20946     	110918    	25905.4   	26720.3   	41350.7   
43726.591886	1.15691e+07	1.76084e+07	3.01615e+07	3.02915e+07	20965.4   	111225    	25941.5   	26756.1   	41407.8   
43820.224843	1.1575e+07	1.76277e+07	3.02204e+07	3.03506e+07	20984.7   	111531    	25977.6   	26791.9   	41464.9   
43913.857800	1.15808e+07	1.7647e+07	3.02793e+07	3.04096e+07	21004.1   	111838    	26013.7   	26827.7   	41522     
44007.490757	1.15866e+07	1.76663e+07	3.03382e+07	3.04687e+07	21023.4   	112145    	26049.8   	26863.5   	41579.1   
44101.123713	1.15921e+07	1.76849e+07	3.03969e+07	3.05275e+07	21042.3   	112456    	26085.4   	26898.8   	41635.5   
44194.756670	1.15975e+07	1.77035e+07	3.04555e+07	3.05863e+07	21061.1   	112767    	26121     	26934.1   	41691.9   
44288.389627	1.16029e+07	1.77221e+07	3.05142e+07	3.06451e+07	21080     	113078    	26156.5   	26969.4   	41748.3   
44382.022584	1.16083e+07	1.77408e+07	3.05728e+07	3.07039e+07	21098.8   	113389    	26192.1   	27004.7   	41804.7   
44475.655541	1.16138e+07	1.77594e+07	3.06315e+07	3.07626e+07	21117.7   	113700    	26227.7   	27040     	41861.2   
44569.288498	1.16192e+07	1.7778e+07	3.06902e+07	3.08214e+07	21136.5   	114011    	26263.3   	27075.3   	41917.6   
44662.921455	1.16246e+07	1.77966e+07	3.07488e+07	3.08802e+07	21155.4   	114322    	26298.9   	27110.6   	41974     
44756.554412	1.163e+07 	1.78152e+07	3.08075e+07	3.0939e+07	21174.3   	114634    	26334.5   	27146     	42030.4   
44850.187369	1.16355e+07	1.78338e+07	3.08661e+07	3.09978e+07	21193.1   	114945    	26370     	27181.3   	42086.8   
44943.820326	1.16409e+07	1.78524e+07	3.09248e+07	3.10566e+07	21212     	115256    	26405.6   	27216.6   	42143.2   
45037.453283	1.16463e+07	1.78711e+07	3.09834e+07	3.11154e+07	21230.8   	115567    	26441.2   	27251.9   	42199.7   
45131.086240	1.16517e+07	1.78897e+07	3.10421e+07	3.11742e+07	21249.7   	115878    	26476.8   	27287.2   	42256.1   
45224.719197	1.16572e+07	1.79083e+07	3.11007e+07	3.1233e+07	21268.5   	116189    	26512.4   	27322.5   	42312.5   
45318.352154	1.16626e+07	1.79269e+07	3.11594e+07	3.12918e+07	21287.4   	116500    	26547.9   	27357.8   	42368.9   
45411.985110	1.1668e+07	1.79455e+07	3.1218e+07	3.13506e+07	21306.2   	116811    	26583.5   	27393.1   	42425.3   
45505.618067	1.16734e+07	1.79641e+07	3.12767e+07	3.14094e+07	21325.1   	117122    	26619.1   	27428.5   	42481.7   
45599.251024	1.16788e+07	1.79828e+07	3.13353e+07	3.14682e+07	21343.9   	117434    	26654.7   	27463.8   	42538.2   
45692.883981	1.16843e+07	1.80014e+07	3.1394e+07	3.1527e+07	21362.8   	117745    	26690.3   	27499.1   	42594.6   
45786.516938	1.16897e+07	1.802e+07 	3.14526e+07	3.15858e+07	21381.7   	118056    	26725.8   	27534.4   	42651     
45880.149895	1.16951e+07	1.80386e+07	3.15113e+07	3.16446e+07	21400.5   	118367    	26761.4   	27569.7   	42707.4   
45973.782852	1.17005e+07	1.80572e+07	3.157e+07 	3.17034e+07	21419.4   	118678    	26797     	27605     	42763.8   
46067.415809	1.17057e+07	1.80754e+07	3.16284e+07	3.1762e+07	21437.9   	118992    	26832.2   	27640     	42819.8   
46161.048766	1.17107e+07	1.80934e+07	3.16868e+07	3.18205e+07	21456.3   	119308    	26867.3   	27674.9   	42875.5   
46254.681723	1.17158e+07	1.81113e+07	3.17453e+07	3.18791e+07	21474.6   	119624    	26902.3   	27709.7   	42931.3   
46348.314680	1.17208e+07	1.81293e+07	3.18037e+07	3.19376e+07	21493     	119939    	26937.4   	27744.6   	42987     
46441.947637	1.17259e+07	1.81473e+07	3.18621e+07	3.19962e+07	21511.4   	120255    	26972.5   	27779.4   	43042.8   
46535.580594	1.17309e+07	1.81653e+07	3.19205e+07	3.20547e+07	21529.8   	120570    	27007.5   	27814.3   	43098.5   
46629.213551	1.1736e+07	1.81833e+07	3.19789e+07	3.21133e+07	21548.2   	120886    	27042.6   	27849.1   	43154.3   
46722.846507	1.1741e+07	1.82012e+07	3.20373e+07	3.21718e+07	21566.6   	121201    	27077.7   	27884     	43210     
46816.479464	1.17461e+07	1.82192e+07	3.20958e+07	3.22303e+07	21584.9   	121517    	27112.7   	27918.8   	43265.8   
46910.112421	1.17511e+07	1.82372e+07	3.21542e+07	3.22889e+07	21603.3   	121833    	27147.8   	27953.7   	43321.5   
47003.745378	1.17562e+07	1.82552e+07	3.22126e+07	3.23474e+07	21621.7   	122148    	27182.9   	27988.5   	43377.3   
47097.378335	1.17612e+07	1.82732e+07	3.2271e+07	3.2406e+07	21640.1   	122464    	27217.9   	28023.4   	43433     
47191.011292	1.17662e+07	1.82911e+07	3.23294e+07	3.24645e+07	21658.5   	122779    	27253     	28058.2   	43488.8   
47284.644249	1.17713e+07	1.83091e+07	3.23878e+07	3.25231e+07	21676.9   	123095    	27288.1   	28093.1   	43544.6   
47378.277206	1.17763e+07	1.83271e+07	3.24462e+07	3.25816e+07	21695.2   	123410    	27323.1   	28127.9   	43600.3   
47471.910163	1.17814e+07	1.83451e+07	3.25047e+07	3.26402e+07	21713.6   	123726    	27358.2   	28162.8   	43656.1   
47565.543120	1.17864e+07	1.83631e+07	3.25631e+07	3.26987e+07	21732     	124042    	27393.3   	28197.6   	43711.8   
47659.176077	1.17915e+07	1.8381e+07	3.26215e+07	3.27573e+07	21750.4   	124357    	27428.3   	28232.5   	43767.6   
47752.809034	1.17965e+07	1.8399e+07	3.26799e+07	3.28158e+07	21768.8   	124673    	27463.4   	28267.3   	43823.3   
47846.441991	1.18016e+07	1.8417e+07	3.27383e+07	3.28743e+07	21787.2   	124988    	27498.4   	28302.2   	43879.1   
47940.074948	1.18066e+07	1.8435e+07	3.27967e+07	3.29329e+07	21805.5   	125304    	27533.5   	28337.1   	43934.8   
48033.707904	1.18115e+07	1.84528e+07	3.28551e+07	3.29913e+07	21823.8   	125621    	27568.4   	28371.7   	43990.4   
48127.340861	1.18162e+07	1.84701e+07	3.29132e+07	3.30497e+07	21841.7   	125941    	27603     	28406.2   	44045.5   
48220.973818	1.18209e+07	1.84875e+07	3.29714e+07	3.3108e+07	21859.6   	126261    	27637.5   	28440.6   	44100.6   
48314.606775	1.18256e+07	1.85049e+07	3.30296e+07	3.31663e+07	21877.6   	126581    	27672.1   	28475     	44155.7   
48408.239732	1.18303e+07	1.85223e+07	3.30878e+07	3.32246e+07	21895.5   	126901    	27706.6   	28509.4   	44210.8   
48501.872689	1.18351e+07	1.85397e+07	3.3146e+07	3.32829e+07	21913.5   	127221    	27741.2   	28543.8   	44265.9   
48595.505646	1.18398e+07	1.85571e+07	3.32042e+07	3.33412e+07	21931.4   	127540    	27775.8   	28578.2   	44321     
48689.138603	1.18445e+07	1.85745e+07	3.32624e+07	3.33995e+07	21949.4   	127860    	27810.3   	28612.6   	44376.1   
48782.771560	1.18492e+07	1.85919e+07	3.33206e+07	3.34578e+07	21967.3   	128180    	27844.9   	28647     	44431.2   
48876.404517	1.18539e+07	1.86092e+07	3.33788e+07	3.35161e+07	21985.3   	128500    	27879.4   	28681.4   	44486.4   
48970.037474	1.18586e+07	1.86266e+07	3.3437e+07	3.35744e+07	22003.2   	128820    	27914     	28715.8   	44541.5   
49063.670431	1.18633e+07	1.8644e+07	3.34951e+07	3.36327e+07	22021.1   	129140    	27948.6   	28750.2   	44596.6   
49157.303388	1.1868e+07	1.86614e+07	3.35533e+07	3.3691e+07	22039.1   	129460    	27983.1   	28784.6   	44651.7   
49250.936345	1.18727e+07	1.86788e+07	3.36115e+07	3.37494e+07	22057     	129780    	28017.7   	28819     	44706.8   
49344.569301	1.18774e+07	1.86962e+07	3.36697e+07	3.38077e+07	22075     	130100    	28052.2   	28853.4   	44761.9   
49438.202258	1.18821e+07	1.87136e+07	3.37279e+07	3.3866e+07	22092.9   	130419    	28086.8   	28887.8   	44817     
49531.835215	1.18868e+07	1.8731e+07	3.37861e+07	3.39243e+07	22110.9   	130739    	28121.4   	28922.2   	44872.1   
49625.468172	1.18915e+07	1.87483e+07	3.38443e+07	3.39826e+07	22128.8   	131059    	28155.9   	28956.7   	44927.3   
49719.101129	1.18962e+07	1.87657e+07	3.39025e+07	3.40409e+07	22146.8   	131379    	28190.5   	28991.1   	44982.4   
49812.734086	1.19009e+07	1.87831e+07	3.39607e+07	3.40992e+07	22164.7   	131699    	28225     	29025.5   	45037.5   
49906.367043	1.19056e+07	1.88005e+07	3.40188e+07	3.41575e+07	22182.6   	132019    	28259.6   	29059.9   	45092.6   
50000.000000	1.19103e+07	1.88179e+07	3.4077e+07	3.42158e+07	22200.6   	132339    	28294.2   	29094.3   	45147.7   
