*Energy (MeV/u)1	0 - [He-base] F.Hubert et al, AD&ND Tables 46(1990)1	Energy (MeV/u)2	1 - [H -base] J.F.Ziegler et al, Pergamon Press, NY (low energy)	Energy (MeV/u)3	2 - ATIMA 1.2  LS-theory (recommended for high energy)	Energy (MeV/u)4	3 - ATIMA 1.2  without LS-correction	Energy (MeV/u)5	4 - Range straggling - method [0] - LISE	Energy (MeV/u)6	5 - Range straggling - method [1] - Atima	Energy (MeV/u)7	6 - Lateral range - method [0] - LISE	Energy (MeV/u)8	7 - Lateral range - method [1] - Atima	Energy (MeV/u)9	8 - Lateral range - method [2] - PDG	
0.001000	0.13534   	0.001000	0.13534   	0.001000	0.147685  	0.001000	0.147685  	0.001000	0         	0.001000	0         	0.001000	0.000913885	0.001000	0.00135039	0.001000	0.000816939
0.002000	0.272754  	0.002000	0.270679  	0.002000	0.29537   	0.002000	0.29537   	0.002000	0.0357046 	0.002000	0.0357046 	0.002000	0.00267738	0.002000	0.00382328	0.002000	0.00244885
0.005000	0.516524  	0.005000	0.510768  	0.005000	0.559895  	0.005000	0.559895  	0.005000	0.0386862 	0.005000	0.0386862 	0.005000	0.00670769	0.005000	0.00946934	0.005000	0.00618077
0.008000	0.677567  	0.008000	0.669379  	0.008000	0.735577  	0.008000	0.735577  	0.008000	0.0387259 	0.008000	0.0387259 	0.008000	0.00983892	0.008000	0.0137969 	0.008000	0.00910401
0.010000	0.765132  	0.010000	0.755622  	0.010000	0.83127   	0.010000	0.83127   	0.010000	0.0388382 	0.010000	0.0388382 	0.010000	0.0117454 	0.010000	0.0163442 	0.010000	0.0108897
0.015000	0.944905  	0.015000	0.93268   	0.015000	1.02986   	0.015000	1.02986   	0.015000	0.0393027 	0.015000	0.0393027 	0.015000	0.0162861 	0.015000	0.021845  	0.015000	0.0151552
0.020000	1.09425   	0.020000	1.07977   	0.020000	1.19356   	0.020000	1.19356   	0.020000	0.0398435 	0.020000	0.0398435 	0.020000	0.0206852 	0.020000	0.0265205 	0.020000	0.0192997
0.025000	1.22532   	0.025000	1.20886   	0.025000	1.33573   	0.025000	1.33573   	0.025000	0.0403724 	0.025000	0.0403724 	0.025000	0.0250782 	0.025000	0.0307832 	0.025000	0.0234476
0.030000	1.34313   	0.030000	1.32489   	0.030000	1.45699   	0.030000	1.45699   	0.030000	0.0408007 	0.030000	0.0408007 	0.030000	0.0293647 	0.030000	0.0346789 	0.030000	0.0274962
0.035000	1.45097   	0.035000	1.43111   	0.035000	1.56234   	0.035000	1.56234   	0.035000	0.0411415 	0.035000	0.0411415 	0.035000	0.0331113 	0.035000	0.0382733 	0.035000	0.0314636
0.040000	1.55121   	0.040000	1.52983   	0.040000	1.65926   	0.040000	1.65926   	0.040000	0.0414503 	0.040000	0.0414503 	0.040000	0.0366882 	0.040000	0.0417293 	0.040000	0.0354806
0.045000	1.64552   	0.045000	1.62271   	0.045000	1.75079   	0.045000	1.75079   	0.045000	0.0417442 	0.045000	0.0417442 	0.045000	0.0402135 	0.045000	0.0451312 	0.045000	0.0389998
0.050000	1.73514   	0.050000	1.71098   	0.050000	1.83831   	0.050000	1.83831   	0.050000	0.0420286 	0.050000	0.0420825 	0.050000	0.0436728 	0.050000	0.0484758 	0.050000	0.0424912
0.055000	1.82097   	0.055000	1.79552   	0.055000	1.92259   	0.055000	1.92259   	0.055000	0.0423053 	0.055000	0.0424337 	0.055000	0.0471079 	0.055000	0.0518038 	0.055000	0.0459708
0.060000	1.90372   	0.060000	1.87701   	0.060000	2.00415   	0.060000	2.00415   	0.060000	0.0425754 	0.060000	0.0427678 	0.060000	0.0505282 	0.060000	0.0551135 	0.060000	0.0494256
0.070000	2.06194   	0.070000	2.03285   	0.070000	2.16065   	0.070000	2.16065   	0.070000	0.0430993 	0.070000	0.0433958 	0.070000	0.0573234 	0.070000	0.0617125 	0.070000	0.0562815
0.080000	2.21289   	0.080000	2.18152   	0.080000	2.31026   	0.080000	2.31026   	0.080000	0.0436066 	0.080000	0.043984  	0.080000	0.0640886 	0.080000	0.0683281 	0.080000	0.0631042
0.090000	2.35861   	0.090000	2.32504   	0.090000	2.45476   	0.090000	2.45476   	0.090000	0.0441036 	0.090000	0.0445448 	0.090000	0.0706363 	0.090000	0.0747909 	0.090000	0.0697013
0.100000	2.50052   	0.100000	2.4648    	0.100000	2.59542   	0.100000	2.59542   	0.100000	0.0445953 	0.100000	0.0450874 	0.100000	0.0765253 	0.100000	0.0806397 	0.100000	0.0756339
0.120000	2.77684   	0.120000	2.73695   	0.120000	2.86902   	0.120000	2.86902   	0.120000	0.0455795 	0.120000	0.0461439 	0.120000	0.0868305 	0.120000	0.0909509 	0.120000	0.0859927
0.140000	3.04762   	0.140000	3.00364   	0.140000	3.13665   	0.140000	3.13665   	0.140000	0.0465862 	0.140000	0.0471923 	0.140000	0.0957585 	0.140000	0.0999733 	0.140000	0.0949457
0.160000	3.31643   	0.160000	3.26839   	0.160000	3.40188   	0.160000	3.40188   	0.160000	0.047635  	0.160000	0.0482572 	0.160000	0.103548  	0.160000	0.107956  	0.160000	0.102745
0.180000	3.58564   	0.180000	3.53354   	0.180000	3.66708   	0.180000	3.66708   	0.180000	0.0487404 	0.180000	0.0493556 	0.180000	0.110276  	0.180000	0.114935  	0.180000	0.109467
0.200000	3.85688   	0.200000	3.80068   	0.200000	3.93389   	0.200000	3.93389   	0.200000	0.0499135 	0.200000	0.0504991 	0.200000	0.116016  	0.200000	0.120986  	0.200000	0.115198
0.250000	4.5504    	0.250000	4.48373   	0.250000	4.61472   	0.250000	4.61472   	0.250000	0.0531944 	0.250000	0.0536059 	0.250000	0.130696  	0.250000	0.136509  	0.250000	0.129848
0.300000	5.2732    	0.300000	5.19562   	0.300000	5.32265   	0.300000	5.32265   	0.300000	0.057034  	0.300000	0.0571205 	0.300000	0.144642  	0.300000	0.151356  	0.300000	0.143761
0.350000	6.02993   	0.350000	5.94092   	0.350000	6.06256   	0.350000	6.06256   	0.350000	0.0614715 	0.350000	0.0610725 	0.350000	0.15699   	0.350000	0.164714  	0.350000	0.156064
0.400000	6.82265   	0.400000	6.72167   	0.400000	6.8367    	0.400000	6.8367    	0.400000	0.0665165 	0.400000	0.065465  	0.400000	0.169428  	0.400000	0.178159  	0.400000	0.168459
0.450000	7.6522    	0.450000	7.53869   	0.450000	7.64606   	0.450000	7.64606   	0.450000	0.0721606 	0.450000	0.0702872 	0.450000	0.181406  	0.450000	0.191185  	0.450000	0.180397
0.500000	8.51879   	0.500000	8.3922    	0.500000	8.49101   	0.500000	8.49101   	0.500000	0.0783849 	0.500000	0.0755206 	0.500000	0.193262  	0.500000	0.204116  	0.500000	0.192215
0.600000	10.3624   	0.600000	10.208    	0.600000	10.2874   	0.600000	10.2874   	0.600000	0.0924756 	0.600000	0.0871312 	0.600000	0.21634   	0.600000	0.229431  	0.600000	0.215231
0.700000	12.3505   	0.700000	12.1661   	0.700000	12.2237   	0.700000	12.2237   	0.700000	0.108582  	0.700000	0.100114  	0.700000	0.239228  	0.700000	0.254606  	0.700000	0.238079
0.800000	14.4792   	0.800000	14.2626   	0.800000	14.2966   	0.800000	14.2966   	0.800000	0.126512  	0.800000	0.114301  	0.800000	0.262393  	0.800000	0.280106  	0.800000	0.26123
0.900000	16.7441   	0.900000	16.4933   	0.900000	16.5024   	0.900000	16.5024   	0.900000	0.146105  	0.900000	0.129551  	0.900000	0.285867  	0.900000	0.305942  	0.900000	0.284719
1.000000	19.1413   	1.000000	18.8543   	1.000000	18.8374   	1.000000	18.8374   	1.000000	0.167233  	1.000000	0.145753  	1.000000	0.310011  	1.000000	0.33243   	1.000000	0.308906
1.250000	25.6899   	1.250000	25.304    	1.250000	25.2194   	1.250000	25.2194   	1.250000	0.22616   	1.250000	0.189912  	1.250000	0.3728    	1.250000	0.400965  	1.250000	0.371931
1.500000	32.9966   	1.500000	32.5004   	1.500000	32.3469   	1.500000	32.3469   	1.500000	0.293061  	1.500000	0.238667  	1.500000	0.439929  	1.500000	0.473491  	1.500000	0.439483
1.750000	41.027    	1.750000	40.4095   	1.750000	40.1885   	1.750000	40.1885   	1.750000	0.367368  	1.750000	0.291544  	1.750000	0.512753  	1.750000	0.551151  	1.750000	0.512906
2.000000	49.7554   	2.000000	49.0061   	2.000000	48.7205   	2.000000	48.7205   	2.000000	0.448747  	2.000000	0.34825   	2.000000	0.591577  	2.000000	0.634165  	2.000000	0.5925
2.250000	59.1612   	2.250000	58.2698   	2.250000	57.9241   	2.250000	57.9241   	2.250000	0.536975  	2.250000	0.408597  	2.250000	0.676404  	2.250000	0.722482  	2.250000	0.678246
2.500000	69.2371   	2.500000	68.1837   	2.500000	67.7834   	2.500000	67.7834   	2.500000	0.631887  	2.500000	0.472467  	2.500000	0.767138  	2.500000	0.815977  	2.500000	0.77004
3.000000	91.6029   	3.000000	89.9043   	3.000000	89.4156   	3.000000	89.4156   	3.000000	0.841205  	3.000000	0.610411  	3.000000	0.965862  	3.000000	1.01801   	3.000000	0.971271
3.500000	116.281   	3.500000	114.065   	3.500000	113.521   	3.500000	113.521   	3.500000	1.0757    	3.500000	0.761318  	3.500000	1.18685   	3.500000	1.23932   	3.500000	1.19522
4.000000	143.202   	4.000000	140.578   	4.000000	140.016   	4.000000	140.016   	4.000000	1.33445   	4.000000	0.924481  	4.000000	1.42919   	4.000000	1.479     	4.000000	1.44095
4.500000	172.305   	4.500000	169.365   	4.500000	168.827   	4.500000	168.827   	4.500000	1.61661   	4.500000	1.09934   	4.500000	1.69207   	4.500000	1.73621   	4.500000	1.7076
5.000000	203.539   	5.000000	200.357   	5.000000	199.888   	5.000000	199.888   	5.000000	1.92142   	5.000000	1.2854    	5.000000	1.97471   	5.000000	2.01019   	5.000000	1.99438
5.500000	236.86    	5.500000	233.491   	5.500000	233.141   	5.500000	233.141   	5.500000	2.24817   	5.500000	1.48219   	5.500000	2.27644   	5.500000	2.30025   	5.500000	2.30057
6.000000	272.226   	6.000000	268.713   	6.000000	268.531   	6.000000	268.531   	6.000000	2.59622   	6.000000	1.68932   	6.000000	2.59663   	6.000000	2.60576   	6.000000	2.62555
6.500000	309.602   	6.500000	305.97    	6.500000	306.01    	6.500000	306.01    	6.500000	2.96502   	6.500000	1.90644   	6.500000	2.93475   	6.500000	2.92621   	6.500000	2.96876
7.000000	348.955   	7.000000	345.219   	7.000000	345.535   	7.000000	345.535   	7.000000	3.35404   	7.000000	2.13322   	7.000000	3.29028   	7.000000	3.26108   	7.000000	3.32967
7.500000	390.254   	7.500000	386.416   	7.500000	387.065   	7.500000	387.065   	7.500000	3.76285   	7.500000	2.36938   	7.500000	3.66278   	7.500000	3.60994   	7.500000	3.70784
8.000000	433.473   	8.000000	429.524   	8.000000	430.564   	8.000000	430.564   	8.000000	4.19102   	8.000000	2.61469   	8.000000	4.05185   	8.000000	3.9724    	8.000000	4.10285
8.500000	478.584   	8.500000	474.509   	8.500000	475.999   	8.500000	475.999   	8.500000	4.63818   	8.500000	2.86894   	8.500000	4.45714   	8.500000	4.3481    	8.500000	4.51435
9.000000	525.564   	9.000000	521.339   	9.000000	523.339   	9.000000	523.339   	9.000000	5.104     	9.000000	3.13192   	9.000000	4.87831   	9.000000	4.73673   	9.000000	4.942
9.500000	574.391   	9.500000	569.983   	9.500000	572.556   	9.500000	572.556   	9.500000	5.58817   	9.500000	3.40341   	9.500000	5.31507   	9.500000	5.13799   	9.500000	5.38549
10.000000	625.043   	10.000000	620.404   	10.000000	623.623   	10.000000	623.623   	10.000000	6.0904    	10.000000	3.68318   	10.000000	5.76714   	10.000000	5.55162   	10.000000	5.84455
11.000000	731.745   	11.000000	725.469   	11.000000	731.076   	11.000000	731.071   	11.000000	7.14425   	11.000000	4.26766   	11.000000	6.71445   	11.000000	6.41351   	11.000000	6.80656
12.000000	845.521   	12.000000	836.756   	12.000000	845.385   	12.000000	845.364   	12.000000	8.26052   	12.000000	4.891     	12.000000	7.71646   	12.000000	7.31898   	12.000000	7.82423
13.000000	966.239   	13.000000	954.259   	13.000000	966.388   	13.000000	966.346   	13.000000	9.43824   	13.000000	5.55192   	13.000000	8.7713    	13.000000	8.26625   	13.000000	8.89565
14.000000	1093.77   	14.000000	1077.96   	14.000000	1093.94   	14.000000	1093.88   	14.000000	10.6764   	14.000000	6.24698   	14.000000	9.87746   	14.000000	9.25391   	14.000000	10.0193
15.000000	1228.02   	15.000000	1207.83   	15.000000	1227.92   	15.000000	1227.83   	15.000000	11.9739   	15.000000	6.97386   	15.000000	11.0337   	15.000000	10.2808   	15.000000	11.194
16.000000	1368.86   	16.000000	1343.84   	16.000000	1368.21   	16.000000	1368.09   	16.000000	13.3301   	16.000000	7.73105   	16.000000	12.2389   	16.000000	11.3459   	16.000000	12.4186
17.000000	1516.21   	17.000000	1485.94   	17.000000	1514.7    	17.000000	1514.55   	17.000000	14.7438   	17.000000	8.51741   	17.000000	13.4922   	17.000000	12.4485   	17.000000	13.6922
18.000000	1669.97   	18.000000	1634.09   	18.000000	1667.3    	18.000000	1667.12   	18.000000	16.2143   	18.000000	9.3317    	18.000000	14.7927   	18.000000	13.5877   	18.000000	15.0139
19.000000	1830.06   	19.000000	1788.26   	19.000000	1825.91   	19.000000	1825.71   	19.000000	17.7405   	19.000000	10.1726   	19.000000	16.1386   	19.000000	14.7627   	19.000000	16.3827
20.000000	1996.4    	20.000000	1948.4    	20.000000	1990.44   	20.000000	1990.23   	20.000000	19.3219   	20.000000	11.0394   	20.000000	17.5297   	20.000000	15.9729   	20.000000	17.797
21.000000	2168.91   	21.000000	2114.47   	21.000000	2160.83   	21.000000	2160.6    	21.000000	20.9578   	21.000000	11.9315   	21.000000	18.9659   	21.000000	17.2179   	21.000000	19.2574
22.000000	2347.51   	22.000000	2286.42   	22.000000	2337.01   	22.000000	2336.75   	22.000000	22.6476   	22.000000	12.8484   	22.000000	20.4467   	22.000000	18.4971   	22.000000	20.7635
23.000000	2532.14   	23.000000	2464.21   	23.000000	2518.89   	23.000000	2518.62   	23.000000	24.3902   	23.000000	13.7892   	23.000000	21.9713   	23.000000	19.8082   	23.000000	22.3144
24.000000	2722.73   	24.000000	2647.81   	24.000000	2706.39   	24.000000	2706.13   	24.000000	26.1847   	24.000000	14.7535   	24.000000	23.539    	24.000000	21.1522   	24.000000	23.9095
25.000000	2919.21   	25.000000	2837.16   	25.000000	2899.46   	25.000000	2899.21   	25.000000	28.0304   	25.000000	15.7407   	25.000000	25.1492   	25.000000	22.5287   	25.000000	25.5482
27.000000	3329.64   	27.000000	3232.98   	27.000000	3302.01   	27.000000	3301.84   	27.000000	31.8726   	27.000000	17.7818   	27.000000	28.4948   	27.000000	25.3773   	27.000000	28.9539
29.000000	3762.95   	29.000000	3651.35   	29.000000	3726.07   	29.000000	3726.06   	29.000000	35.9115   	29.000000	19.9082   	29.000000	32.0037   	29.000000	28.3502   	29.000000	32.5276
31.000000	4218.72   	31.000000	4091.96   	31.000000	4171.39   	31.000000	4171.56   	31.000000	40.1477   	31.000000	22.1215   	31.000000	35.6743   	31.000000	31.4459   	31.000000	36.2676
33.000000	4696.55   	33.000000	4554.5    	33.000000	4638.44   	33.000000	4638.86   	33.000000	44.5997   	33.000000	24.4301   	33.000000	39.5136   	33.000000	34.6698   	33.000000	40.1815
35.000000	5196.06   	35.000000	5038.68   	35.000000	5127.02   	35.000000	5127.73   	35.000000	49.2658   	35.000000	26.8332   	35.000000	43.5213   	35.000000	38.0217   	35.000000	44.269
38.000000	5985.23   	38.000000	5804.93   	38.000000	5899.59   	38.000000	5900.81   	38.000000	56.6554   	38.000000	30.6108   	38.000000	49.8448   	38.000000	43.2861   	38.000000	50.7228
41.000000	6821.29   	41.000000	6618.33   	41.000000	6718.82   	41.000000	6720.69   	41.000000	64.4967   	41.000000	34.5838   	41.000000	56.5348   	41.000000	48.8282   	41.000000	57.5563
44.000000	7703.2    	44.000000	7478.01   	44.000000	7583.89   	44.000000	7586.42   	44.000000	72.7794   	44.000000	38.7488   	44.000000	63.5847   	44.000000	54.6426   	44.000000	64.7637
47.000000	8630.02   	47.000000	8383.12   	47.000000	8493.86   	47.000000	8497.12   	47.000000	81.4888   	47.000000	43.1007   	47.000000	70.9861   	47.000000	60.7225   	47.000000	72.3372
50.000000	9600.86   	50.000000	9332.87   	50.000000	9447.8    	50.000000	9451.96   	50.000000	90.6108   	50.000000	47.6298   	50.000000	78.7298   	50.000000	67.0608   	50.000000	80.2686
55.000000	11314.4   	55.000000	11012.9   	55.000000	11133.5   	55.000000	11139.3   	55.000000	106.708   	55.000000	55.5594   	55.000000	92.3784   	55.000000	78.1841   	55.000000	94.266
60.000000	13144.3   	60.000000	12811.4   	60.000000	12935.9   	60.000000	12943.7   	60.000000	123.879   	60.000000	63.9442   	60.000000	106.924   	60.000000	89.9829   	60.000000	109.209
65.000000	15087.3   	65.000000	14725.2   	65.000000	14852.1   	65.000000	14862.1   	65.000000	142.089   	65.000000	72.7761   	65.000000	122.338   	65.000000	102.435   	65.000000	125.071
70.000000	17140.2   	70.000000	16751.2   	70.000000	16878.9   	70.000000	16891.4   	70.000000	161.29    	70.000000	82.0271   	70.000000	138.587   	70.000000	115.516   	70.000000	141.822
75.000000	19300.3   	75.000000	18886.6   	75.000000	19013.9   	75.000000	19028.9   	75.000000	181.456   	75.000000	91.6922   	75.000000	155.646   	75.000000	129.206   	75.000000	159.44
80.000000	21564.9   	80.000000	21128.8   	80.000000	21254.1   	80.000000	21272.1   	80.000000	202.546   	80.000000	101.747   	80.000000	173.486   	80.000000	143.485   	80.000000	177.901
85.000000	23931.6   	85.000000	23475     	85.000000	23597.3   	85.000000	23618.6   	85.000000	224.527   	85.000000	112.18    	85.000000	192.083   	85.000000	158.334   	85.000000	197.18
90.000000	26398.1   	90.000000	25922.9   	90.000000	26041.2   	90.000000	26065.8   	90.000000	247.377   	90.000000	122.984   	90.000000	211.415   	90.000000	173.739   	90.000000	217.259
95.000000	28962.2   	95.000000	28470     	95.000000	28583.5   	95.000000	28611.8   	95.000000	271.057   	95.000000	134.143   	95.000000	231.455   	95.000000	189.681   	95.000000	238.116
100.000000	31621.9   	100.000000	31114.2   	100.000000	31221.9   	100.000000	31254.2   	100.000000	295.539   	100.000000	145.648   	100.000000	252.183   	100.000000	206.143   	100.000000	259.73
105.000000	34375.2   	105.000000	33853.2   	105.000000	33954.7   	105.000000	33991.1   	105.000000	320.805   	105.000000	157.494   	105.000000	273.58    	105.000000	223.114   	105.000000	282.085
110.000000	37220.3   	110.000000	36684.9   	110.000000	36779.9   	110.000000	36820.5   	110.000000	346.828   	110.000000	169.665   	110.000000	295.625   	110.000000	240.579   	110.000000	305.164
115.000000	40155.4   	115.000000	39607.4   	115.000000	39695.5   	115.000000	39740.6   	115.000000	373.579   	115.000000	182.148   	115.000000	318.299   	115.000000	258.524   	115.000000	328.948
120.000000	43178.8   	120.000000	42618.7   	120.000000	42699.5   	120.000000	42749.4   	120.000000	401.028   	120.000000	194.939   	120.000000	341.579   	120.000000	276.934   	120.000000	353.417
125.000000	46288.9   	125.000000	45716.9   	125.000000	45790.3   	125.000000	45845.3   	125.000000	429.16    	125.000000	208.025   	125.000000	365.452   	125.000000	295.799   	125.000000	378.559
130.000000	49484.2   	130.000000	48900.2   	130.000000	48966.5   	130.000000	49026.5   	130.000000	457.956   	130.000000	221.408   	130.000000	389.9     	130.000000	315.108   	130.000000	404.359
135.000000	52763.2   	135.000000	52166.9   	135.000000	52226     	135.000000	52291.4   	135.000000	487.388   	135.000000	235.075   	135.000000	414.904   	135.000000	334.848   	135.000000	430.799
140.000000	56124.6   	140.000000	55515.4   	140.000000	55567.1   	140.000000	55638.5   	140.000000	517.43    	140.000000	249.01    	140.000000	440.446   	140.000000	355.005   	140.000000	457.863
145.000000	59566.8   	145.000000	58943.9   	145.000000	58988.7   	145.000000	59066.1   	145.000000	548.072   	145.000000	263.211   	145.000000	466.515   	145.000000	375.573   	145.000000	485.541
150.000000	63088.7   	150.000000	62450.9   	150.000000	62489.2   	150.000000	62572.7   	150.000000	579.296   	150.000000	277.674   	150.000000	493.095   	150.000000	396.54    	150.000000	513.818
155.000000	66739.8   	155.000000	66034.9   	155.000000	66067.3   	155.000000	66156.9   	155.000000	611.083   	155.000000	292.391   	155.000000	520.171   	155.000000	417.898   	155.000000	542.682
160.000000	70466.8   	160.000000	69694.4   	160.000000	69721.4   	160.000000	69817.4   	160.000000	643.414   	160.000000	307.358   	160.000000	547.731   	160.000000	439.636   	160.000000	572.12
165.000000	74266.5   	165.000000	73427.9   	165.000000	73450     	165.000000	73552.6   	165.000000	676.264   	165.000000	322.563   	165.000000	575.756   	165.000000	461.743   	165.000000	602.115
170.000000	78137.6   	170.000000	77234.1   	170.000000	77251.6   	170.000000	77361.3   	170.000000	709.615   	170.000000	338.003   	170.000000	604.233   	170.000000	484.21    	170.000000	632.656
175.000000	82078.7   	175.000000	81111.6   	175.000000	81125.2   	175.000000	81242.1   	175.000000	743.458   	175.000000	353.675   	175.000000	633.151   	175.000000	507.029   	175.000000	663.733
180.000000	86088.7   	180.000000	85059.1   	180.000000	85069.6   	180.000000	85193.9   	180.000000	777.78    	180.000000	369.57    	180.000000	662.499   	180.000000	530.193   	180.000000	695.334
185.000000	90166.4   	185.000000	89075.3   	185.000000	89083.6   	185.000000	89215.3   	185.000000	812.564   	185.000000	385.675   	185.000000	692.265   	185.000000	553.694   	185.000000	727.449
190.000000	94310.5   	190.000000	93159     	190.000000	93166     	190.000000	93305.1   	190.000000	847.796   	190.000000	401.996   	190.000000	722.436   	190.000000	577.523   	190.000000	760.067
195.000000	98520.1   	195.000000	97308.9   	195.000000	97315.5   	195.000000	97462.2   	195.000000	883.46    	195.000000	418.53    	195.000000	753       	195.000000	601.672   	195.000000	793.176
200.000000	102794    	200.000000	101524    	200.000000	101531    	200.000000	101685    	200.000000	919.533   	200.000000	435.261   	200.000000	783.945   	200.000000	626.132   	200.000000	826.762
210.000000	111530    	210.000000	110144    	210.000000	110154    	210.000000	110326    	210.000000	992.863   	210.000000	469.287   	210.000000	846.93    	210.000000	675.956   	210.000000	895.329
220.000000	120511    	220.000000	119012    	220.000000	119028    	220.000000	119217    	220.000000	1067.71   	220.000000	504.074   	220.000000	911.319   	220.000000	726.944   	220.000000	965.699
230.000000	129729    	230.000000	128118    	230.000000	128145    	230.000000	128352    	230.000000	1143.97   	230.000000	539.605   	230.000000	977.032   	230.000000	779.044   	230.000000	1037.8
240.000000	139177    	240.000000	137455    	240.000000	137496    	240.000000	137722    	240.000000	1221.55   	240.000000	575.814   	240.000000	1043.99   	240.000000	832.202   	240.000000	1111.55
250.000000	148847    	250.000000	147014    	250.000000	147074    	250.000000	147319    	250.000000	1300.34   	250.000000	612.668   	250.000000	1112.12   	250.000000	886.362   	250.000000	1186.87
260.000000	158733    	260.000000	156789    	260.000000	156871    	260.000000	157136    	260.000000	1380.28   	260.000000	650.154   	260.000000	1181.35   	260.000000	941.487   	260.000000	1263.71
270.000000	168828    	270.000000	166773    	270.000000	166881    	270.000000	167167    	270.000000	1461.3    	270.000000	688.25    	270.000000	1251.63   	270.000000	997.532   	270.000000	1342
280.000000	179127    	280.000000	176959    	280.000000	177098    	280.000000	177405    	280.000000	1543.32   	280.000000	726.902   	280.000000	1322.9    	280.000000	1054.46   	280.000000	1421.7
290.000000	189624    	290.000000	187341    	290.000000	187514    	290.000000	187842    	290.000000	1626.26   	290.000000	766.091   	290.000000	1395.09   	290.000000	1112.21   	290.000000	1502.72
300.000000	200313    	300.000000	197913    	300.000000	198123    	300.000000	198474    	300.000000	1710.04   	300.000000	805.807   	300.000000	1468.14   	300.000000	1170.76   	300.000000	1585.01
310.000000	211188    	310.000000	208668    	310.000000	208919    	310.000000	209294    	310.000000	1794.62   	310.000000	846.011   	310.000000	1542.02   	310.000000	1230.08   	310.000000	1668.53
320.000000	222245    	320.000000	219602    	320.000000	219898    	320.000000	220296    	320.000000	1879.95   	320.000000	886.708   	320.000000	1616.66   	320.000000	1290.12   	320.000000	1753.22
330.000000	233478    	330.000000	230709    	330.000000	231053    	330.000000	231475    	330.000000	1965.96   	330.000000	927.888   	330.000000	1692.03   	330.000000	1350.85   	330.000000	1839.04
340.000000	244884    	340.000000	241984    	340.000000	242380    	340.000000	242826    	340.000000	2052.61   	340.000000	969.507   	340.000000	1768.08   	340.000000	1412.25   	340.000000	1925.94
350.000000	256456    	350.000000	253422    	350.000000	253873    	350.000000	254344    	350.000000	2139.84   	350.000000	1011.53   	350.000000	1844.76   	350.000000	1474.27   	350.000000	2013.87
360.000000	268191    	360.000000	265019    	360.000000	265525    	360.000000	266023    	360.000000	2227.57   	360.000000	1053.95   	360.000000	1922.03   	360.000000	1536.89   	360.000000	2102.77
370.000000	280085    	370.000000	276769    	370.000000	277335    	370.000000	277859    	370.000000	2315.8    	370.000000	1096.8    	370.000000	1999.85   	370.000000	1600.08   	370.000000	2192.62
380.000000	292134    	380.000000	288669    	380.000000	289297    	380.000000	289848    	380.000000	2404.48   	380.000000	1140.04   	380.000000	2078.19   	380.000000	1663.82   	380.000000	2283.38
390.000000	304332    	390.000000	300713    	390.000000	301406    	390.000000	301984    	390.000000	2493.56   	390.000000	1183.66   	390.000000	2157.02   	390.000000	1728.07   	390.000000	2375.01
400.000000	316678    	400.000000	312899    	400.000000	313659    	400.000000	314265    	400.000000	2583.02   	400.000000	1227.62   	400.000000	2236.31   	400.000000	1792.83   	400.000000	2467.47
410.000000	329166    	410.000000	325222    	410.000000	326052    	410.000000	326685    	410.000000	2672.82   	410.000000	1271.93   	410.000000	2316.01   	410.000000	1858.05   	410.000000	2560.72
420.000000	341794    	420.000000	337679    	420.000000	338580    	420.000000	339241    	420.000000	2762.9    	420.000000	1316.54   	420.000000	2396.1    	420.000000	1923.72   	420.000000	2654.73
430.000000	354558    	430.000000	350265    	430.000000	351238    	430.000000	351929    	430.000000	2853.24   	430.000000	1361.43   	430.000000	2476.54   	430.000000	1989.81   	430.000000	2749.46
440.000000	367454    	440.000000	362978    	440.000000	364024    	440.000000	364745    	440.000000	2943.79   	440.000000	1406.61   	440.000000	2557.31   	440.000000	2056.31   	440.000000	2844.87
450.000000	380479    	450.000000	375814    	450.000000	376935    	450.000000	377685    	450.000000	3034.56   	450.000000	1452.08   	450.000000	2638.39   	450.000000	2123.18   	450.000000	2940.95
460.000000	393631    	460.000000	388769    	460.000000	389966    	460.000000	390747    	460.000000	3125.51   	460.000000	1497.85   	460.000000	2719.75   	460.000000	2190.43   	460.000000	3037.67
470.000000	406905    	470.000000	401840    	470.000000	403115    	470.000000	403926    	470.000000	3216.61   	470.000000	1543.91   	470.000000	2801.36   	470.000000	2258.02   	470.000000	3134.99
480.000000	420300    	480.000000	415025    	480.000000	416379    	480.000000	417221    	480.000000	3307.84   	480.000000	1590.23   	480.000000	2883.22   	480.000000	2325.94   	480.000000	3232.88
490.000000	433812    	490.000000	428321    	490.000000	429753    	490.000000	430626    	490.000000	3399.16   	490.000000	1636.78   	490.000000	2965.28   	490.000000	2394.16   	490.000000	3331.33
500.000000	447438    	500.000000	441724    	500.000000	443235    	500.000000	444139    	500.000000	3490.56   	500.000000	1683.56   	500.000000	3047.53   	500.000000	2462.68   	500.000000	3430.29
520.000000	475023    	520.000000	468841    	520.000000	470509    	520.000000	471477    	520.000000	3673.46   	520.000000	1777.79   	520.000000	3212.5    	520.000000	2600.52   	520.000000	3629.66
540.000000	503033    	540.000000	496357    	540.000000	498178    	540.000000	499213    	540.000000	3856.36   	540.000000	1872.91   	540.000000	3377.99   	540.000000	2739.32   	540.000000	3830.81
560.000000	531450    	560.000000	524250    	560.000000	526224    	560.000000	527326    	560.000000	4039.19   	560.000000	1968.8    	560.000000	3543.86   	560.000000	2878.99   	560.000000	4033.57
580.000000	560254    	580.000000	552503    	580.000000	554626    	580.000000	555796    	580.000000	4221.82   	580.000000	2065.43   	580.000000	3710.01   	580.000000	3019.42   	580.000000	4237.8
600.000000	589427    	600.000000	581097    	600.000000	583368    	600.000000	584606    	600.000000	4404.14   	600.000000	2162.74   	600.000000	3876.33   	600.000000	3160.53   	600.000000	4443.34
620.000000	618953    	620.000000	610016    	620.000000	612430    	620.000000	613738    	620.000000	4586.06   	620.000000	2260.72   	620.000000	4042.71   	620.000000	3302.22   	620.000000	4650.06
640.000000	648816    	640.000000	639244    	640.000000	641797    	640.000000	643175    	640.000000	4767.46   	640.000000	2359.31   	640.000000	4209.06   	640.000000	3444.41   	640.000000	4857.81
660.000000	679000    	660.000000	668767    	660.000000	671452    	660.000000	672903    	660.000000	4948.25   	660.000000	2458.46   	660.000000	4375.29   	660.000000	3587.02   	660.000000	5066.46
680.000000	709491    	680.000000	698570    	680.000000	701380    	680.000000	702906    	680.000000	5128.38   	680.000000	2558.17   	680.000000	4541.32   	680.000000	3729.97   	680.000000	5275.92
700.000000	740275    	700.000000	728641    	700.000000	731571    	700.000000	733171    	700.000000	5307.81   	700.000000	2658.41   	700.000000	4707.1    	700.000000	3873.21   	700.000000	5486.09
720.000000	771338    	720.000000	758966    	720.000000	762010    	720.000000	763685    	720.000000	5486.48   	720.000000	2759.16   	720.000000	4872.57   	720.000000	4016.69   	720.000000	5696.87
740.000000	802669    	740.000000	789533    	740.000000	792686    	740.000000	794436    	740.000000	5664.34   	740.000000	2860.39   	740.000000	5037.67   	740.000000	4160.34   	740.000000	5908.17
760.000000	834255    	760.000000	820332    	760.000000	823587    	760.000000	825413    	760.000000	5841.34   	760.000000	2962.1    	760.000000	5202.36   	760.000000	4304.11   	760.000000	6119.9
780.000000	866085    	780.000000	851351    	780.000000	854702    	780.000000	856603    	780.000000	6017.46   	780.000000	3064.26   	780.000000	5366.57   	780.000000	4447.96   	780.000000	6331.99
800.000000	898147    	800.000000	882581    	800.000000	886020    	800.000000	887997    	800.000000	6192.63   	800.000000	3166.8    	800.000000	5530.28   	800.000000	4591.83   	800.000000	6544.35
820.000000	930432    	820.000000	914011    	820.000000	917530    	820.000000	919586    	820.000000	6366.82   	820.000000	3269.67   	820.000000	5693.42   	820.000000	4735.68   	820.000000	6756.91
840.000000	962928    	840.000000	945632    	840.000000	949223    	840.000000	951359    	840.000000	6540      	840.000000	3372.85   	840.000000	5855.98   	840.000000	4879.47   	840.000000	6969.61
860.000000	995626    	860.000000	977436    	860.000000	981091    	860.000000	983307    	860.000000	6712.16   	860.000000	3476.38   	860.000000	6017.92   	860.000000	5023.17   	860.000000	7182.38
880.000000	1.02852e+06	880.000000	1.00941e+06	880.000000	1.01313e+06	880.000000	1.01542e+06	880.000000	6883.3    	880.000000	3580.27   	880.000000	6179.22   	880.000000	5166.74   	880.000000	7395.18
900.000000	1.06159e+06	900.000000	1.04156e+06	900.000000	1.04532e+06	900.000000	1.0477e+06	900.000000	7053.39   	900.000000	3684.52   	900.000000	6339.85   	900.000000	5310.16   	900.000000	7607.96
920.000000	1.09484e+06	920.000000	1.07386e+06	920.000000	1.07767e+06	920.000000	1.08013e+06	920.000000	7222.44   	920.000000	3789.06   	920.000000	6499.81   	920.000000	5453.4    	920.000000	7820.67
940.000000	1.12826e+06	940.000000	1.10631e+06	940.000000	1.11016e+06	940.000000	1.1127e+06	940.000000	7390.41   	940.000000	3893.86   	940.000000	6659.05   	940.000000	5596.42   	940.000000	8033.26
960.000000	1.16184e+06	960.000000	1.13891e+06	960.000000	1.14279e+06	960.000000	1.14541e+06	960.000000	7557.31   	960.000000	3998.91   	960.000000	6817.58   	960.000000	5739.22   	960.000000	8245.7
980.000000	1.19557e+06	980.000000	1.17165e+06	980.000000	1.17555e+06	980.000000	1.17825e+06	980.000000	7723.13   	980.000000	4104.25   	980.000000	6975.36   	980.000000	5881.75   	980.000000	8457.92
1000.000000	1.22944e+06	1000.000000	1.20451e+06	1000.000000	1.20843e+06	1000.000000	1.21121e+06	1000.000000	7887.85   	1000.000000	4209.87   	1000.000000	7132.39   	1000.000000	6024      	1000.000000	8669.91
1020.000000	1.26345e+06	1020.000000	1.2375e+06	1020.000000	1.24143e+06	1020.000000	1.2443e+06	1020.000000	8051.47   	1020.000000	4315.79   	1020.000000	7288.66   	1020.000000	6165.95   	1020.000000	8881.63
1040.000000	1.29759e+06	1040.000000	1.27061e+06	1040.000000	1.27455e+06	1040.000000	1.2775e+06	1040.000000	8214.01   	1040.000000	4421.97   	1040.000000	7444.15   	1040.000000	6307.59   	1040.000000	9093.04
1060.000000	1.33186e+06	1060.000000	1.30383e+06	1060.000000	1.30777e+06	1060.000000	1.31081e+06	1060.000000	8375.45   	1060.000000	4528.39   	1060.000000	7598.86   	1060.000000	6448.89   	1060.000000	9304.12
1080.000000	1.36624e+06	1080.000000	1.33716e+06	1080.000000	1.3411e+06	1080.000000	1.34421e+06	1080.000000	8535.79   	1080.000000	4635.02   	1080.000000	7752.78   	1080.000000	6589.84   	1080.000000	9514.83
1100.000000	1.40073e+06	1100.000000	1.3706e+06	1100.000000	1.37453e+06	1100.000000	1.37772e+06	1100.000000	8695.04   	1100.000000	4741.85   	1100.000000	7905.9    	1100.000000	6730.42   	1100.000000	9725.15
1120.000000	1.43533e+06	1120.000000	1.40413e+06	1120.000000	1.40805e+06	1120.000000	1.41132e+06	1120.000000	8853.19   	1120.000000	4848.87   	1120.000000	8058.22   	1120.000000	6870.63   	1120.000000	9935.06
1140.000000	1.47003e+06	1140.000000	1.43775e+06	1140.000000	1.44166e+06	1140.000000	1.44501e+06	1140.000000	9010.24   	1140.000000	4956.08   	1140.000000	8209.72   	1140.000000	7010.43   	1140.000000	10144.5
1160.000000	1.50483e+06	1160.000000	1.47147e+06	1160.000000	1.47535e+06	1160.000000	1.47879e+06	1160.000000	9166.19   	1160.000000	5063.46   	1160.000000	8360.41   	1160.000000	7149.83   	1160.000000	10353.5
1180.000000	1.53971e+06	1180.000000	1.50526e+06	1180.000000	1.50912e+06	1180.000000	1.51264e+06	1180.000000	9321.04   	1180.000000	5171.03   	1180.000000	8510.28   	1180.000000	7288.81   	1180.000000	10562
1200.000000	1.57468e+06	1200.000000	1.53914e+06	1200.000000	1.54296e+06	1200.000000	1.54658e+06	1200.000000	9474.8    	1200.000000	5278.77   	1200.000000	8659.33   	1200.000000	7427.36   	1200.000000	10770
1220.000000	1.60973e+06	1220.000000	1.57309e+06	1220.000000	1.57688e+06	1220.000000	1.58058e+06	1220.000000	9627.49   	1220.000000	5386.69   	1220.000000	8807.55   	1220.000000	7565.47   	1220.000000	10977.5
1240.000000	1.64486e+06	1240.000000	1.60712e+06	1240.000000	1.61087e+06	1240.000000	1.61466e+06	1240.000000	9779.12   	1240.000000	5494.78   	1240.000000	8954.97   	1240.000000	7703.14   	1240.000000	11184.4
1260.000000	1.68005e+06	1260.000000	1.64121e+06	1260.000000	1.64493e+06	1260.000000	1.6488e+06	1260.000000	9929.68   	1260.000000	5603.04   	1260.000000	9101.56   	1260.000000	7840.36   	1260.000000	11390.8
1280.000000	1.71531e+06	1280.000000	1.67537e+06	1280.000000	1.67905e+06	1280.000000	1.683e+06 	1280.000000	10079.2   	1280.000000	5711.47   	1280.000000	9247.34   	1280.000000	7977.12   	1280.000000	11596.7
1300.000000	1.75063e+06	1300.000000	1.70959e+06	1300.000000	1.71322e+06	1300.000000	1.71727e+06	1300.000000	10227.7   	1300.000000	5820.06   	1300.000000	9392.31   	1300.000000	8113.42   	1300.000000	11801.9
1320.000000	1.78601e+06	1320.000000	1.74387e+06	1320.000000	1.74746e+06	1320.000000	1.75159e+06	1320.000000	10375.1   	1320.000000	5928.82   	1320.000000	9536.47   	1320.000000	8249.26   	1320.000000	12006.6
1340.000000	1.82145e+06	1340.000000	1.7782e+06	1340.000000	1.78175e+06	1340.000000	1.78596e+06	1340.000000	10521.6   	1340.000000	6037.74   	1340.000000	9679.82   	1340.000000	8384.62   	1340.000000	12210.7
1360.000000	1.85693e+06	1360.000000	1.81258e+06	1360.000000	1.81609e+06	1360.000000	1.82039e+06	1360.000000	10667     	1360.000000	6146.81   	1360.000000	9822.36   	1360.000000	8519.51   	1360.000000	12414.2
1380.000000	1.89246e+06	1380.000000	1.84701e+06	1380.000000	1.85048e+06	1380.000000	1.85486e+06	1380.000000	10811.4   	1380.000000	6256.04   	1380.000000	9964.1    	1380.000000	8653.91   	1380.000000	12617.1
1400.000000	1.92803e+06	1400.000000	1.88149e+06	1400.000000	1.88491e+06	1400.000000	1.88938e+06	1400.000000	10954.8   	1400.000000	6365.42   	1400.000000	10105     	1400.000000	8787.83   	1400.000000	12819.3
1420.000000	1.96364e+06	1420.000000	1.91601e+06	1420.000000	1.91939e+06	1420.000000	1.92395e+06	1420.000000	11097.2   	1420.000000	6474.95   	1420.000000	10245.2   	1420.000000	8921.27   	1420.000000	13020.9
1440.000000	1.99929e+06	1440.000000	1.95057e+06	1440.000000	1.95391e+06	1440.000000	1.95856e+06	1440.000000	11238.6   	1440.000000	6584.62   	1440.000000	10384.5   	1440.000000	9054.21   	1440.000000	13221.9
1460.000000	2.03497e+06	1460.000000	1.98517e+06	1460.000000	1.98848e+06	1460.000000	1.9932e+06	1460.000000	11379.1   	1460.000000	6694.44   	1460.000000	10523.1   	1460.000000	9186.66   	1460.000000	13422.3
1480.000000	2.07068e+06	1480.000000	2.0198e+06	1480.000000	2.02307e+06	1480.000000	2.02789e+06	1480.000000	11518.6   	1480.000000	6804.4    	1480.000000	10660.9   	1480.000000	9318.61   	1480.000000	13622
1500.000000	2.10641e+06	1500.000000	2.05446e+06	1500.000000	2.05771e+06	1500.000000	2.0626e+06	1500.000000	11657.2   	1500.000000	6914.51   	1500.000000	10797.9   	1500.000000	9450.07   	1500.000000	13821
1520.000000	2.14217e+06	1520.000000	2.08916e+06	1520.000000	2.09237e+06	1520.000000	2.09736e+06	1520.000000	11794.8   	1520.000000	7024.75   	1520.000000	10934.2   	1520.000000	9581.03   	1520.000000	14019.4
1540.000000	2.17795e+06	1540.000000	2.12388e+06	1540.000000	2.12707e+06	1540.000000	2.13214e+06	1540.000000	11931.5   	1540.000000	7135.12   	1540.000000	11069.6   	1540.000000	9711.5    	1540.000000	14217.2
1560.000000	2.21375e+06	1560.000000	2.15863e+06	1560.000000	2.1618e+06	1560.000000	2.16695e+06	1560.000000	12067.2   	1560.000000	7245.64   	1560.000000	11204.3   	1560.000000	9841.46   	1560.000000	14414.2
1580.000000	2.24956e+06	1580.000000	2.19341e+06	1580.000000	2.19656e+06	1580.000000	2.20179e+06	1580.000000	12202.1   	1580.000000	7356.29   	1580.000000	11338.3   	1580.000000	9970.92   	1580.000000	14610.6
1600.000000	2.28539e+06	1600.000000	2.2282e+06	1600.000000	2.23134e+06	1600.000000	2.23666e+06	1600.000000	12336     	1600.000000	7467.07   	1600.000000	11471.5   	1600.000000	10099.9   	1600.000000	14806.4
1620.000000	2.32122e+06	1620.000000	2.26302e+06	1620.000000	2.26615e+06	1620.000000	2.27155e+06	1620.000000	12469.1   	1620.000000	7577.99   	1620.000000	11604     	1620.000000	10228.3   	1620.000000	15001.4
1640.000000	2.35706e+06	1640.000000	2.29785e+06	1640.000000	2.30098e+06	1640.000000	2.30647e+06	1640.000000	12601.2   	1640.000000	7689.04   	1640.000000	11735.7   	1640.000000	10356.3   	1640.000000	15195.8
1660.000000	2.39291e+06	1660.000000	2.3327e+06	1660.000000	2.33583e+06	1660.000000	2.34141e+06	1660.000000	12732.5   	1660.000000	7800.22   	1660.000000	11866.7   	1660.000000	10483.8   	1660.000000	15389.5
1680.000000	2.42876e+06	1680.000000	2.36757e+06	1680.000000	2.3707e+06	1680.000000	2.37636e+06	1680.000000	12862.9   	1680.000000	7911.53   	1680.000000	11996.9   	1680.000000	10610.7   	1680.000000	15582.5
1700.000000	2.46461e+06	1700.000000	2.40244e+06	1700.000000	2.40559e+06	1700.000000	2.41134e+06	1700.000000	12992.5   	1700.000000	8022.96   	1700.000000	12126.4   	1700.000000	10737.2   	1700.000000	15774.9
1750.000000	2.55423e+06	1750.000000	2.48968e+06	1750.000000	2.49289e+06	1750.000000	2.49886e+06	1750.000000	13312.7   	1750.000000	8302.09   	1750.000000	12447.1   	1750.000000	11051.1   	1750.000000	16252.8
1800.000000	2.64381e+06	1800.000000	2.57696e+06	1800.000000	2.58028e+06	1800.000000	2.58646e+06	1800.000000	13627.7   	1800.000000	8581.94   	1800.000000	12763.4   	1800.000000	11361.9   	1800.000000	16726.4
1850.000000	2.73333e+06	1850.000000	2.66427e+06	1850.000000	2.66774e+06	1850.000000	2.67415e+06	1850.000000	13937.8   	1850.000000	8862.48   	1850.000000	13075.4   	1850.000000	11669.7   	1850.000000	17195.8
1900.000000	2.82274e+06	1900.000000	2.75158e+06	1900.000000	2.75527e+06	1900.000000	2.76189e+06	1900.000000	14243     	1900.000000	9143.67   	1900.000000	13383.3   	1900.000000	11974.4   	1900.000000	17661
1950.000000	2.91204e+06	1950.000000	2.83887e+06	1950.000000	2.84284e+06	1950.000000	2.84968e+06	1950.000000	14543.5   	1950.000000	9425.49   	1950.000000	13687     	1950.000000	12276     	1950.000000	18122
2000.000000	3.00119e+06	2000.000000	2.92612e+06	2000.000000	2.93044e+06	2000.000000	2.9375e+06	2000.000000	14839.4   	2000.000000	9707.96   	2000.000000	13986.7   	2000.000000	12574.7   	2000.000000	18578.9
2100.000000	3.17898e+06	2100.000000	3.10046e+06	2100.000000	3.10571e+06	2100.000000	3.1132e+06	2100.000000	15418.1   	2100.000000	10274.9   	2100.000000	14574.5   	2100.000000	13163.3   	2100.000000	19480.2
2200.000000	3.35596e+06	2200.000000	3.27449e+06	2200.000000	3.28098e+06	2200.000000	3.2889e+06	2200.000000	15979.9   	2200.000000	10844.7   	2200.000000	15147.5   	2200.000000	13740.3   	2200.000000	20365.4
2300.000000	3.532e+06 	2300.000000	3.44809e+06	2300.000000	3.45619e+06	2300.000000	3.46454e+06	2300.000000	16526     	2300.000000	11417.5   	2300.000000	15706.2   	2300.000000	14306.2   	2300.000000	21234.8
2400.000000	3.70698e+06	2400.000000	3.62119e+06	2400.000000	3.63129e+06	2400.000000	3.64006e+06	2400.000000	17057     	2400.000000	11993.1   	2400.000000	16251.4   	2400.000000	14861.2   	2400.000000	22088.7
2500.000000	3.88082e+06	2500.000000	3.79372e+06	2500.000000	3.80623e+06	2500.000000	3.81542e+06	2500.000000	17573.9   	2500.000000	12571.6   	2500.000000	16783.7   	2500.000000	15405.6   	2500.000000	22927.7
2600.000000	4.05343e+06	2600.000000	3.9656e+06	2600.000000	3.98096e+06	2600.000000	3.99057e+06	2600.000000	18077.3   	2600.000000	13152.5   	2600.000000	17303.8   	2600.000000	15939.9   	2600.000000	23751.9
2700.000000	4.22475e+06	2700.000000	4.13679e+06	2700.000000	4.15544e+06	2700.000000	4.16546e+06	2700.000000	18567.8   	2700.000000	13735.8   	2700.000000	17812     	2700.000000	16464.3   	2700.000000	24561.9
2800.000000	4.39471e+06	2800.000000	4.30725e+06	2800.000000	4.32964e+06	2800.000000	4.34007e+06	2800.000000	19046.1   	2800.000000	14321.5   	2800.000000	18309     	2800.000000	16979     	2800.000000	25358
2900.000000	4.56326e+06	2900.000000	4.47692e+06	2900.000000	4.50355e+06	2900.000000	4.51439e+06	2900.000000	19512.9   	2900.000000	14909.5   	2900.000000	18795.3   	2900.000000	17484.5   	2900.000000	26140.7
3000.000000	4.73038e+06	3000.000000	4.64578e+06	3000.000000	4.67714e+06	3000.000000	4.68839e+06	3000.000000	19968.7   	3000.000000	15500     	3000.000000	19271.4   	3000.000000	17981     	3000.000000	26910.4
3200.000000	5.06016e+06	3200.000000	4.98096e+06	3200.000000	5.02333e+06	3200.000000	5.03539e+06	3200.000000	20849.4   	3200.000000	16688.1   	3200.000000	20194.6   	3200.000000	18948.4   	3200.000000	28412.3
3400.000000	5.38386e+06	3400.000000	5.31261e+06	3400.000000	5.36814e+06	3400.000000	5.381e+06 	3400.000000	21692.3   	3400.000000	17886     	3400.000000	21082.2   	3400.000000	19883.5   	3400.000000	29866.8
3600.000000	5.70137e+06	3600.000000	5.64061e+06	3600.000000	5.71151e+06	3600.000000	5.72518e+06	3600.000000	22500.7   	3600.000000	19093.8   	3600.000000	21937.1   	3600.000000	20788.4   	3600.000000	31277.1
3800.000000	6.01262e+06	3800.000000	5.96488e+06	3800.000000	6.05342e+06	3800.000000	6.0679e+06	3800.000000	23277.7   	3800.000000	20311.8   	3800.000000	22761.9   	3800.000000	21665.2   	3800.000000	32645.8
4000.000000	6.31763e+06	4000.000000	6.28537e+06	4000.000000	6.39388e+06	4000.000000	6.40915e+06	4000.000000	24026     	4000.000000	21540.1   	4000.000000	23559.2   	4000.000000	22515.7   	4000.000000	33975.6
4200.000000	6.61642e+06	4200.000000	6.60206e+06	4200.000000	6.7329e+06	4200.000000	6.74894e+06	4200.000000	24747.8   	4200.000000	22778.7   	4200.000000	24331.1   	4200.000000	23341.6   	4200.000000	35268.8
4400.000000	6.90905e+06	4400.000000	6.91495e+06	4400.000000	7.07047e+06	4400.000000	7.0873e+06	4400.000000	25445.2   	4400.000000	24027.6   	4400.000000	25079.5   	4400.000000	24144.4   	4400.000000	36527.7
4600.000000	7.1956e+06	4600.000000	7.22406e+06	4600.000000	7.40663e+06	4600.000000	7.42423e+06	4600.000000	26120.1   	4600.000000	25286.6   	4600.000000	25806.1   	4600.000000	24925.6   	4600.000000	37754.3
4800.000000	7.47618e+06	4800.000000	7.52941e+06	4800.000000	7.7414e+06	4800.000000	7.75976e+06	4800.000000	26774.1   	4800.000000	26555.7   	4800.000000	26512.6   	4800.000000	25686.5   	4800.000000	38950.5
5000.000000	7.75088e+06	5000.000000	7.83104e+06	5000.000000	8.07481e+06	5000.000000	8.09392e+06	5000.000000	27408.6   	5000.000000	27834.9   	5000.000000	27200.3   	5000.000000	26428.4   	5000.000000	40118.1
5250.000000	8.08619e+06	5250.000000	8.20292e+06	5250.000000	8.4897e+06	5250.000000	8.50973e+06	5250.000000	28176.4   	5250.000000	29447.7   	5250.000000	28035.5   	5250.000000	27330.5   	5250.000000	41539.7
5500.000000	8.41275e+06	5500.000000	8.56916e+06	5500.000000	8.90257e+06	5500.000000	8.92352e+06	5500.000000	28918.2   	5500.000000	31075.7   	5500.000000	28845.7   	5500.000000	28206.5   	5500.000000	42921.9
6000.000000	9.04065e+06	6000.000000	9.28516e+06	6000.000000	9.72248e+06	6000.000000	9.74523e+06	6000.000000	30331.4   	6000.000000	34376.6   	6000.000000	30398.7   	6000.000000	29887.2   	6000.000000	45578.7
6500.000000	9.63664e+06	6500.000000	9.97996e+06	6500.000000	1.0535e+07	6500.000000	1.05595e+07	6500.000000	31661.9   	6500.000000	37736.3   	6500.000000	31873.2   	6500.000000	31483.1   	6500.000000	48106.7
7000.000000	1.02027e+07	7000.000000	1.06545e+07	7000.000000	1.13407e+07	7000.000000	1.13669e+07	7000.000000	32920.6   	7000.000000	41153.7   	7000.000000	33280.3   	7000.000000	33004.7   	7000.000000	50521.5
7500.000000	1.07409e+07	7500.000000	1.13098e+07	7500.000000	1.21398e+07	7500.000000	1.21678e+07	7500.000000	34116.4   	7500.000000	44627.4   	7500.000000	34629     	7500.000000	34460.7   	7500.000000	52836
8000.000000	1.1253e+07	8000.000000	1.19468e+07	8000.000000	1.29329e+07	8000.000000	1.29626e+07	8000.000000	35256.5   	8000.000000	48156.8   	8000.000000	35926.8   	8000.000000	35858.5   	8000.000000	55061.4
8500.000000	1.17407e+07	8500.000000	1.25664e+07	8500.000000	1.37203e+07	8500.000000	1.37516e+07	8500.000000	36347.1   	8500.000000	51740.3   	8500.000000	37180.2   	8500.000000	37204.4   	8500.000000	57207.1
9000.000000	1.22057e+07	9000.000000	1.31695e+07	9000.000000	1.45024e+07	9000.000000	1.45353e+07	9000.000000	37393.4   	9000.000000	55375.1   	9000.000000	38394.4   	9000.000000	38503.9   	9000.000000	59281.2
9500.000000	1.26494e+07	9500.000000	1.37568e+07	9500.000000	1.52794e+07	9500.000000	1.53139e+07	9500.000000	38399.6   	9500.000000	59059.7   	9500.000000	39573.9   	9500.000000	39761.8   	9500.000000	61290.9
10000.000000	1.30732e+07	10000.000000	1.43292e+07	10000.000000	1.60517e+07	10000.000000	1.60877e+07	10000.000000	39369.5   	10000.000000	62794     	10000.000000	40722.7   	10000.000000	40982     	10000.000000	63242.3
11000.000000	1.38662e+07	11000.000000	1.54319e+07	11000.000000	1.7583e+07	11000.000000	1.76219e+07	11000.000000	41212.3   	11000.000000	70411.8   	11000.000000	42940.4   	11000.000000	43323.2   	11000.000000	66991.1
12000.000000	1.45936e+07	12000.000000	1.64828e+07	12000.000000	1.9098e+07	12000.000000	1.91399e+07	12000.000000	42943     	12000.000000	78225.5   	12000.000000	45069.1   	12000.000000	45551     	12000.000000	70563.3
13000.000000	1.52632e+07	13000.000000	1.74866e+07	13000.000000	2.05983e+07	13000.000000	2.0643e+07	13000.000000	44577.6   	13000.000000	86227     	13000.000000	47124.9   	13000.000000	47683.9   	13000.000000	73987.1
14000.000000	1.58815e+07	14000.000000	1.84473e+07	14000.000000	2.20851e+07	14000.000000	2.21327e+07	14000.000000	46129.3   	14000.000000	94405.7   	14000.000000	49120.5   	14000.000000	49736.5   	14000.000000	77285.1
15000.000000	1.64541e+07	15000.000000	1.93684e+07	15000.000000	2.35598e+07	15000.000000	2.361e+07 	15000.000000	47608.2   	15000.000000	102752    	15000.000000	51065.7   	15000.000000	51720.6   	15000.000000	80475.6
16000.000000	1.69858e+07	16000.000000	2.02533e+07	16000.000000	2.50231e+07	16000.000000	2.5076e+07	16000.000000	49023     	16000.000000	111260    	16000.000000	52967.9   	16000.000000	53645.5   	16000.000000	83573.2
17000.000000	1.74809e+07	17000.000000	2.11045e+07	17000.000000	2.6476e+07	17000.000000	2.65315e+07	17000.000000	50380.4   	17000.000000	119926    	17000.000000	54833.3   	17000.000000	55519.2   	17000.000000	86590.2
18000.000000	1.7943e+07	18000.000000	2.19248e+07	18000.000000	2.79193e+07	18000.000000	2.79772e+07	18000.000000	51686.4   	18000.000000	128749    	18000.000000	56666.7   	18000.000000	57348     	18000.000000	89536.4
19000.000000	1.83752e+07	19000.000000	2.27162e+07	19000.000000	2.93534e+07	19000.000000	2.94139e+07	19000.000000	52946     	19000.000000	137726    	19000.000000	58471.9   	19000.000000	59137.2   	19000.000000	92420.3
20000.000000	1.87803e+07	20000.000000	2.34807e+07	20000.000000	3.07791e+07	20000.000000	3.0842e+07	20000.000000	54163.2   	20000.000000	146854    	20000.000000	60252     	20000.000000	60891.3   	20000.000000	95249.1
21000.000000	1.91607e+07	21000.000000	2.42203e+07	21000.000000	3.21969e+07	21000.000000	3.22621e+07	21000.000000	55341.8   	21000.000000	156132    	21000.000000	62009.6   	21000.000000	62614     	21000.000000	98028.4
22000.000000	1.95187e+07	22000.000000	2.49364e+07	22000.000000	3.36072e+07	22000.000000	3.36748e+07	22000.000000	56484.9   	22000.000000	165551    	22000.000000	63746.5   	22000.000000	64308.4   	22000.000000	100763
23000.000000	1.9856e+07	23000.000000	2.56306e+07	23000.000000	3.50104e+07	23000.000000	3.50803e+07	23000.000000	57595.4   	23000.000000	175111    	23000.000000	65464.4   	23000.000000	65977.1   	23000.000000	103458
24000.000000	2.01745e+07	24000.000000	2.63042e+07	24000.000000	3.6407e+07	24000.000000	3.64792e+07	24000.000000	58675.8   	24000.000000	184810    	24000.000000	67164.8   	24000.000000	67622.5   	24000.000000	106117
25000.000000	2.04756e+07	25000.000000	2.69585e+07	25000.000000	3.77974e+07	25000.000000	3.78717e+07	25000.000000	59728.2   	25000.000000	194638    	25000.000000	68848.8   	25000.000000	69246.6   	25000.000000	108742
26000.000000	2.07606e+07	26000.000000	2.75945e+07	26000.000000	3.91817e+07	26000.000000	3.92581e+07	26000.000000	60754.5   	26000.000000	204586    	26000.000000	70517.1   	26000.000000	70850.9   	26000.000000	111337
27000.000000	2.10309e+07	27000.000000	2.82132e+07	27000.000000	4.05603e+07	27000.000000	4.06388e+07	27000.000000	61756.3   	27000.000000	214659    	27000.000000	72170.7   	27000.000000	72437     	27000.000000	113903
28000.000000	2.12875e+07	28000.000000	2.88156e+07	28000.000000	4.19335e+07	28000.000000	4.20141e+07	28000.000000	62735.3   	28000.000000	224858    	28000.000000	73810     	28000.000000	74005.9   	28000.000000	116443
29000.000000	2.15313e+07	29000.000000	2.94026e+07	29000.000000	4.33015e+07	29000.000000	4.33841e+07	29000.000000	63693     	29000.000000	235181    	29000.000000	75435.7   	29000.000000	75558.9   	29000.000000	118959
30000.000000	2.17634e+07	30000.000000	2.99749e+07	30000.000000	4.46646e+07	30000.000000	4.47491e+07	30000.000000	64630.5   	30000.000000	245622    	30000.000000	77048.1   	30000.000000	77096.8   	30000.000000	121452
32000.000000	2.21952e+07	32000.000000	3.10785e+07	32000.000000	4.73767e+07	32000.000000	4.74649e+07	32000.000000	66449.4   	32000.000000	266843    	32000.000000	80234.8   	32000.000000	80130.7   	32000.000000	126373
34000.000000	2.25887e+07	34000.000000	3.21316e+07	34000.000000	5.00714e+07	34000.000000	5.0163e+07	34000.000000	68200.1   	34000.000000	288508    	34000.000000	83372.4   	34000.000000	83112.8   	34000.000000	131215
36000.000000	2.29486e+07	36000.000000	3.31387e+07	36000.000000	5.275e+07 	36000.000000	5.28448e+07	36000.000000	69889.5   	36000.000000	310606    	36000.000000	86462.4   	36000.000000	86047.1   	36000.000000	135986
38000.000000	2.32789e+07	38000.000000	3.41039e+07	38000.000000	5.54135e+07	38000.000000	5.55114e+07	38000.000000	71523.2   	38000.000000	333111    	38000.000000	89506.2   	38000.000000	88936.9   	38000.000000	140691
40000.000000	2.3583e+07	40000.000000	3.50305e+07	40000.000000	5.80631e+07	40000.000000	5.81638e+07	40000.000000	73106.1   	40000.000000	356002    	40000.000000	92505.1   	40000.000000	91784.7   	40000.000000	145332
42000.000000	2.38637e+07	42000.000000	3.59216e+07	42000.000000	6.06995e+07	42000.000000	6.08029e+07	42000.000000	74642.4   	42000.000000	379268    	42000.000000	95459.9   	42000.000000	94592.6   	42000.000000	149915
44000.000000	2.41236e+07	44000.000000	3.67799e+07	44000.000000	6.33237e+07	44000.000000	6.34295e+07	44000.000000	76135.8   	44000.000000	402905    	44000.000000	98371.6   	44000.000000	97362.3   	44000.000000	154440
46000.000000	2.43649e+07	46000.000000	3.76078e+07	46000.000000	6.59362e+07	46000.000000	6.60444e+07	46000.000000	77589.6   	46000.000000	426912    	46000.000000	101241    	46000.000000	100095    	46000.000000	158912
48000.000000	2.45893e+07	48000.000000	3.84075e+07	48000.000000	6.85379e+07	48000.000000	6.86481e+07	48000.000000	79006.8   	48000.000000	451291    	48000.000000	104068    	48000.000000	102792    	48000.000000	163330
50000.000000	2.47985e+07	50000.000000	3.91808e+07	50000.000000	7.11293e+07	50000.000000	7.12413e+07	50000.000000	80389.7   	50000.000000	476034    	50000.000000	106855    	50000.000000	105455    	50000.000000	167697
