*Energy (MeV/u)1	0 - [He-base] F.Hubert et al, AD&ND Tables 46(1990)1	Energy (MeV/u)2	1 - [H -base] J.F.Ziegler et al, Pergamon Press, NY (low energy)	Energy (MeV/u)3	2 - ATIMA 1.2  LS-theory (recommended for high energy)	Energy (MeV/u)4	3 - ATIMA 1.2  without LS-correction	Energy (MeV/u)5	4 - Range straggling - method [0] - LISE	Energy (MeV/u)6	5 - Range straggling - method [1] - Atima	Energy (MeV/u)7	6 - Lateral range - method [0] - LISE	Energy (MeV/u)8	7 - Lateral range - method [1] - Atima	Energy (MeV/u)9	8 - Lateral range - method [2] - PDG	
0.001000	0.0521966 	0.001000	0.0521966 	0.001000	0.0422237 	0.001000	0.0422237 	0.001000	0         	0.001000	0         	0.001000	9.40195e-05	0.001000	0.000152454	0.001000	6.95605e-05
0.002000	0.106138  	0.002000	0.104393  	0.002000	0.0844474 	0.002000	0.0844474 	0.002000	0.00664021	0.002000	0.00664021	0.002000	0.000275323	0.002000	0.000431271	0.002000	0.000212232
0.005000	0.244292  	0.005000	0.238078  	0.005000	0.191133  	0.005000	0.191133  	0.005000	0.00783351	0.005000	0.00783351	0.005000	0.000940113	0.005000	0.00142449	0.005000	0.000750131
0.008000	0.362881  	0.008000	0.352832  	0.008000	0.282314  	0.008000	0.282314  	0.008000	0.00788293	0.008000	0.00788293	0.008000	0.00168272	0.008000	0.0025069 	0.008000	0.00136424
0.010000	0.435037  	0.010000	0.422654  	0.010000	0.33783   	0.010000	0.33783   	0.010000	0.00805656	0.010000	0.00805656	0.010000	0.00220243	0.010000	0.00325559	0.010000	0.00179816
0.015000	0.598442  	0.015000	0.580773  	0.015000	0.464024  	0.015000	0.464024  	0.015000	0.00895187	0.015000	0.00895187	0.015000	0.00355439	0.015000	0.00518276	0.015000	0.00293626
0.020000	0.733737  	0.020000	0.711692  	0.020000	0.572464  	0.020000	0.572464  	0.020000	0.0100061 	0.020000	0.0100061 	0.020000	0.00487672	0.020000	0.007055  	0.020000	0.00405505
0.025000	0.846233  	0.025000	0.820549  	0.025000	0.666338  	0.025000	0.666338  	0.025000	0.0109423 	0.025000	0.0109423 	0.025000	0.00612586	0.025000	0.00881803	0.025000	0.00511442
0.030000	0.942867  	0.030000	0.914057  	0.030000	0.749912  	0.030000	0.749912  	0.030000	0.0117471 	0.030000	0.0117471 	0.030000	0.00731767	0.030000	0.0104952 	0.030000	0.00612738
0.035000	1.02817   	0.035000	0.996605  	0.035000	0.82616   	0.035000	0.82616   	0.035000	0.0124498 	0.035000	0.0124498 	0.035000	0.00847217	0.035000	0.0121151 	0.035000	0.00711084
0.040000	1.1051    	0.040000	1.07105   	0.040000	0.89671   	0.040000	0.89671   	0.040000	0.0130688 	0.040000	0.0130688 	0.040000	0.00959979	0.040000	0.0136932 	0.040000	0.00807323
0.045000	1.1757    	0.045000	1.13936   	0.045000	0.962745  	0.045000	0.962745  	0.045000	0.0136213 	0.045000	0.0136213 	0.045000	0.0107092 	0.045000	0.0152422 	0.045000	0.00902177
0.050000	1.24143   	0.050000	1.20296   	0.050000	1.02515   	0.050000	1.02515   	0.050000	0.0141211 	0.050000	0.0140222 	0.050000	0.0118068 	0.050000	0.0167711 	0.050000	0.00996171
0.055000	1.30344   	0.055000	1.26297   	0.055000	1.08459   	0.055000	1.08459   	0.055000	0.0145793 	0.055000	0.0143332 	0.055000	0.0128985 	0.055000	0.0182886 	0.055000	0.0108981
0.060000	1.36253   	0.060000	1.32015   	0.060000	1.14159   	0.060000	1.14159   	0.060000	0.0150043 	0.060000	0.0146208 	0.060000	0.0139889 	0.060000	0.019801  	0.060000	0.0118348
0.070000	1.47416   	0.070000	1.42816   	0.070000	1.2499    	0.070000	1.2499    	0.070000	0.0157803 	0.070000	0.0151452 	0.070000	0.0160107 	0.070000	0.0225994 	0.070000	0.0135743
0.080000	1.57966   	0.080000	1.53025   	0.080000	1.35256   	0.080000	1.35256   	0.080000	0.0164875 	0.080000	0.015624  	0.080000	0.0177211 	0.080000	0.0249628 	0.080000	0.0150476
0.090000	1.68117   	0.090000	1.62848   	0.090000	1.45125   	0.090000	1.45125   	0.090000	0.0171507 	0.090000	0.0160751 	0.090000	0.0192334 	0.090000	0.027048  	0.090000	0.0163521
0.100000	1.78008   	0.100000	1.72419   	0.100000	1.54718   	0.100000	1.54718   	0.100000	0.0177864 	0.100000	0.0165098 	0.100000	0.0206275 	0.100000	0.0289652 	0.100000	0.0175566
0.120000	1.97359   	0.120000	1.91144   	0.120000	1.73389   	0.120000	1.73389   	0.120000	0.0190172 	0.120000	0.0173596 	0.120000	0.0232019 	0.120000	0.0323702 	0.120000	0.0197861
0.140000	2.16465   	0.140000	2.09632   	0.140000	1.91714   	0.140000	1.91714   	0.140000	0.0202361 	0.140000	0.018212  	0.140000	0.0256008 	0.140000	0.0353897 	0.140000	0.0218699
0.160000	2.35528   	0.160000	2.28078   	0.160000	2.09943   	0.160000	2.09943   	0.160000	0.0214714 	0.160000	0.0190865 	0.160000	0.0278838 	0.160000	0.038231  	0.160000	0.0238591
0.180000	2.54507   	0.180000	2.46443   	0.180000	2.28215   	0.180000	2.28215   	0.180000	0.0227371 	0.180000	0.0199925 	0.180000	0.0300898 	0.180000	0.0409476 	0.180000	0.0257867
0.200000	2.73455   	0.200000	2.64779   	0.200000	2.46609   	0.200000	2.46609   	0.200000	0.024039  	0.200000	0.0209338 	0.200000	0.0322221 	0.200000	0.0435519 	0.200000	0.0276552
0.250000	3.20892   	0.250000	3.10681   	0.250000	2.93367   	0.250000	2.93367   	0.250000	0.0274554 	0.250000	0.0234399 	0.250000	0.0375204 	0.250000	0.0499584 	0.250000	0.0323156
0.300000	3.68594   	0.300000	3.5684    	0.300000	3.41383   	0.300000	3.41383   	0.300000	0.0310763 	0.300000	0.0261363 	0.300000	0.042715  	0.300000	0.0561604 	0.300000	0.0369088
0.350000	4.16456   	0.350000	4.03154   	0.350000	3.90558   	0.350000	3.90558   	0.350000	0.0348341 	0.350000	0.0289619 	0.350000	0.0477296 	0.350000	0.0620909 	0.350000	0.0413651
0.400000	4.64606   	0.400000	4.49747   	0.400000	4.40584   	0.400000	4.40584   	0.400000	0.0386394 	0.400000	0.0318393 	0.400000	0.0526955 	0.400000	0.0679219 	0.400000	0.0457953
0.450000	5.12987   	0.450000	4.96562   	0.450000	4.91534   	0.450000	4.91534   	0.450000	0.0425011 	0.450000	0.0347673 	0.450000	0.0575801 	0.450000	0.0735997 	0.450000	0.0501688
0.500000	5.61897   	0.500000	5.43891   	0.500000	5.43472   	0.500000	5.43472   	0.500000	0.046429  	0.500000	0.0377476 	0.500000	0.062378  	0.500000	0.0791615 	0.500000	0.0544812
0.600000	6.62216   	0.600000	6.40965   	0.600000	6.50665   	0.600000	6.50665   	0.600000	0.0545497 	0.600000	0.0438995 	0.600000	0.0717569 	0.600000	0.0899087 	0.600000	0.0629523
0.700000	7.66711   	0.700000	7.4208    	0.700000	7.62428   	0.700000	7.62428   	0.700000	0.0630424 	0.700000	0.0503032 	0.700000	0.0807932 	0.700000	0.100141  	0.700000	0.0711648
0.800000	8.76225   	0.800000	8.48052   	0.800000	8.78809   	0.800000	8.78809   	0.800000	0.071911  	0.800000	0.0569471 	0.800000	0.0894651 	0.800000	0.109855  	0.800000	0.0790906
0.900000	9.9119    	0.900000	9.59297   	0.900000	9.99844   	0.900000	9.99844   	0.900000	0.0811627 	0.900000	0.063827  	0.900000	0.0978072 	0.900000	0.119103  	0.900000	0.0867529
1.000000	11.1168   	1.000000	10.7589   	1.000000	11.2556   	1.000000	11.2556   	1.000000	0.0908059 	1.000000	0.0709422 	1.000000	0.105869  	1.000000	0.127973  	1.000000	0.0941919
1.250000	14.3805   	1.250000	13.917    	1.250000	14.6122   	1.250000	14.6122   	1.250000	0.116838  	1.250000	0.0900928 	1.250000	0.125088  	1.250000	0.148836  	1.250000	0.112046
1.500000	18.0082   	1.500000	17.4274   	1.500000	18.2793   	1.500000	18.2793   	1.500000	0.14574   	1.500000	0.112197  	1.500000	0.143515  	1.500000	0.168575  	1.500000	0.129307
1.750000	21.99     	1.750000	21.2804   	1.750000	22.2509   	1.750000	22.2509   	1.750000	0.177404  	1.750000	0.136683  	1.750000	0.161597  	1.750000	0.187693  	1.750000	0.146348
2.000000	26.3269   	2.000000	25.477    	2.000000	26.5247   	2.000000	26.5247   	2.000000	0.211831  	2.000000	0.163153  	2.000000	0.17957   	2.000000	0.20649   	2.000000	0.163372
2.250000	31.0352   	2.250000	30.033    	2.250000	31.1      	2.250000	31.1      	2.250000	0.249051  	2.250000	0.191424  	2.250000	0.197566  	2.250000	0.225212  	2.250000	0.180495
2.500000	36.0965   	2.500000	34.9327   	2.500000	35.9763   	2.500000	35.9763   	2.500000	0.289097  	2.500000	0.221395  	2.500000	0.215841  	2.500000	0.24405   	2.500000	0.197936
3.000000	46.8267   	3.000000	45.7121   	3.000000	46.6282   	3.000000	46.6282   	3.000000	0.377733  	3.000000	0.286215  	3.000000	0.243211  	3.000000	0.282622  	3.000000	0.224462
3.500000	58.788    	3.500000	57.7421   	3.500000	58.4712   	3.500000	58.4712   	3.500000	0.477794  	3.500000	0.357345  	3.500000	0.267002  	3.500000	0.313376  	3.500000	0.247796
4.000000	71.961    	4.000000	70.978    	4.000000	71.4932   	4.000000	71.4932   	4.000000	0.589237  	4.000000	0.434608  	4.000000	0.296436  	4.000000	0.342347  	4.000000	0.276498
4.500000	86.3274   	4.500000	85.3885   	4.500000	85.6791   	4.500000	85.6791   	4.500000	0.711931  	4.500000	0.517785  	4.500000	0.331201  	4.500000	0.376774  	4.500000	0.310282
5.000000	101.87    	5.000000	100.949   	5.000000	101.013   	5.000000	101.013   	5.000000	0.845704  	5.000000	0.606676  	5.000000	0.370931  	5.000000	0.416206  	5.000000	0.34881
5.500000	118.573   	5.500000	117.638   	5.500000	117.477   	5.500000	117.477   	5.500000	0.990369  	5.500000	0.701115  	5.500000	0.415298  	5.500000	0.460251  	5.500000	0.391779
6.000000	136.421   	6.000000	135.437   	6.000000	135.056   	6.000000	135.056   	6.000000	1.14574   	6.000000	0.800948  	6.000000	0.463995  	6.000000	0.508543  	6.000000	0.438906
6.500000	155.401   	6.500000	154.328   	6.500000	153.733   	6.500000	153.733   	6.500000	1.31164   	6.500000	0.906028  	6.500000	0.516798  	6.500000	0.56081   	6.500000	0.489983
7.000000	175.498   	7.000000	174.296   	7.000000	173.494   	7.000000	173.494   	7.000000	1.48789   	7.000000	1.01622   	7.000000	0.573478  	7.000000	0.616778  	7.000000	0.544801
7.500000	196.702   	7.500000	195.326   	7.500000	194.324   	7.500000	194.324   	7.500000	1.67435   	7.500000	1.13141   	7.500000	0.633876  	7.500000	0.676251  	7.500000	0.603213
8.000000	219       	8.000000	217.404   	8.000000	216.21    	8.000000	216.21    	8.000000	1.87086   	8.000000	1.25149   	8.000000	0.697845  	8.000000	0.739053  	8.000000	0.665085
8.500000	242.381   	8.500000	240.517   	8.500000	239.14    	8.500000	239.14    	8.500000	2.07729   	8.500000	1.37637   	8.500000	0.765269  	8.500000	0.805041  	8.500000	0.730309
9.000000	266.835   	9.000000	264.653   	9.000000	263.101   	9.000000	263.101   	9.000000	2.29352   	9.000000	1.50597   	9.000000	0.836049  	9.000000	0.874095  	9.000000	0.798796
9.500000	292.352   	9.500000	289.801   	9.500000	288.082   	9.500000	288.082   	9.500000	2.51943   	9.500000	1.64017   	9.500000	0.9101    	9.500000	0.946109  	9.500000	0.870466
10.000000	318.923   	10.000000	315.946   	10.000000	314.074   	10.000000	314.074   	10.000000	2.75491   	10.000000	1.77889   	10.000000	0.987348  	10.000000	1.02099   	10.000000	0.945253
11.000000	375.189   	11.000000	370.972   	11.000000	369.095   	11.000000	369.084   	11.000000	3.25541   	11.000000	2.07031   	11.000000	1.1514    	11.000000	1.17927   	11.000000	1.10415
12.000000	435.566   	12.000000	429.921   	12.000000	428.149   	12.000000	428.11    	12.000000	3.79563   	12.000000	2.38065   	12.000000	1.32807   	12.000000	1.34869   	12.000000	1.27538
13.000000	499.991   	13.000000	492.754   	13.000000	491.19    	13.000000	491.108   	13.000000	4.37513   	13.000000	2.70956   	13.000000	1.51716   	13.000000	1.52896   	13.000000	1.45877
14.000000	568.407   	14.000000	559.434   	14.000000	558.177   	14.000000	558.037   	14.000000	4.9936    	14.000000	3.05666   	14.000000	1.71851   	14.000000	1.71987   	14.000000	1.65418
15.000000	640.759   	15.000000	629.926   	15.000000	629.075   	15.000000	628.866   	15.000000	5.65082   	15.000000	3.42191   	15.000000	1.932     	15.000000	1.92124   	15.000000	1.86148
16.000000	716.997   	16.000000	704.192   	16.000000	703.853   	16.000000	703.564   	16.000000	6.34661   	16.000000	3.80521   	16.000000	2.1575    	16.000000	2.1329    	16.000000	2.0806
17.000000	797.072   	17.000000	782.2     	17.000000	782.483   	17.000000	782.105   	17.000000	7.08079   	17.000000	4.20626   	17.000000	2.39495   	17.000000	2.35475   	17.000000	2.31145
18.000000	880.94    	18.000000	863.915   	18.000000	864.938   	18.000000	864.467   	18.000000	7.85327   	18.000000	4.62488   	18.000000	2.64428   	18.000000	2.58669   	18.000000	2.554
19.000000	968.558   	19.000000	949.306   	19.000000	951.199   	19.000000	950.629   	19.000000	8.664     	19.000000	5.06106   	19.000000	2.90544   	19.000000	2.82862   	19.000000	2.80819
20.000000	1059.88   	20.000000	1038.34   	20.000000	1041.25   	20.000000	1040.57   	20.000000	9.51298   	20.000000	5.51477   	20.000000	3.1784    	20.000000	3.0805    	20.000000	3.07402
21.000000	1154.88   	21.000000	1130.99   	21.000000	1135.07   	21.000000	1134.28   	21.000000	10.4002   	21.000000	5.98596   	21.000000	3.46313   	21.000000	3.34226   	21.000000	3.35145
22.000000	1253.51   	22.000000	1227.22   	22.000000	1232.64   	22.000000	1231.74   	22.000000	11.3257   	22.000000	6.47457   	22.000000	3.75961   	22.000000	3.61386   	22.000000	3.64049
23.000000	1355.73   	23.000000	1327      	23.000000	1333.95   	23.000000	1332.94   	23.000000	12.2892   	23.000000	6.98049   	23.000000	4.06779   	23.000000	3.89523   	23.000000	3.94108
24.000000	1461.52   	24.000000	1430.31   	24.000000	1438.98   	24.000000	1437.86   	24.000000	13.2907   	24.000000	7.50368   	24.000000	4.38765   	24.000000	4.18633   	24.000000	4.25323
25.000000	1570.84   	25.000000	1537.12   	25.000000	1547.72   	25.000000	1546.49   	25.000000	14.3303   	25.000000	8.04417   	25.000000	4.71918   	25.000000	4.48713   	25.000000	4.57693
27.000000	1799.93   	27.000000	1761.14   	27.000000	1776.29   	27.000000	1774.84   	27.000000	16.5239   	27.000000	9.17692   	27.000000	5.41726   	27.000000	5.11772   	27.000000	5.25901
29.000000	2042.77   	29.000000	1998.84   	29.000000	2019.55   	29.000000	2017.92   	29.000000	18.8697   	29.000000	10.3785   	29.000000	6.16188   	29.000000	5.78675   	29.000000	5.98727
31.000000	2299.14   	31.000000	2250.04   	31.000000	2277.29   	31.000000	2275.5    	31.000000	21.3635   	31.000000	11.6465   	31.000000	6.95233   	31.000000	6.49347   	31.000000	6.76107
33.000000	2568.82   	33.000000	2514.55   	33.000000	2548.54   	33.000000	2546.67   	33.000000	23.9814   	33.000000	12.9681   	33.000000	7.78445   	33.000000	7.23429   	33.000000	7.57644
35.000000	2851.6    	35.000000	2792.2    	35.000000	2833.01   	35.000000	2831.11   	35.000000	26.7198   	35.000000	14.3416   	35.000000	8.65679   	35.000000	8.00786   	35.000000	8.43201
38.000000	3299.95   	38.000000	3232.92   	38.000000	3284.11   	38.000000	3282.24   	38.000000	31.0517   	38.000000	16.4991   	38.000000	10.0387   	38.000000	9.22771   	38.000000	9.78891
41.000000	3776.76   	41.000000	3702.26   	41.000000	3763.93   	41.000000	3762.24   	41.000000	35.6479   	41.000000	18.77     	41.000000	11.506    	41.000000	10.5166   	41.000000	11.2318
44.000000	4281.47   	44.000000	4199.7    	44.000000	4272      	44.000000	4270.57   	44.000000	40.5059   	44.000000	21.1546   	44.000000	13.0569   	44.000000	11.8727   	44.000000	12.7588
47.000000	4813.56   	47.000000	4724.74   	47.000000	4807.79   	47.000000	4806.72   	47.000000	45.6206   	47.000000	23.6488   	47.000000	14.6894   	47.000000	13.2942   	47.000000	14.3684
50.000000	5372.53   	50.000000	5276.93   	50.000000	5370.85   	50.000000	5370.23   	50.000000	50.9872   	50.000000	26.2507   	50.000000	16.4015   	50.000000	14.7795   	50.000000	16.059
55.000000	6362.62   	55.000000	6256.32   	55.000000	6368.56   	55.000000	6368.95   	55.000000	60.4765   	55.000000	30.8204   	55.000000	19.4277   	55.000000	17.3931   	55.000000	19.0524
60.000000	7424.07   	60.000000	7307.86   	60.000000	7438.59   	60.000000	7440.41   	60.000000	70.6257   	60.000000	35.6731   	60.000000	22.663    	60.000000	20.1734   	60.000000	22.26
65.000000	8555.01   	65.000000	8429.7    	65.000000	8579.38   	65.000000	8582.77   	65.000000	81.4207   	65.000000	40.7995   	65.000000	26.1017   	65.000000	23.1159   	65.000000	25.6771
70.000000	9753.73   	70.000000	9620.09   	70.000000	9789.08   	70.000000	9794.31   	70.000000	92.8364   	70.000000	46.1919   	70.000000	29.7372   	70.000000	26.2153   	70.000000	29.2979
75.000000	11018.6   	75.000000	10877.4   	75.000000	11066     	75.000000	11073.4   	75.000000	104.852   	75.000000	51.8398   	75.000000	33.5632   	75.000000	29.4664   	75.000000	33.1173
80.000000	12348.2   	80.000000	12199.9   	80.000000	12408.7   	80.000000	12418.5   	80.000000	117.447   	80.000000	57.7382   	80.000000	37.574    	80.000000	32.8649   	80.000000	37.1302
85.000000	13741     	85.000000	13586.3   	85.000000	13815.5   	85.000000	13828.2   	85.000000	130.603   	85.000000	63.875    	85.000000	41.7642   	85.000000	36.4065   	85.000000	41.3321
90.000000	15195.7   	90.000000	15035.1   	90.000000	15285.3   	90.000000	15301     	90.000000	144.306   	90.000000	70.2462   	90.000000	46.1289   	90.000000	40.0877   	90.000000	45.7191
95.000000	16711.1   	95.000000	16544.9   	95.000000	16816.8   	95.000000	16835.6   	95.000000	158.537   	95.000000	76.8453   	95.000000	50.6631   	95.000000	43.9045   	95.000000	50.2867
100.000000	18285.9   	100.000000	18114.3   	100.000000	18408.4   	100.000000	18430.8   	100.000000	173.277   	100.000000	83.6647   	100.000000	55.3614   	100.000000	47.8529   	100.000000	55.0304
105.000000	19919.1   	105.000000	19742.2   	105.000000	20059     	105.000000	20085.3   	105.000000	188.509   	105.000000	90.6986   	105.000000	60.219    	105.000000	51.9293   	105.000000	59.9461
110.000000	21609.6   	110.000000	21427.3   	110.000000	21767.5   	110.000000	21797.9   	110.000000	204.221   	110.000000	97.9437   	110.000000	65.2319   	110.000000	56.1307   	110.000000	65.0304
115.000000	23356.2   	115.000000	23168.4   	115.000000	23532.9   	115.000000	23567.4   	115.000000	220.399   	115.000000	105.393   	115.000000	70.3961   	115.000000	60.4543   	115.000000	70.2799
120.000000	25158.1   	120.000000	24964.4   	120.000000	25353.7   	120.000000	25392.9   	120.000000	237.026   	120.000000	113.036   	120.000000	75.7065   	120.000000	64.8963   	120.000000	75.6902
125.000000	27014.3   	125.000000	26814.2   	125.000000	27229.1   	125.000000	27273.2   	125.000000	254.085   	125.000000	120.873   	125.000000	81.1591   	125.000000	69.4537   	125.000000	81.2579
130.000000	28923.9   	130.000000	28716.8   	130.000000	29158.1   	130.000000	29207.2   	130.000000	271.569   	130.000000	128.897   	130.000000	86.7505   	130.000000	74.1242   	130.000000	86.98
135.000000	30885.9   	135.000000	30671.1   	135.000000	31139.6   	135.000000	31194.1   	135.000000	289.464   	135.000000	137.105   	135.000000	92.477    	135.000000	78.905    	135.000000	92.8535
140.000000	32899.7   	140.000000	32676.2   	140.000000	33172.7   	140.000000	33232.7   	140.000000	307.753   	140.000000	145.494   	140.000000	98.3339   	140.000000	83.7927   	140.000000	98.874
145.000000	34964.3   	145.000000	34731     	145.000000	35256.3   	145.000000	35322.2   	145.000000	326.423   	145.000000	154.054   	145.000000	104.318   	145.000000	88.7849   	145.000000	105.039
150.000000	37079     	150.000000	36834.7   	150.000000	37389.6   	150.000000	37461.7   	150.000000	345.468   	150.000000	162.782   	150.000000	110.426   	150.000000	93.8797   	150.000000	111.345
155.000000	39272.7   	155.000000	38986.4   	155.000000	39571.9   	155.000000	39650.2   	155.000000	364.877   	155.000000	171.676   	155.000000	116.655   	155.000000	99.0744   	155.000000	117.791
160.000000	41514.1   	160.000000	41185.1   	160.000000	41802.1   	160.000000	41886.9   	160.000000	384.632   	160.000000	180.73    	160.000000	123.001   	160.000000	104.366   	160.000000	124.372
165.000000	43801.2   	165.000000	43430.1   	165.000000	44079.4   	165.000000	44171     	165.000000	404.729   	165.000000	189.942   	165.000000	129.461   	165.000000	109.754   	165.000000	131.086
170.000000	46133.2   	170.000000	45720.5   	170.000000	46403.1   	170.000000	46501.6   	170.000000	425.156   	170.000000	199.309   	170.000000	136.033   	170.000000	115.234   	170.000000	137.93
175.000000	48509.3   	175.000000	48055.5   	175.000000	48772.3   	175.000000	48878     	175.000000	445.901   	175.000000	208.828   	175.000000	142.712   	175.000000	120.806   	175.000000	144.901
180.000000	50928.9   	180.000000	50434.3   	180.000000	51186.1   	180.000000	51299.3   	180.000000	466.951   	180.000000	218.488   	180.000000	149.496   	180.000000	126.465   	180.000000	151.997
185.000000	53391     	185.000000	52856.2   	185.000000	53643.8   	185.000000	53764.8   	185.000000	488.299   	185.000000	228.286   	185.000000	156.381   	185.000000	132.211   	185.000000	159.215
190.000000	55895.2   	190.000000	55320.4   	190.000000	56144.8   	190.000000	56273.7   	190.000000	509.938   	190.000000	238.226   	190.000000	163.366   	190.000000	138.042   	190.000000	166.553
195.000000	58440.6   	195.000000	57826.3   	195.000000	58688.4   	195.000000	58825.4   	195.000000	531.861   	195.000000	248.305   	195.000000	170.448   	195.000000	143.956   	195.000000	174.008
200.000000	61026.6   	200.000000	60373     	200.000000	61273.8   	200.000000	61419.1   	200.000000	554.055   	200.000000	258.514   	200.000000	177.624   	200.000000	149.951   	200.000000	181.578
210.000000	66317.7   	210.000000	65586.5   	210.000000	66567.1   	210.000000	66729.8   	210.000000	599.225   	210.000000	279.319   	210.000000	192.247   	210.000000	162.175   	210.000000	197.053
220.000000	71763.6   	220.000000	70955.5   	220.000000	72019.9   	220.000000	72200.5   	220.000000	645.391   	220.000000	300.634   	220.000000	207.218   	220.000000	174.703   	220.000000	212.961
230.000000	77359.5   	230.000000	76475.1   	230.000000	77626.5   	230.000000	77826.2   	230.000000	692.483   	230.000000	322.416   	230.000000	222.515   	230.000000	187.518   	230.000000	229.284
240.000000	83100.8   	240.000000	82140.5   	240.000000	83382.7   	240.000000	83601.8   	240.000000	740.453   	240.000000	344.654   	240.000000	238.124   	240.000000	200.611   	240.000000	246.007
250.000000	88983.2   	250.000000	87947.1   	250.000000	89283.1   	250.000000	89522.8   	250.000000	789.231   	250.000000	367.323   	250.000000	254.025   	250.000000	213.967   	250.000000	263.111
260.000000	95002.6   	260.000000	93890.6   	260.000000	95323.4   	260.000000	95584.6   	260.000000	838.769   	260.000000	390.41    	260.000000	270.202   	260.000000	227.574   	260.000000	280.582
270.000000	101155    	270.000000	99966.6   	270.000000	101500    	270.000000	101783    	270.000000	889.031   	270.000000	413.905   	270.000000	286.642   	270.000000	241.424   	270.000000	298.406
280.000000	107437    	280.000000	106171    	280.000000	107808    	280.000000	108114    	280.000000	939.96    	280.000000	437.787   	280.000000	303.329   	280.000000	255.504   	280.000000	316.57
290.000000	113844    	290.000000	112501    	290.000000	114243    	290.000000	114573    	290.000000	991.515   	290.000000	462.049   	290.000000	320.251   	290.000000	269.804   	290.000000	335.059
300.000000	120374    	300.000000	118951    	300.000000	120803    	300.000000	121157    	300.000000	1043.66   	300.000000	486.672   	300.000000	337.394   	300.000000	284.317   	300.000000	353.863
310.000000	127022    	310.000000	125519    	310.000000	127483    	310.000000	127862    	310.000000	1096.35   	310.000000	511.621   	310.000000	354.745   	310.000000	299.031   	310.000000	372.966
320.000000	133786    	320.000000	132202    	320.000000	134280    	320.000000	134684    	320.000000	1149.55   	320.000000	536.903   	320.000000	372.294   	320.000000	313.939   	320.000000	392.358
330.000000	140663    	330.000000	138995    	330.000000	141190    	330.000000	141620    	330.000000	1203.22   	330.000000	562.514   	330.000000	390.029   	330.000000	329.032   	330.000000	412.029
340.000000	147649    	340.000000	145896    	340.000000	148210    	340.000000	148667    	340.000000	1257.33   	340.000000	588.42    	340.000000	407.938   	340.000000	344.301   	340.000000	431.966
350.000000	154742    	350.000000	152901    	350.000000	155337    	350.000000	155822    	350.000000	1311.85   	350.000000	614.607   	350.000000	426.013   	350.000000	359.74    	350.000000	452.159
360.000000	161938    	360.000000	160009    	360.000000	162569    	360.000000	163081    	360.000000	1366.76   	360.000000	641.079   	360.000000	444.243   	360.000000	375.341   	360.000000	472.599
370.000000	169237    	370.000000	167215    	370.000000	169901    	370.000000	170442    	370.000000	1422      	370.000000	667.837   	370.000000	462.619   	370.000000	391.096   	370.000000	493.274
380.000000	176633    	380.000000	174518    	380.000000	177332    	380.000000	177902    	380.000000	1477.57   	380.000000	694.869   	380.000000	481.131   	380.000000	406.999   	380.000000	514.176
390.000000	184127    	390.000000	181914    	390.000000	184858    	390.000000	185457    	390.000000	1533.44   	390.000000	722.156   	390.000000	499.773   	390.000000	423.043   	390.000000	535.297
400.000000	191714    	400.000000	189402    	400.000000	192477    	400.000000	193106    	400.000000	1589.59   	400.000000	749.685   	400.000000	518.536   	400.000000	439.223   	400.000000	556.627
410.000000	199392    	410.000000	196978    	410.000000	200186    	410.000000	200846    	410.000000	1645.98   	410.000000	777.446   	410.000000	537.41    	410.000000	455.531   	410.000000	578.157
420.000000	207160    	420.000000	204641    	420.000000	207983    	420.000000	208675    	420.000000	1702.6    	420.000000	805.44    	420.000000	556.391   	420.000000	471.961   	420.000000	599.879
430.000000	215014    	430.000000	212387    	430.000000	215865    	430.000000	216589    	430.000000	1759.42   	430.000000	833.66    	430.000000	575.471   	430.000000	488.511   	430.000000	621.788
440.000000	222954    	440.000000	220216    	440.000000	223831    	440.000000	224587    	440.000000	1816.44   	440.000000	862.088   	440.000000	594.643   	440.000000	505.172   	440.000000	643.874
450.000000	230977    	450.000000	228125    	450.000000	231878    	450.000000	232666    	450.000000	1873.62   	450.000000	890.705   	450.000000	613.9     	450.000000	521.94    	450.000000	666.129
460.000000	239080    	460.000000	236111    	460.000000	240003    	460.000000	240825    	460.000000	1930.95   	460.000000	919.509   	460.000000	633.236   	460.000000	538.81    	460.000000	688.548
470.000000	247263    	470.000000	244173    	470.000000	248206    	470.000000	249061    	470.000000	1988.42   	470.000000	948.511   	470.000000	652.647   	470.000000	555.778   	470.000000	711.123
480.000000	255523    	480.000000	252309    	480.000000	256483    	480.000000	257372    	480.000000	2046      	480.000000	977.711   	480.000000	672.127   	480.000000	572.839   	480.000000	733.85
490.000000	263858    	490.000000	260516    	490.000000	264833    	490.000000	265756    	490.000000	2103.69   	490.000000	1007.1    	490.000000	691.669   	490.000000	589.988   	490.000000	756.719
500.000000	272266    	500.000000	268794    	500.000000	273254    	500.000000	274212    	500.000000	2161.46   	500.000000	1036.67   	500.000000	711.268   	500.000000	607.22    	500.000000	779.726
520.000000	289297    	520.000000	285554    	520.000000	290301    	520.000000	291329    	520.000000	2277.21   	520.000000	1096.31   	520.000000	750.622   	520.000000	641.922   	520.000000	826.129
540.000000	306602    	540.000000	302573    	540.000000	307610    	540.000000	308711    	540.000000	2393.16   	540.000000	1156.57   	540.000000	790.154   	540.000000	676.914   	540.000000	873.018
560.000000	324169    	560.000000	319840    	560.000000	325169    	560.000000	326344    	560.000000	2509.2    	560.000000	1217.46   	560.000000	829.827   	560.000000	712.165   	560.000000	920.346
580.000000	341985    	580.000000	337343    	580.000000	342964    	580.000000	344215    	580.000000	2625.27   	580.000000	1278.93   	580.000000	869.614   	580.000000	747.65    	580.000000	968.079
600.000000	360040    	600.000000	355070    	600.000000	360985    	600.000000	362312    	600.000000	2741.29   	600.000000	1340.92   	600.000000	909.489   	600.000000	783.345   	600.000000	1016.18
620.000000	378322    	620.000000	373011    	620.000000	379220    	620.000000	380625    	620.000000	2857.17   	620.000000	1403.4    	620.000000	949.421   	620.000000	819.225   	620.000000	1064.62
640.000000	396822    	640.000000	391155    	640.000000	397659    	640.000000	399144    	640.000000	2972.87   	640.000000	1466.36   	640.000000	989.392   	640.000000	855.27    	640.000000	1113.35
660.000000	415531    	660.000000	409494    	660.000000	416293    	660.000000	417858    	660.000000	3088.34   	660.000000	1529.78   	660.000000	1029.38   	660.000000	891.461   	660.000000	1162.37
680.000000	434438    	680.000000	428019    	680.000000	435112    	680.000000	436758    	680.000000	3203.52   	680.000000	1593.63   	680.000000	1069.37   	680.000000	927.778   	680.000000	1211.62
700.000000	453535    	700.000000	446720    	700.000000	454107    	700.000000	455836    	700.000000	3318.35   	700.000000	1657.89   	700.000000	1109.33   	700.000000	964.202   	700.000000	1261.1
720.000000	472813    	720.000000	465589    	720.000000	473270    	720.000000	475083    	720.000000	3432.82   	720.000000	1722.55   	720.000000	1149.26   	720.000000	1000.72   	720.000000	1310.77
740.000000	492265    	740.000000	484620    	740.000000	492594    	740.000000	494491    	740.000000	3546.9    	740.000000	1787.59   	740.000000	1189.14   	740.000000	1037.32   	740.000000	1360.62
760.000000	511883    	760.000000	503804    	760.000000	512071    	760.000000	514053    	760.000000	3660.53   	760.000000	1853      	760.000000	1228.96   	760.000000	1073.98   	760.000000	1410.63
780.000000	531660    	780.000000	523134    	780.000000	531693    	780.000000	533762    	780.000000	3773.69   	780.000000	1918.76   	780.000000	1268.7    	780.000000	1110.69   	780.000000	1460.76
800.000000	551588    	800.000000	542605    	800.000000	551455    	800.000000	553612    	800.000000	3886.36   	800.000000	1984.86   	800.000000	1308.35   	800.000000	1147.44   	800.000000	1511.01
820.000000	571661    	820.000000	562209    	820.000000	571351    	820.000000	573595    	820.000000	3998.52   	820.000000	2051.3    	820.000000	1347.9    	820.000000	1184.22   	820.000000	1561.36
840.000000	591872    	840.000000	581941    	840.000000	591371    	840.000000	593704    	840.000000	4110.12   	840.000000	2118.02   	840.000000	1387.35   	840.000000	1221.01   	840.000000	1611.79
860.000000	612215    	860.000000	601795    	860.000000	611510    	860.000000	613932    	860.000000	4221.1    	860.000000	2184.99   	860.000000	1426.66   	860.000000	1257.8    	860.000000	1662.27
880.000000	632685    	880.000000	621765    	880.000000	631761    	880.000000	634272    	880.000000	4331.47   	880.000000	2252.18   	880.000000	1465.85   	880.000000	1294.58   	880.000000	1712.78
900.000000	653275    	900.000000	641847    	900.000000	652118    	900.000000	654722    	900.000000	4441.19   	900.000000	2319.58   	900.000000	1504.9    	900.000000	1331.33   	900.000000	1763.32
920.000000	673980    	920.000000	662034    	920.000000	672579    	920.000000	675274    	920.000000	4550.29   	920.000000	2387.22   	920.000000	1543.8    	920.000000	1368.06   	920.000000	1813.88
940.000000	694795    	940.000000	682323    	940.000000	693139    	940.000000	695926    	940.000000	4658.75   	940.000000	2455.11   	940.000000	1582.55   	940.000000	1404.76   	940.000000	1864.44
960.000000	715715    	960.000000	702708    	960.000000	713794    	960.000000	716672    	960.000000	4766.57   	960.000000	2523.24   	960.000000	1621.15   	960.000000	1441.42   	960.000000	1915
980.000000	736735    	980.000000	723186    	980.000000	734538    	980.000000	737509    	980.000000	4873.74   	980.000000	2591.59   	980.000000	1659.59   	980.000000	1478.03   	980.000000	1965.54
1000.000000	757849    	1000.000000	743752    	1000.000000	755367    	1000.000000	758432    	1000.000000	4980.25   	1000.000000	2660.13   	1000.000000	1697.87   	1000.000000	1514.58   	1000.000000	2016.05
1020.000000	779055    	1020.000000	764402    	1020.000000	776279    	1020.000000	779438    	1020.000000	5086.1    	1020.000000	2728.85   	1020.000000	1735.98   	1020.000000	1551.08   	1020.000000	2066.52
1040.000000	800347    	1040.000000	785132    	1040.000000	797269    	1040.000000	800522    	1040.000000	5191.28   	1040.000000	2797.73   	1040.000000	1773.91   	1040.000000	1587.51   	1040.000000	2116.94
1060.000000	821721    	1060.000000	805939    	1060.000000	818334    	1060.000000	821683    	1060.000000	5295.81   	1060.000000	2866.8    	1060.000000	1811.68   	1060.000000	1623.87   	1060.000000	2167.32
1080.000000	843173    	1080.000000	826819    	1080.000000	839472    	1080.000000	842916    	1080.000000	5399.68   	1080.000000	2936.03   	1080.000000	1849.28   	1080.000000	1660.16   	1080.000000	2217.63
1100.000000	864700    	1100.000000	847769    	1100.000000	860679    	1100.000000	864218    	1100.000000	5502.9    	1100.000000	3005.45   	1100.000000	1886.69   	1100.000000	1696.38   	1100.000000	2267.89
1120.000000	886297    	1120.000000	868784    	1120.000000	881952    	1120.000000	885587    	1120.000000	5605.47   	1120.000000	3075.05   	1120.000000	1923.94   	1120.000000	1732.51   	1120.000000	2318.07
1140.000000	907961    	1140.000000	889863    	1140.000000	903288    	1140.000000	907019    	1140.000000	5707.37   	1140.000000	3144.83   	1140.000000	1961      	1140.000000	1768.56   	1140.000000	2368.17
1160.000000	929689    	1160.000000	911002    	1160.000000	924684    	1160.000000	928511    	1160.000000	5808.62   	1160.000000	3214.79   	1160.000000	1997.88   	1160.000000	1804.52   	1160.000000	2418.18
1180.000000	951476    	1180.000000	932199    	1180.000000	946138    	1180.000000	950062    	1180.000000	5909.21   	1180.000000	3284.94   	1180.000000	2034.57   	1180.000000	1840.39   	1180.000000	2468.11
1200.000000	973321    	1200.000000	953449    	1200.000000	967647    	1200.000000	971669    	1200.000000	6009.15   	1200.000000	3355.27   	1200.000000	2071.09   	1200.000000	1876.17   	1200.000000	2517.94
1220.000000	995219    	1220.000000	974752    	1220.000000	989209    	1220.000000	993329    	1220.000000	6108.44   	1220.000000	3425.77   	1220.000000	2107.42   	1220.000000	1911.85   	1220.000000	2567.68
1240.000000	1.01717e+06	1240.000000	996103    	1240.000000	1.01082e+06	1240.000000	1.01504e+06	1240.000000	6207.09   	1240.000000	3496.42   	1240.000000	2143.57   	1240.000000	1947.43   	1240.000000	2617.31
1260.000000	1.03917e+06	1260.000000	1.0175e+06	1260.000000	1.03248e+06	1260.000000	1.0368e+06	1260.000000	6305.11   	1260.000000	3567.23   	1260.000000	2179.54   	1260.000000	1982.91   	1260.000000	2666.84
1280.000000	1.06121e+06	1280.000000	1.03894e+06	1280.000000	1.05419e+06	1280.000000	1.0586e+06	1280.000000	6402.5    	1280.000000	3638.18   	1280.000000	2215.33   	1280.000000	2018.29   	1280.000000	2716.26
1300.000000	1.08329e+06	1300.000000	1.06043e+06	1300.000000	1.07594e+06	1300.000000	1.08046e+06	1300.000000	6499.26   	1300.000000	3709.28   	1300.000000	2250.93   	1300.000000	2053.57   	1300.000000	2765.56
1320.000000	1.10542e+06	1320.000000	1.08195e+06	1320.000000	1.09774e+06	1320.000000	1.10235e+06	1320.000000	6595.4    	1320.000000	3780.51   	1320.000000	2286.35   	1320.000000	2088.74   	1320.000000	2814.76
1340.000000	1.12758e+06	1340.000000	1.10351e+06	1340.000000	1.11957e+06	1340.000000	1.12428e+06	1340.000000	6690.92   	1340.000000	3851.88   	1340.000000	2321.58   	1340.000000	2123.81   	1340.000000	2863.83
1360.000000	1.14977e+06	1360.000000	1.12511e+06	1360.000000	1.14145e+06	1360.000000	1.14626e+06	1360.000000	6785.82   	1360.000000	3923.38   	1360.000000	2356.64   	1360.000000	2158.76   	1360.000000	2912.78
1380.000000	1.172e+06 	1380.000000	1.14674e+06	1380.000000	1.16336e+06	1380.000000	1.16827e+06	1380.000000	6880.1    	1380.000000	3995.01   	1380.000000	2391.51   	1380.000000	2193.6    	1380.000000	2961.6
1400.000000	1.19426e+06	1400.000000	1.16841e+06	1400.000000	1.18531e+06	1400.000000	1.19032e+06	1400.000000	6973.78   	1400.000000	4066.77   	1400.000000	2426.2    	1400.000000	2228.34   	1400.000000	3010.3
1420.000000	1.21654e+06	1420.000000	1.1901e+06	1420.000000	1.20729e+06	1420.000000	1.2124e+06	1420.000000	7066.85   	1420.000000	4138.67   	1420.000000	2460.71   	1420.000000	2262.96   	1420.000000	3058.87
1440.000000	1.23886e+06	1440.000000	1.21182e+06	1440.000000	1.2293e+06	1440.000000	1.23451e+06	1440.000000	7159.32   	1440.000000	4210.7    	1440.000000	2495.04   	1440.000000	2297.46   	1440.000000	3107.31
1460.000000	1.26119e+06	1460.000000	1.23356e+06	1460.000000	1.25135e+06	1460.000000	1.25666e+06	1460.000000	7251.21   	1460.000000	4282.86   	1460.000000	2529.19   	1460.000000	2331.86   	1460.000000	3155.61
1480.000000	1.28355e+06	1480.000000	1.25533e+06	1480.000000	1.27342e+06	1480.000000	1.27883e+06	1480.000000	7342.51   	1480.000000	4355.16   	1480.000000	2563.16   	1480.000000	2366.14   	1480.000000	3203.79
1500.000000	1.30592e+06	1500.000000	1.27713e+06	1500.000000	1.29553e+06	1500.000000	1.30103e+06	1500.000000	7433.23   	1500.000000	4427.58   	1500.000000	2596.95   	1500.000000	2400.3    	1500.000000	3251.82
1520.000000	1.32832e+06	1520.000000	1.29894e+06	1520.000000	1.31766e+06	1520.000000	1.32327e+06	1520.000000	7523.39   	1520.000000	4500.14   	1520.000000	2630.57   	1520.000000	2434.35   	1520.000000	3299.72
1540.000000	1.35073e+06	1540.000000	1.32078e+06	1540.000000	1.33981e+06	1540.000000	1.34552e+06	1540.000000	7612.98   	1540.000000	4572.83   	1540.000000	2664.01   	1540.000000	2468.28   	1540.000000	3347.49
1560.000000	1.37315e+06	1560.000000	1.34263e+06	1560.000000	1.362e+06 	1560.000000	1.3678e+06	1560.000000	7702.01   	1560.000000	4645.64   	1560.000000	2697.28   	1560.000000	2502.1    	1560.000000	3395.11
1580.000000	1.39559e+06	1580.000000	1.3645e+06	1580.000000	1.3842e+06	1580.000000	1.39011e+06	1580.000000	7790.48   	1580.000000	4718.57   	1580.000000	2730.38   	1580.000000	2535.8    	1580.000000	3442.6
1600.000000	1.41803e+06	1600.000000	1.38639e+06	1600.000000	1.40643e+06	1600.000000	1.41244e+06	1600.000000	7878.4    	1600.000000	4791.62   	1600.000000	2763.3    	1600.000000	2569.38   	1600.000000	3489.94
1620.000000	1.44049e+06	1620.000000	1.40829e+06	1620.000000	1.42868e+06	1620.000000	1.43479e+06	1620.000000	7965.78   	1620.000000	4864.78   	1620.000000	2796.06   	1620.000000	2602.84   	1620.000000	3537.14
1640.000000	1.46295e+06	1640.000000	1.4302e+06	1640.000000	1.45095e+06	1640.000000	1.45716e+06	1640.000000	8052.62   	1640.000000	4938.04   	1640.000000	2828.64   	1640.000000	2636.19   	1640.000000	3584.2
1660.000000	1.48542e+06	1660.000000	1.45213e+06	1660.000000	1.47324e+06	1660.000000	1.47955e+06	1660.000000	8138.92   	1660.000000	5011.42   	1660.000000	2861.06   	1660.000000	2669.42   	1660.000000	3631.12
1680.000000	1.5079e+06	1680.000000	1.47407e+06	1680.000000	1.49555e+06	1680.000000	1.50196e+06	1680.000000	8224.69   	1680.000000	5084.89   	1680.000000	2893.31   	1680.000000	2702.53   	1680.000000	3677.89
1700.000000	1.53037e+06	1700.000000	1.49601e+06	1700.000000	1.51787e+06	1700.000000	1.52439e+06	1700.000000	8309.94   	1700.000000	5158.46   	1700.000000	2925.39   	1700.000000	2735.52   	1700.000000	3724.52
1750.000000	1.58657e+06	1750.000000	1.55091e+06	1750.000000	1.57376e+06	1750.000000	1.58053e+06	1750.000000	8520.79   	1750.000000	5342.83   	1750.000000	3004.87   	1750.000000	2817.49   	1750.000000	3840.45
1800.000000	1.64276e+06	1800.000000	1.60585e+06	1800.000000	1.62974e+06	1800.000000	1.63676e+06	1800.000000	8728.49   	1800.000000	5527.83   	1800.000000	3083.34   	1800.000000	2898.72   	1800.000000	3955.46
1850.000000	1.69892e+06	1850.000000	1.6608e+06	1850.000000	1.6858e+06	1850.000000	1.69307e+06	1850.000000	8933.12   	1850.000000	5713.49   	1850.000000	3160.82   	1850.000000	2979.22   	1850.000000	4069.57
1900.000000	1.75503e+06	1900.000000	1.71577e+06	1900.000000	1.74193e+06	1900.000000	1.74946e+06	1900.000000	9134.78   	1900.000000	5899.84   	1900.000000	3237.34   	1900.000000	3058.99   	1900.000000	4182.77
1950.000000	1.81108e+06	1950.000000	1.77073e+06	1950.000000	1.79813e+06	1950.000000	1.80591e+06	1950.000000	9333.54   	1950.000000	6086.88   	1950.000000	3312.9    	1950.000000	3138.04   	1950.000000	4295.05
2000.000000	1.86706e+06	2000.000000	1.82567e+06	2000.000000	1.85437e+06	2000.000000	1.86241e+06	2000.000000	9529.48   	2000.000000	6274.63   	2000.000000	3387.54   	2000.000000	3216.37   	2000.000000	4406.44
2100.000000	1.97873e+06	2100.000000	1.93546e+06	2100.000000	1.96699e+06	2100.000000	1.97553e+06	2100.000000	9913.21   	2100.000000	6652.18   	2100.000000	3534.11   	2100.000000	3370.92   	2100.000000	4626.5
2200.000000	2.08994e+06	2200.000000	2.04505e+06	2200.000000	2.07974e+06	2200.000000	2.08878e+06	2200.000000	10286.5   	2200.000000	7032.41   	2200.000000	3677.2    	2200.000000	3522.69   	2200.000000	4842.99
2300.000000	2.2006e+06	2300.000000	2.15439e+06	2300.000000	2.19256e+06	2300.000000	2.2021e+06	2300.000000	10650     	2300.000000	7415.22   	2300.000000	3816.97   	2300.000000	3671.75   	2300.000000	5055.98
2400.000000	2.31065e+06	2400.000000	2.26341e+06	2400.000000	2.30541e+06	2400.000000	2.31546e+06	2400.000000	11004.1   	2400.000000	7800.51   	2400.000000	3953.56   	2400.000000	3818.16   	2400.000000	5265.54
2500.000000	2.42002e+06	2500.000000	2.37207e+06	2500.000000	2.41826e+06	2500.000000	2.42881e+06	2500.000000	11349.3   	2500.000000	8188.21   	2500.000000	4087.12   	2500.000000	3962.01   	2500.000000	5471.73
2600.000000	2.52866e+06	2600.000000	2.48032e+06	2600.000000	2.53108e+06	2600.000000	2.54214e+06	2600.000000	11686.1   	2600.000000	8578.26   	2600.000000	4217.79   	2600.000000	4103.36   	2600.000000	5674.65
2700.000000	2.63652e+06	2700.000000	2.58813e+06	2700.000000	2.64386e+06	2700.000000	2.65542e+06	2700.000000	12015     	2700.000000	8970.63   	2700.000000	4345.69   	2700.000000	4242.29   	2700.000000	5874.37
2800.000000	2.74357e+06	2800.000000	2.69546e+06	2800.000000	2.75656e+06	2800.000000	2.76862e+06	2800.000000	12336.3   	2800.000000	9365.29   	2800.000000	4470.96   	2800.000000	4378.88   	2800.000000	6071
2900.000000	2.84977e+06	2900.000000	2.80228e+06	2900.000000	2.86918e+06	2900.000000	2.88173e+06	2900.000000	12650.5   	2900.000000	9762.21   	2900.000000	4593.7    	2900.000000	4513.2    	2900.000000	6264.6
3000.000000	2.9551e+06	3000.000000	2.90859e+06	3000.000000	2.98169e+06	3000.000000	2.99474e+06	3000.000000	12957.8   	3000.000000	10161.4   	3000.000000	4714.03   	3000.000000	4645.32   	3000.000000	6455.27
3200.000000	3.16307e+06	3200.000000	3.11955e+06	3200.000000	3.20637e+06	3200.000000	3.22039e+06	3200.000000	13553.1   	3200.000000	10966.4   	3200.000000	4947.85   	3200.000000	4903.24   	3200.000000	6828.14
3400.000000	3.36733e+06	3400.000000	3.32822e+06	3400.000000	3.43052e+06	3400.000000	3.4455e+06	3400.000000	14124.6   	3400.000000	11780.4   	3400.000000	5173.2    	3400.000000	5153.18   	3400.000000	7190.26
3600.000000	3.5678e+06	3600.000000	3.53452e+06	3600.000000	3.65407e+06	3600.000000	3.67001e+06	3600.000000	14674.4   	3600.000000	12603.3   	3600.000000	5390.76   	3600.000000	5395.64   	3600.000000	7542.26
3800.000000	3.76446e+06	3800.000000	3.73839e+06	3800.000000	3.877e+06 	3800.000000	3.89388e+06	3800.000000	15204.3   	3800.000000	13435.1   	3800.000000	5601.14   	3800.000000	5631.07   	3800.000000	7884.71
4000.000000	3.95729e+06	4000.000000	3.93981e+06	4000.000000	4.09928e+06	4000.000000	4.1171e+06	4000.000000	15715.9   	4000.000000	14275.7   	4000.000000	5804.9    	4000.000000	5859.91   	4000.000000	8218.17
4200.000000	4.1463e+06	4200.000000	4.13875e+06	4200.000000	4.32089e+06	4200.000000	4.33965e+06	4200.000000	16210.6   	4200.000000	15125.1   	4200.000000	6002.52   	4200.000000	6082.56   	4200.000000	8543.15
4400.000000	4.33152e+06	4400.000000	4.33523e+06	4400.000000	4.54183e+06	4400.000000	4.56152e+06	4400.000000	16689.7   	4400.000000	15983.2   	4400.000000	6194.47   	4400.000000	6299.38   	4400.000000	8860.13
4600.000000	4.513e+06 	4600.000000	4.52924e+06	4600.000000	4.7621e+06	4600.000000	4.78272e+06	4600.000000	17154.2   	4600.000000	16849.8   	4600.000000	6381.12   	4600.000000	6510.73   	4600.000000	9169.56
4800.000000	4.69081e+06	4800.000000	4.72081e+06	4800.000000	4.98169e+06	4800.000000	5.00323e+06	4800.000000	17605.3   	4800.000000	17724.9   	4800.000000	6562.87   	4800.000000	6716.92   	4800.000000	9471.85
5000.000000	4.86499e+06	5000.000000	4.90997e+06	5000.000000	5.20062e+06	5000.000000	5.22308e+06	5000.000000	18043.8   	5000.000000	18608.4   	5000.000000	6740.03   	5000.000000	6918.23   	5000.000000	9767.4
5250.000000	5.07773e+06	5250.000000	5.14306e+06	5250.000000	5.47337e+06	5250.000000	5.49696e+06	5250.000000	18575.6   	5250.000000	19724.2   	5250.000000	6955.5    	5250.000000	7163.43   	5250.000000	10127.9
5500.000000	5.28508e+06	5500.000000	5.37249e+06	5500.000000	5.74511e+06	5500.000000	5.76983e+06	5500.000000	19090.4   	5500.000000	20852.6   	5500.000000	7164.81   	5500.000000	7401.94   	5500.000000	10479
6000.000000	5.68419e+06	6000.000000	5.82066e+06	6000.000000	6.28566e+06	6000.000000	6.31261e+06	6000.000000	20074.3   	6000.000000	23146.4   	6000.000000	7566.82   	6000.000000	7860.57   	6000.000000	11155.7
6500.000000	6.06355e+06	6500.000000	6.25511e+06	6500.000000	6.82247e+06	6500.000000	6.85161e+06	6500.000000	21004.1   	6500.000000	25488.2   	6500.000000	7949.3    	6500.000000	8297.23   	6500.000000	11801.5
7000.000000	6.4244e+06	7000.000000	6.67647e+06	7000.000000	7.35573e+06	7000.000000	7.38703e+06	7000.000000	21886.8   	7000.000000	27877     	7000.000000	8314.91   	7000.000000	8714.5    	7000.000000	12419.9
7500.000000	6.76792e+06	7500.000000	7.08541e+06	7500.000000	7.88565e+06	7500.000000	7.91907e+06	7500.000000	22728.1   	7500.000000	30311.4   	7500.000000	8665.84   	7500.000000	9114.58   	7500.000000	13014.1
8000.000000	7.09523e+06	8000.000000	7.48255e+06	8000.000000	8.41239e+06	8000.000000	8.44791e+06	8000.000000	23532.5   	8000.000000	32790.6   	8000.000000	9003.88   	8000.000000	9499.31   	8000.000000	13586.4
8500.000000	7.40741e+06	8500.000000	7.86848e+06	8500.000000	8.93615e+06	8500.000000	8.97373e+06	8500.000000	24304.1   	8500.000000	35313.4   	8500.000000	9330.57   	8500.000000	9870.31   	8500.000000	14139.2
9000.000000	7.70542e+06	9000.000000	8.24379e+06	9000.000000	9.45708e+06	9000.000000	9.4967e+06	9000.000000	25046.1   	9000.000000	37877.1   	9000.000000	9647.21   	9000.000000	10228.9   	9000.000000	14674.4
9500.000000	7.99019e+06	9500.000000	8.60901e+06	9500.000000	9.97536e+06	9500.000000	1.0017e+07	9500.000000	25761.3   	9500.000000	40480.6   	9500.000000	9954.9    	9500.000000	10576.4   	9500.000000	15193.5
10000.000000	8.26256e+06	10000.000000	8.96465e+06	10000.000000	1.04911e+07	10000.000000	1.05347e+07	10000.000000	26452.3   	10000.000000	43124.4   	10000.000000	10254.6   	10000.000000	10913.8   	10000.000000	15698.1
11000.000000	8.77316e+06	11000.000000	9.64905e+06	11000.000000	1.15155e+07	11000.000000	1.15629e+07	11000.000000	27769.1   	11000.000000	48531.5   	11000.000000	10833.1   	11000.000000	11561.6   	11000.000000	16668.7
12000.000000	9.24278e+06	12000.000000	1.03004e+07	12000.000000	1.25311e+07	12000.000000	1.25823e+07	12000.000000	29010.1   	12000.000000	54089.8   	12000.000000	11388     	12000.000000	12178.6   	12000.000000	17594.5
13000.000000	9.67613e+06	13000.000000	1.09218e+07	13000.000000	1.35387e+07	13000.000000	1.35937e+07	13000.000000	30186.1   	13000.000000	59792.7   	13000.000000	11923.4   	13000.000000	12769.4   	13000.000000	18482.4
14000.000000	1.00773e+07	14000.000000	1.15159e+07	14000.000000	1.45391e+07	14000.000000	1.45978e+07	14000.000000	31305.6   	14000.000000	65639.9   	14000.000000	12442.5   	14000.000000	13337.9   	14000.000000	19337.9
15000.000000	1.04497e+07	15000.000000	1.20849e+07	15000.000000	1.55329e+07	15000.000000	1.55951e+07	15000.000000	32375.6   	15000.000000	71631.3   	15000.000000	12947.8   	15000.000000	13887.3   	15000.000000	20165.4
16000.000000	1.07964e+07	16000.000000	1.26309e+07	16000.000000	1.65205e+07	16000.000000	1.65862e+07	16000.000000	33401.6   	16000.000000	77761.8   	16000.000000	13441.2   	16000.000000	14420     	16000.000000	20968.6
17000.000000	1.11199e+07	17000.000000	1.31558e+07	17000.000000	1.75024e+07	17000.000000	1.75715e+07	17000.000000	34388.4   	17000.000000	84022.6   	17000.000000	13924.5   	17000.000000	14938.1   	17000.000000	21750.5
18000.000000	1.14225e+07	18000.000000	1.36611e+07	18000.000000	1.8479e+07	18000.000000	1.85514e+07	18000.000000	35339.7   	18000.000000	90404.7   	18000.000000	14398.7   	18000.000000	15443.4   	18000.000000	22513.5
19000.000000	1.17062e+07	19000.000000	1.41482e+07	19000.000000	1.94506e+07	19000.000000	1.95263e+07	19000.000000	36258.8   	19000.000000	96900.3   	19000.000000	14865.1   	19000.000000	15937.4   	19000.000000	23259.8
20000.000000	1.19727e+07	20000.000000	1.46185e+07	20000.000000	2.04176e+07	20000.000000	2.04965e+07	20000.000000	37148.6   	20000.000000	103503    	20000.000000	15324.4   	20000.000000	16421.1   	20000.000000	23991.2
21000.000000	1.22235e+07	21000.000000	1.50732e+07	21000.000000	2.13801e+07	21000.000000	2.14622e+07	21000.000000	38011.6   	21000.000000	110208    	21000.000000	15777.2   	21000.000000	16895.7   	21000.000000	24709.1
22000.000000	1.246e+07 	22000.000000	1.55131e+07	22000.000000	2.23385e+07	22000.000000	2.24238e+07	22000.000000	38849.9   	22000.000000	117023    	22000.000000	16224.3   	22000.000000	17362.1   	22000.000000	25415
23000.000000	1.26833e+07	23000.000000	1.59393e+07	23000.000000	2.32931e+07	23000.000000	2.33814e+07	23000.000000	39665.5   	23000.000000	123948    	23000.000000	16666.1   	23000.000000	17820.9   	23000.000000	26109.9
24000.000000	1.28946e+07	24000.000000	1.63527e+07	24000.000000	2.42439e+07	24000.000000	2.43353e+07	24000.000000	40460     	24000.000000	130974    	24000.000000	17103     	24000.000000	18273     	24000.000000	26794.8
25000.000000	1.30947e+07	25000.000000	1.67539e+07	25000.000000	2.51912e+07	25000.000000	2.52856e+07	25000.000000	41234.8   	25000.000000	138103    	25000.000000	17535.3   	25000.000000	18718.7   	25000.000000	27470.6
26000.000000	1.32845e+07	26000.000000	1.71438e+07	26000.000000	2.61352e+07	26000.000000	2.62326e+07	26000.000000	41991.4   	26000.000000	145335    	26000.000000	17963.3   	26000.000000	19158.6   	26000.000000	28137.8
27000.000000	1.34649e+07	27000.000000	1.75229e+07	27000.000000	2.7076e+07	27000.000000	2.71763e+07	27000.000000	42730.8   	27000.000000	152667    	27000.000000	18387.2   	27000.000000	19593.2   	27000.000000	28797.3
28000.000000	1.36364e+07	28000.000000	1.78919e+07	28000.000000	2.80138e+07	28000.000000	2.81169e+07	28000.000000	43454.2   	28000.000000	160093    	28000.000000	18807.3   	28000.000000	20022.8   	28000.000000	29449.5
29000.000000	1.37997e+07	29000.000000	1.82512e+07	29000.000000	2.89487e+07	29000.000000	2.90546e+07	29000.000000	44162.4   	29000.000000	167612    	29000.000000	19223.7   	29000.000000	20447.6   	29000.000000	30094.9
30000.000000	1.39554e+07	30000.000000	1.86015e+07	30000.000000	2.98808e+07	30000.000000	2.99895e+07	30000.000000	44856.5   	30000.000000	175223    	30000.000000	19636.5   	30000.000000	20868.1   	30000.000000	30734
32000.000000	1.42459e+07	32000.000000	1.92765e+07	32000.000000	3.17373e+07	32000.000000	3.18512e+07	32000.000000	46205     	32000.000000	190715    	32000.000000	20452     	32000.000000	21696.7   	32000.000000	31994.5
34000.000000	1.45115e+07	34000.000000	1.99201e+07	34000.000000	3.35839e+07	34000.000000	3.3703e+07	34000.000000	47505.3   	34000.000000	206554    	34000.000000	21254.6   	34000.000000	22510.2   	34000.000000	33233.5
36000.000000	1.47552e+07	36000.000000	2.05353e+07	36000.000000	3.54216e+07	36000.000000	3.55455e+07	36000.000000	48762     	36000.000000	222722    	36000.000000	22045     	36000.000000	23310.1   	36000.000000	34453
38000.000000	1.49797e+07	38000.000000	2.11246e+07	38000.000000	3.72508e+07	38000.000000	3.73793e+07	38000.000000	49979     	38000.000000	239208    	38000.000000	22823.4   	38000.000000	24097     	38000.000000	35654.3
40000.000000	1.51869e+07	40000.000000	2.169e+07 	40000.000000	3.90721e+07	40000.000000	3.92051e+07	40000.000000	51159.8   	40000.000000	256000    	40000.000000	23590.2   	40000.000000	24872     	40000.000000	36838.7
42000.000000	1.53789e+07	42000.000000	2.22335e+07	42000.000000	4.08861e+07	42000.000000	4.10232e+07	42000.000000	52307.4   	42000.000000	273088    	42000.000000	24345.8   	42000.000000	25635.6   	42000.000000	38007.1
44000.000000	1.55571e+07	44000.000000	2.27567e+07	44000.000000	4.26932e+07	44000.000000	4.28343e+07	44000.000000	53424.2   	44000.000000	290462    	44000.000000	25090.6   	44000.000000	26388.4   	44000.000000	39160.5
46000.000000	1.5723e+07	46000.000000	2.32612e+07	46000.000000	4.44937e+07	46000.000000	4.46385e+07	46000.000000	54512.7   	46000.000000	308111    	46000.000000	25824.6   	46000.000000	27130.9   	46000.000000	40299.5
48000.000000	1.58778e+07	48000.000000	2.37483e+07	48000.000000	4.62879e+07	48000.000000	4.64364e+07	48000.000000	55574.6   	48000.000000	326026    	48000.000000	26548.3   	48000.000000	27863.5   	48000.000000	41424.7
50000.000000	1.60225e+07	50000.000000	2.42192e+07	50000.000000	4.80763e+07	50000.000000	4.82283e+07	50000.000000	56611.8   	50000.000000	344200    	50000.000000	27261.9   	50000.000000	28586.7   	50000.000000	42536.7
