Energy (MeV/u)	0 - [He-base] F.Hubert et al, AD&ND Tables 46(1990)1	1 - [H -base] J.F.Ziegler et al, Pergamon Press, NY (low energy)	2 - ATIMA 1.2  LS-theory (recommended for high energy)	3 - ATIMA 1.2  without LS-correction	4 - Range straggling - method [0] - LISE	5 - Range straggling - method [1] - Atima	6 - Lateral range - method [0] - LISE	7 - Lateral range - method [1] - Atima	8 - Lateral range - method [2] - PDG
0.001000	0.0593346 	0.0593346 	0.0543274 	0.0543274 	-	-	0.000138632	0.000222509	0.000104425
93.633957	17867     	17687.6   	17973.4   	17992.2   	129.423   	62.8732   	41.4629   	35.8808   	41.2187   
187.266914	59762.5   	59157.3   	60003.2   	60163.4   	416.718   	195       	133.78    	112.832   	136.525   
280.899871	118379    	116985    	118703    	119111    	790.11    	368.618   	255.565   	214.81    	267.213   
374.532828	189148    	186886    	189738    	190482    	1210.35   	569.852   	394.806   	333.145   	422.06    
468.165785	269337    	265975    	270130    	271276    	1654.04   	790.362   	544.02    	462.21    	593.427   
561.798742	357019    	352244    	357783    	359386    	2106.99   	1024.93   	698.459   	598.234   	776.045   
655.431699	450703    	444180    	451127    	453228    	2560.38   	1270.06   	855.005   	738.557   	966.094   
749.064655	549224    	540629    	548975    	551610    	3008.85   	1523.35   	1011.63   	881.302   	1160.82   
842.697612	651645    	640689    	650411    	653609    	3449.13   	1783.1    	1167.01   	1025.12   	1358.21   
936.330569	757246    	743683    	754710    	758491    	3878.64   	2047.79   	1320.15   	1168.96   	1556.65   
1029.963526	865396    	849030    	861298    	865674    	4296.38   	2316.71   	1470.49   	1312.1    	1755.02   
1123.596483	975567    	956258    	969723    	974714    	4702.04   	2588.89   	1617.7    	1454.02   	1952.5    
1217.229440	1.08734e+06	1.065e+06 	1.07966e+06	1.08528e+06	5095.73   	2864.33   	1761.63   	1594.39   	2148.55   
1310.862397	1.20035e+06	1.17494e+06	1.19084e+06	1.19708e+06	5477.62   	3142.78   	1902.19   	1732.97   	2342.73   
1404.495354	1.31428e+06	1.2858e+06	1.303e+06 	1.30988e+06	5848.15   	3423.88   	2039.42   	1869.62   	2534.76   
1498.128311	1.42887e+06	1.39737e+06	1.41599e+06	1.4235e+06	6207.76   	3707.45   	2173.34   	2004.22   	2724.43   
1591.761268	1.54389e+06	1.50947e+06	1.52963e+06	1.53778e+06	6556.77   	3993.38   	2304.01   	2136.68   	2911.59   
1685.394225	1.65915e+06	1.62192e+06	1.6438e+06	1.6526e+06	6895.76   	4281.37   	2431.54   	2267      	3096.14   
1779.027182	1.77447e+06	1.7346e+06	1.7584e+06	1.76784e+06	7224.88   	4571.29   	2555.93   	2395.09   	3277.95   
1872.660139	1.88972e+06	1.84737e+06	1.87331e+06	1.88341e+06	7545.21   	4863.1    	2677.47   	2521.1    	3457.16   
1966.293096	2.00476e+06	1.96016e+06	1.98849e+06	1.99924e+06	7856.96   	5156.93   	2796.22   	2645      	3633.71   
2059.926052	2.11945e+06	2.07285e+06	2.10388e+06	2.11527e+06	8159.66   	5453.03   	2911.97   	2766.59   	3807.31   
2153.559009	2.23376e+06	2.18539e+06	2.21938e+06	2.23142e+06	8455.39   	5750.94   	3025.39   	2886.33   	3978.54   
2247.191966	2.3476e+06	2.29772e+06	2.33498e+06	2.34767e+06	8743.75   	6050.77   	3136.33   	3004.07   	4147.19   
2340.824923	2.46088e+06	2.40977e+06	2.45063e+06	2.46396e+06	9025.08   	6352.46   	3244.9    	3119.85   	4313.29   
2434.457880	2.57354e+06	2.52151e+06	2.5663e+06	2.58028e+06	9299.74   	6655.94   	3351.19   	3233.73   	4476.9    
2528.090837	2.68554e+06	2.63288e+06	2.68197e+06	2.69659e+06	9568.05   	6961.16   	3455.29   	3345.75   	4638.07   
2621.723794	2.79684e+06	2.74385e+06	2.7976e+06	2.81286e+06	9830.33   	7268.08   	3557.31   	3455.97   	4796.87   
2715.356751	2.90738e+06	2.85439e+06	2.91319e+06	2.92909e+06	10086.9   	7576.69   	3657.32   	3564.44   	4953.34   
2808.989708	3.01714e+06	2.96447e+06	3.02871e+06	3.04524e+06	10337.9   	7886.99   	3755.41   	3671.21   	5107.55   
2902.622665	3.12609e+06	3.07408e+06	3.14414e+06	3.1613e+06	10583.7   	8198.99   	3851.66   	3776.32   	5259.54   
2996.255622	3.23418e+06	3.18316e+06	3.25947e+06	3.27726e+06	10824.3   	8512.77   	3946.07   	3879.75   	5409.3    
3089.888579	3.34093e+06	3.29143e+06	3.37462e+06	3.39304e+06	11057.6   	8829.2    	4037.9    	3980.81   	5555.86   
3183.521536	3.44763e+06	3.39966e+06	3.48977e+06	3.50881e+06	11290.7   	9145.74   	4129.63   	4081.77   	5702.29   
3277.154493	3.55276e+06	3.50693e+06	3.60469e+06	3.62435e+06	11516     	9465.3    	4218.61   	4180.16   	5845.24   
3370.787449	3.65756e+06	3.61399e+06	3.71956e+06	3.73985e+06	11739.7   	9785.5    	4307.01   	4277.99   	5987.44   
3464.420406	3.76102e+06	3.72021e+06	3.83422e+06	3.85513e+06	11957.6   	10108.2   	4393.31   	4373.81   	6126.9    
3558.053363	3.86388e+06	3.82606e+06	3.94879e+06	3.97032e+06	12172.8   	10432     	4478.65   	4468.71   	6265.13   
3651.686320	3.96565e+06	3.93121e+06	4.06318e+06	4.08533e+06	12383.7   	10757.8   	4562.44   	4562.09   	6401.28   
3745.319277	4.06655e+06	4.03581e+06	4.17743e+06	4.20019e+06	12591.1   	11085.1   	4644.96   	4654.25   	6535.75   
3838.952234	4.16663e+06	4.13989e+06	4.29154e+06	4.31491e+06	12795.5   	11413.9   	4726.41   	4745.33   	6668.76   
3932.585191	4.26556e+06	4.24323e+06	4.40545e+06	4.42944e+06	12995.7   	11744.7   	4806.34   	4834.9    	6799.7    
4026.218148	4.36394e+06	4.34621e+06	4.51927e+06	4.54386e+06	13194.1   	12076.4   	4885.59   	4923.8    	6929.71   
4119.851105	4.46091e+06	4.44828e+06	4.63285e+06	4.65805e+06	13387.8   	12410.6   	4963.11   	5010.95   	7057.32   
4213.484062	4.55761e+06	4.55017e+06	4.74637e+06	4.77218e+06	13580.5   	12745.3   	5040.32   	5097.77   	7184.49   
4307.117019	4.65264e+06	4.65097e+06	4.85961e+06	4.88601e+06	13768.1   	13082.8   	5115.62   	5182.65   	7308.96   
4400.749976	4.74765e+06	4.75176e+06	4.97284e+06	4.99984e+06	13955.6   	13420.4   	5190.9    	5267.51   	7433.42   
4494.382933	4.84077e+06	4.8513e+06	5.08573e+06	5.11333e+06	14137.4   	13761.2   	5264.12   	5350.24   	7554.93   
4588.015890	4.93388e+06	4.95085e+06	5.19862e+06	5.22681e+06	14319.3   	14102     	5337.35   	5432.97   	7676.44   
4681.648846	5.02534e+06	5.04929e+06	5.31121e+06	5.33999e+06	14496.6   	14445.7   	5408.9    	5513.94   	7795.52   
4775.281803	5.11657e+06	5.14758e+06	5.42376e+06	5.45313e+06	14673.2   	14789.8   	5480.2    	5594.66   	7914.23   
4868.914760	5.20642e+06	5.24496e+06	5.53606e+06	5.56602e+06	14846.1   	15136.2   	5550.18   	5673.97   	8031      
4962.547717	5.29579e+06	5.34201e+06	5.64827e+06	5.67881e+06	15017.8   	15483.5   	5619.69   	5752.78   	8147.07   
5056.180674	5.38393e+06	5.43823e+06	5.76025e+06	5.79138e+06	15186.4   	15833     	5688.07   	5830.38   	8261.45   
5149.813631	5.47125e+06	5.5339e+06	5.87209e+06	5.90379e+06	15353     	16183.8   	5755.7    	5907.18   	8374.71   
5243.446588	5.55857e+06	5.62957e+06	5.98392e+06	6.01621e+06	15519.5   	16534.7   	5823.32   	5983.97   	8487.97   
5337.079545	5.64383e+06	5.72385e+06	6.09537e+06	6.12823e+06	15681.2   	16889.2   	5889.16   	6058.82   	8598.5    
5430.712502	5.72894e+06	5.81802e+06	6.2068e+06	6.24023e+06	15842.4   	17244     	5954.86   	6133.51   	8708.83   
5524.345459	5.81321e+06	5.91162e+06	6.31806e+06	6.35207e+06	16001.8   	17600.3   	6019.88   	6207.46   	8818.11   
5617.978416	5.89512e+06	6.00359e+06	6.42889e+06	6.46346e+06	16155.9   	17960.9   	6082.97   	6279.29   	8924.41   
5711.611373	5.97703e+06	6.09557e+06	6.53971e+06	6.57485e+06	16310     	18321.5   	6146.06   	6351.11   	9030.71   
5805.244330	6.05893e+06	6.18754e+06	6.65054e+06	6.68624e+06	16464.1   	18682.1   	6209.15   	6422.93   	9137      
5898.877287	6.14084e+06	6.27952e+06	6.76136e+06	6.79763e+06	16618.2   	19042.6   	6272.24   	6494.76   	9243.3    
5992.510243	6.22275e+06	6.3715e+06	6.87218e+06	6.90903e+06	16772.3   	19403.2   	6335.34   	6566.58   	9349.6    
6086.143200	6.30093e+06	6.46088e+06	6.9823e+06	7.0197e+06	16918.6   	19770.8   	6395.61   	6635.24   	9451.44   
6179.776157	6.37878e+06	6.55004e+06	7.09236e+06	7.13032e+06	17064.3   	20139     	6455.64   	6703.62   	9552.89   
6273.409114	6.45663e+06	6.6392e+06	7.20242e+06	7.24094e+06	17209.9   	20507.1   	6515.67   	6772      	9654.34   
6367.042071	6.53449e+06	6.72836e+06	7.31248e+06	7.35155e+06	17355.5   	20875.3   	6575.7    	6840.38   	9755.8    
6460.675028	6.61234e+06	6.81751e+06	7.42254e+06	7.46217e+06	17501.2   	21243.5   	6635.73   	6908.77   	9857.25   
6554.307985	6.68799e+06	6.90512e+06	7.53217e+06	7.57236e+06	17642.5   	21615.9   	6694.22   	6975.39   	9956.22   
6647.940942	6.76205e+06	6.99159e+06	7.64151e+06	7.68224e+06	17780.8   	21991.2   	6751.61   	7040.74   	10053.4   
6741.573899	6.8361e+06	7.07807e+06	7.75084e+06	7.79212e+06	17919     	22366.6   	6808.99   	7106.09   	10150.5   
6835.206856	6.91015e+06	7.16454e+06	7.86017e+06	7.902e+06 	18057.3   	22742     	6866.37   	7171.43   	10247.7   
6928.839813	6.98421e+06	7.25101e+06	7.96951e+06	8.01188e+06	18195.5   	23117.4   	6923.76   	7236.78   	10344.9   
7022.472770	7.05741e+06	7.33688e+06	8.07867e+06	8.1216e+06	18332.2   	23494.4   	6980.59   	7301.48   	10441.1   
7116.105727	7.12791e+06	7.4208e+06	8.18732e+06	8.23078e+06	18464     	23876.9   	7035.66   	7364.14   	10534.5   
7209.738684	7.19841e+06	7.50472e+06	8.29597e+06	8.33997e+06	18595.8   	24259.3   	7090.74   	7426.8    	10627.8   
7303.371640	7.2689e+06	7.58865e+06	8.40461e+06	8.44916e+06	18727.5   	24641.8   	7145.82   	7489.45   	10721.1   
7397.004597	7.3394e+06	7.67257e+06	8.51326e+06	8.55835e+06	18859.3   	25024.3   	7200.9    	7552.11   	10814.5   
7490.637554	7.4099e+06	7.7565e+06	8.6219e+06	8.66753e+06	18991     	25406.7   	7255.98   	7614.77   	10907.8   
7584.270511	7.47741e+06	7.83824e+06	8.72997e+06	8.77613e+06	19117.6   	25795.5   	7309.24   	7675.26   	10998.1   
7677.903468	7.54458e+06	7.91974e+06	8.83796e+06	8.88466e+06	19243.6   	26185.1   	7362.3    	7735.52   	11088     
7771.536425	7.61175e+06	8.00124e+06	8.94596e+06	8.99319e+06	19369.6   	26574.6   	7415.36   	7795.77   	11177.9   
7865.169382	7.67893e+06	8.08274e+06	9.05396e+06	9.10173e+06	19495.6   	26964.1   	7468.41   	7856.03   	11267.9   
7958.802339	7.7461e+06	8.16425e+06	9.16196e+06	9.21026e+06	19621.6   	27353.6   	7521.47   	7916.28   	11357.8   
8052.435296	7.81153e+06	8.24446e+06	9.26961e+06	9.31844e+06	19744.7   	27746.9   	7573.53   	7975.33   	11446     
8146.068253	7.8756e+06	8.32366e+06	9.377e+06 	9.42635e+06	19865.6   	28143.3   	7624.81   	8033.44   	11532.8   
8239.701210	7.93966e+06	8.40287e+06	9.48438e+06	9.53426e+06	19986.4   	28539.7   	7676.09   	8091.54   	11619.7   
8333.334167	8.00373e+06	8.48207e+06	9.59176e+06	9.64218e+06	20107.3   	28936.1   	7727.36   	8149.64   	11706.5   
8426.967124	8.0678e+06	8.56127e+06	9.69915e+06	9.75009e+06	20228.1   	29332.5   	7778.64   	8207.75   	11793.4   
8520.600081	8.13122e+06	8.64e+06  	9.80641e+06	9.85787e+06	20347.9   	29730.3   	7829.57   	8265.43   	11879.6   
8614.233037	8.19238e+06	8.71702e+06	9.91321e+06	9.9652e+06	20464.2   	30133.5   	7879.27   	8321.59   	11963.7   
8707.865994	8.25354e+06	8.79404e+06	1.002e+07 	1.00725e+07	20580.4   	30536.6   	7928.97   	8377.76   	12047.8   
8801.498951	8.3147e+06	8.87107e+06	1.01268e+07	1.01798e+07	20696.6   	30939.7   	7978.67   	8433.93   	12131.8   
8895.131908	8.37586e+06	8.94809e+06	1.02336e+07	1.02872e+07	20812.8   	31342.9   	8028.37   	8490.1    	12215.9   
8988.764865	8.43702e+06	9.02511e+06	1.03404e+07	1.03945e+07	20929     	31746     	8078.06   	8546.27   	12300     
9082.397822	8.49579e+06	9.10031e+06	1.04468e+07	1.05013e+07	21041.6   	32154.9   	8126.53   	8600.9    	12381.8   
9176.030779	8.55423e+06	9.17526e+06	1.0553e+07	1.06081e+07	21153.6   	32564.7   	8174.82   	8655.32   	12463.4   
9269.663736	8.61267e+06	9.25022e+06	1.06593e+07	1.07149e+07	21265.6   	32974.4   	8223.12   	8709.74   	12545     
9363.296693	8.67112e+06	9.32517e+06	1.07655e+07	1.08217e+07	21377.6   	33384.1   	8271.41   	8764.16   	12626.5   
9456.929650	8.72956e+06	9.40012e+06	1.08718e+07	1.09284e+07	21489.7   	33793.8   	8319.7    	8818.58   	12708.1   
9550.562607	8.78663e+06	9.47401e+06	1.09778e+07	1.10349e+07	21599.6   	34206.9   	8367.32   	8872.14   	12788.4   
9644.195564	8.84252e+06	9.547e+06 	1.10835e+07	1.11412e+07	21707.8   	34622.9   	8414.36   	8924.98   	12867.7   
9737.828521	8.89842e+06	9.61998e+06	1.11893e+07	1.12474e+07	21816     	35038.9   	8461.39   	8977.81   	12947     
9831.461478	8.95432e+06	9.69297e+06	1.1295e+07	1.13536e+07	21924.2   	35454.8   	8508.43   	9030.64   	13026.2   
9925.094434	9.01021e+06	9.76595e+06	1.14007e+07	1.14599e+07	22032.5   	35870.8   	8555.47   	9083.48   	13105.5   
10018.727391	9.06541e+06	9.83839e+06	1.15063e+07	1.1566e+07	22139.6   	36288.6   	8602.18   	9135.89   	13184.2   
10112.360348	9.1178e+06	9.90862e+06	1.16113e+07	1.16715e+07	22242.8   	36713.7   	8647.57   	9186.62   	13260.4   
10205.993305	9.1702e+06	9.97884e+06	1.17163e+07	1.1777e+07	22345.9   	37138.8   	8692.97   	9237.36   	13336.7   
10299.626262	9.22259e+06	1.00491e+07	1.18214e+07	1.18825e+07	22449     	37563.8   	8738.37   	9288.09   	13412.9   
10393.259219	9.27498e+06	1.01193e+07	1.19264e+07	1.1988e+07	22552.1   	37988.9   	8783.77   	9338.82   	13489.1   
10486.892176	9.32738e+06	1.01895e+07	1.20314e+07	1.20935e+07	22655.2   	38414     	8829.16   	9389.55   	13565.4   
10580.525133	9.37977e+06	1.02598e+07	1.21364e+07	1.2199e+07	22758.3   	38839     	8874.56   	9440.28   	13641.6   
10674.158090	9.43217e+06	1.033e+07 	1.22414e+07	1.23045e+07	22861.4   	39264.1   	8919.96   	9491.01   	13717.8   
10767.791047	9.48456e+06	1.04002e+07	1.23464e+07	1.24101e+07	22964.6   	39689.1   	8965.36   	9541.74   	13794.1   
10861.424004	9.53695e+06	1.04704e+07	1.24514e+07	1.25156e+07	23067.7   	40114.2   	9010.76   	9592.47   	13870.3   
10955.056961	9.58935e+06	1.05407e+07	1.25564e+07	1.26211e+07	23170.8   	40539.3   	9056.15   	9643.21   	13946.5   
11048.689918	9.63955e+06	1.06091e+07	1.2661e+07	1.27261e+07	23270.8   	40970.6   	9100.59   	9692.68   	14021     
11142.322875	9.68774e+06	1.0676e+07	1.27651e+07	1.28307e+07	23368     	41407.6   	9144.14   	9740.99   	14093.7   
11235.955831	9.73593e+06	1.07428e+07	1.28692e+07	1.29353e+07	23465.2   	41844.7   	9187.69   	9789.3    	14166.4   
11329.588788	9.78412e+06	1.08097e+07	1.29733e+07	1.30399e+07	23562.4   	42281.7   	9231.23   	9837.61   	14239.1   
11423.221745	9.83231e+06	1.08765e+07	1.30774e+07	1.31445e+07	23659.6   	42718.7   	9274.78   	9885.92   	14311.9   
11516.854702	9.88049e+06	1.09433e+07	1.31815e+07	1.32491e+07	23756.8   	43155.8   	9318.33   	9934.23   	14384.6   
11610.487659	9.92868e+06	1.10102e+07	1.32857e+07	1.33537e+07	23853.9   	43592.8   	9361.88   	9982.55   	14457.3   
11704.120616	9.97687e+06	1.1077e+07	1.33898e+07	1.34583e+07	23951.1   	44029.9   	9405.43   	10030.9   	14530     
11797.753573	1.00251e+07	1.11439e+07	1.34939e+07	1.35629e+07	24048.3   	44466.9   	9448.97   	10079.2   	14602.8   
11891.386530	1.00732e+07	1.12107e+07	1.3598e+07	1.36676e+07	24145.5   	44904     	9492.52   	10127.5   	14675.5   
11985.019487	1.01214e+07	1.12775e+07	1.37021e+07	1.37722e+07	24242.7   	45341     	9536.07   	10175.8   	14748.2   
12078.652444	1.01665e+07	1.13418e+07	1.38056e+07	1.38761e+07	24335.6   	45787.8   	9578.33   	10222.4   	14818.5   
12172.285401	1.0211e+07	1.14056e+07	1.39089e+07	1.39799e+07	24427.7   	46236.5   	9620.35   	10268.7   	14888.2   
12265.918358	1.02554e+07	1.14693e+07	1.40122e+07	1.40836e+07	24519.8   	46685.2   	9662.37   	10314.9   	14958     
12359.551315	1.02999e+07	1.15331e+07	1.41155e+07	1.41874e+07	24611.9   	47133.9   	9704.39   	10361.2   	15027.7   
12453.184272	1.03444e+07	1.15968e+07	1.42188e+07	1.42912e+07	24704     	47582.6   	9746.41   	10407.5   	15097.5   
12546.817228	1.03888e+07	1.16606e+07	1.43221e+07	1.4395e+07	24796.1   	48031.3   	9788.43   	10453.7   	15167.2   
12640.450185	1.04333e+07	1.17244e+07	1.44254e+07	1.44988e+07	24888.2   	48480     	9830.45   	10500     	15237     
12734.083142	1.04778e+07	1.17881e+07	1.45287e+07	1.46025e+07	24980.3   	48928.7   	9872.47   	10546.3   	15306.7   
12827.716099	1.05222e+07	1.18519e+07	1.4632e+07	1.47063e+07	25072.5   	49377.4   	9914.49   	10592.5   	15376.5   
12921.349056	1.05667e+07	1.19157e+07	1.47353e+07	1.48101e+07	25164.6   	49826.1   	9956.51   	10638.8   	15446.2   
13014.982013	1.06106e+07	1.1979e+07	1.48385e+07	1.49138e+07	25256     	50276.5   	9998.32   	10684.8   	15515.6   
13108.614970	1.06518e+07	1.20399e+07	1.4941e+07	1.50168e+07	25343.6   	50736.2   	10039.1   	10729.3   	15582.8   
13202.247927	1.0693e+07	1.21009e+07	1.50436e+07	1.51198e+07	25431.3   	51195.8   	10079.8   	10773.8   	15650     
13295.880884	1.07341e+07	1.21618e+07	1.51462e+07	1.52229e+07	25519     	51655.5   	10120.5   	10818.3   	15717.2   
13389.513841	1.07753e+07	1.22228e+07	1.52487e+07	1.53259e+07	25606.7   	52115.1   	10161.3   	10862.9   	15784.4   
13483.146798	1.08165e+07	1.22838e+07	1.53513e+07	1.54289e+07	25694.4   	52574.8   	10202     	10907.4   	15851.6   
13576.779755	1.08576e+07	1.23447e+07	1.54538e+07	1.55319e+07	25782.1   	53034.4   	10242.8   	10951.9   	15918.8   
13670.412712	1.08988e+07	1.24057e+07	1.55564e+07	1.5635e+07	25869.8   	53494.1   	10283.5   	10996.4   	15986     
13764.045669	1.09399e+07	1.24666e+07	1.5659e+07	1.5738e+07	25957.5   	53953.7   	10324.2   	11041     	16053.2   
13857.678625	1.09811e+07	1.25276e+07	1.57615e+07	1.5841e+07	26045.1   	54413.4   	10365     	11085.5   	16120.4   
13951.311582	1.10223e+07	1.25885e+07	1.58641e+07	1.59441e+07	26132.8   	54873     	10405.7   	11130     	16187.6   
14044.944539	1.1062e+07	1.26483e+07	1.59663e+07	1.60468e+07	26218.6   	55337.6   	10445.9   	11173.8   	16253.7   
14138.577496	1.11002e+07	1.27066e+07	1.60682e+07	1.61491e+07	26302.5   	55807.5   	10485.6   	11216.8   	16318.8   
14232.210453	1.11385e+07	1.2765e+07	1.61701e+07	1.62514e+07	26386.3   	56277.5   	10525.3   	11259.9   	16383.8   
14325.843410	1.11767e+07	1.28234e+07	1.6272e+07	1.63538e+07	26470.1   	56747.4   	10564.9   	11302.9   	16448.8   
14419.476367	1.12149e+07	1.28818e+07	1.63738e+07	1.64561e+07	26553.9   	57217.3   	10604.6   	11345.9   	16513.8   
14513.109324	1.12531e+07	1.29402e+07	1.64757e+07	1.65584e+07	26637.7   	57687.2   	10644.2   	11388.9   	16578.8   
14606.742281	1.12913e+07	1.29986e+07	1.65776e+07	1.66608e+07	26721.5   	58157.1   	10683.9   	11431.9   	16643.8   
14700.375238	1.13295e+07	1.3057e+07	1.66795e+07	1.67631e+07	26805.3   	58627.1   	10723.5   	11475     	16708.8   
14794.008195	1.13677e+07	1.31154e+07	1.67814e+07	1.68654e+07	26889.1   	59097     	10763.2   	11518     	16773.8   
14887.641152	1.1406e+07	1.31738e+07	1.68833e+07	1.69678e+07	26972.9   	59566.9   	10802.9   	11561     	16838.8   
14981.274109	1.14442e+07	1.32321e+07	1.69851e+07	1.70701e+07	27056.7   	60036.8   	10842.5   	11604     	16903.8   
15074.907066	1.14803e+07	1.32886e+07	1.70865e+07	1.71719e+07	27137.8   	60514.6   	10881.4   	11646     	16967.3   
15168.540022	1.15158e+07	1.33447e+07	1.71878e+07	1.72736e+07	27218.1   	60994.4   	10920.2   	11687.7   	17030.4   
15262.172979	1.15514e+07	1.34007e+07	1.7289e+07	1.73753e+07	27298.5   	61474.2   	10958.9   	11729.5   	17093.5   
15355.805936	1.1587e+07	1.34567e+07	1.73903e+07	1.7477e+07	27378.9   	61954     	10997.6   	11771.2   	17156.6   
15449.438893	1.16226e+07	1.35128e+07	1.74915e+07	1.75787e+07	27459.2   	62433.8   	11036.3   	11812.9   	17219.7   
15543.071850	1.16581e+07	1.35688e+07	1.75928e+07	1.76804e+07	27539.6   	62913.6   	11075.1   	11854.6   	17282.8   
15636.704807	1.16937e+07	1.36248e+07	1.7694e+07	1.77821e+07	27620     	63393.3   	11113.8   	11896.3   	17345.9   
15730.337764	1.17293e+07	1.36808e+07	1.77953e+07	1.78838e+07	27700.3   	63873.1   	11152.5   	11938.1   	17409     
15823.970721	1.17649e+07	1.37369e+07	1.78965e+07	1.79855e+07	27780.7   	64352.9   	11191.3   	11979.8   	17472.1   
15917.603678	1.18004e+07	1.37929e+07	1.79978e+07	1.80872e+07	27861.1   	64832.7   	11230     	12021.5   	17535.2   
16011.236635	1.18357e+07	1.38487e+07	1.8099e+07	1.81889e+07	27941.1   	65313.7   	11268.6   	12063.1   	17598.1   
16104.869592	1.18689e+07	1.39025e+07	1.81996e+07	1.829e+07 	28018.4   	65803.1   	11306.6   	12103.6   	17659.5   
16198.502549	1.19021e+07	1.39564e+07	1.83003e+07	1.83911e+07	28095.6   	66292.6   	11344.5   	12144.2   	17720.9   
16292.135506	1.19353e+07	1.40102e+07	1.8401e+07	1.84922e+07	28172.9   	66782.1   	11382.4   	12184.8   	17782.3   
16385.768463	1.19685e+07	1.40641e+07	1.85016e+07	1.85933e+07	28250.2   	67271.5   	11420.3   	12225.4   	17843.7   
16479.401419	1.20017e+07	1.4118e+07	1.86023e+07	1.86944e+07	28327.5   	67761     	11458.3   	12266     	17905.2   
16573.034376	1.20349e+07	1.41718e+07	1.8703e+07	1.87955e+07	28404.8   	68250.5   	11496.2   	12306.5   	17966.6   
16666.667333	1.20681e+07	1.42257e+07	1.88037e+07	1.88966e+07	28482.1   	68740     	11534.1   	12347.1   	18028     
16760.300290	1.21013e+07	1.42795e+07	1.89043e+07	1.89977e+07	28559.4   	69229.4   	11572     	12387.7   	18089.4   
16853.933247	1.21345e+07	1.43334e+07	1.9005e+07	1.90988e+07	28636.7   	69718.9   	11610     	12428.3   	18150.8   
16947.566204	1.21677e+07	1.43872e+07	1.91057e+07	1.91999e+07	28714     	70208.4   	11647.9   	12468.9   	18212.3   
17041.199161	1.21999e+07	1.44402e+07	1.92061e+07	1.93008e+07	28790     	70702.1   	11685.5   	12509     	18273     
17134.832118	1.2231e+07	1.44921e+07	1.93062e+07	1.94013e+07	28864.5   	71201.1   	11722.7   	12548.6   	18333     
17228.465075	1.22621e+07	1.45439e+07	1.94063e+07	1.95019e+07	28939     	71700.2   	11759.9   	12588.1   	18392.9   
17322.098032	1.22931e+07	1.45958e+07	1.95065e+07	1.96024e+07	29013.6   	72199.2   	11797.2   	12627.7   	18452.9   
17415.730989	1.23242e+07	1.46476e+07	1.96066e+07	1.9703e+07	29088.1   	72698.2   	11834.4   	12667.3   	18512.8   
17509.363946	1.23552e+07	1.46995e+07	1.97067e+07	1.98035e+07	29162.6   	73197.3   	11871.6   	12706.9   	18572.7   
17602.996903	1.23863e+07	1.47513e+07	1.98068e+07	1.99041e+07	29237.1   	73696.3   	11908.8   	12746.4   	18632.7   
17696.629860	1.24173e+07	1.48032e+07	1.9907e+07	2.00046e+07	29311.6   	74195.4   	11946.1   	12786     	18692.6   
17790.262816	1.24484e+07	1.4855e+07	2.00071e+07	2.01052e+07	29386.1   	74694.4   	11983.3   	12825.6   	18752.6   
17883.895773	1.24794e+07	1.49069e+07	2.01072e+07	2.02057e+07	29460.6   	75193.5   	12020.5   	12865.2   	18812.5   
17977.528730	1.25105e+07	1.49587e+07	2.02073e+07	2.03063e+07	29535.2   	75692.5   	12057.7   	12904.7   	18872.4   
18071.161687	1.25401e+07	1.50091e+07	2.03071e+07	2.04064e+07	29607.8   	76198.8   	12094.5   	12943.6   	18931.4   
18164.794644	1.25692e+07	1.50591e+07	2.04067e+07	2.05065e+07	29679.8   	76707.3   	12131.1   	12982.3   	18990     
18258.427601	1.25983e+07	1.51091e+07	2.05063e+07	2.06065e+07	29751.8   	77215.8   	12167.7   	13021     	19048.7   
18352.060558	1.26274e+07	1.51591e+07	2.06059e+07	2.07066e+07	29823.8   	77724.4   	12204.3   	13059.7   	19107.3   
18445.693515	1.26565e+07	1.52091e+07	2.07055e+07	2.08066e+07	29895.8   	78232.9   	12240.9   	13098.3   	19165.9   
18539.326472	1.26856e+07	1.52591e+07	2.08052e+07	2.09066e+07	29967.8   	78741.4   	12277.5   	13137     	19224.5   
18632.959429	1.27147e+07	1.53091e+07	2.09048e+07	2.10067e+07	30039.8   	79249.9   	12314.1   	13175.7   	19283.2   
18726.592386	1.27438e+07	1.53591e+07	2.10044e+07	2.11067e+07	30111.8   	79758.4   	12350.7   	13214.4   	19341.8   
18820.225343	1.27729e+07	1.5409e+07	2.1104e+07	2.12067e+07	30183.8   	80267     	12387.3   	13253.1   	19400.4   
18913.858300	1.28021e+07	1.5459e+07	2.12036e+07	2.13068e+07	30255.8   	80775.5   	12423.9   	13291.8   	19459.1   
19007.491257	1.2831e+07	1.55089e+07	2.13032e+07	2.14068e+07	30327.6   	81284.8   	12460.4   	13330.4   	19517.6   
19101.124213	1.28584e+07	1.55571e+07	2.14024e+07	2.15063e+07	30397.3   	81802.7   	12496.5   	13368.3   	19575     
19194.757170	1.28857e+07	1.56054e+07	2.15015e+07	2.16059e+07	30467     	82320.5   	12532.5   	13406.1   	19632.5   
19288.390127	1.29131e+07	1.56537e+07	2.16006e+07	2.17054e+07	30536.7   	82838.4   	12568.6   	13444     	19690     
19382.023084	1.29404e+07	1.57019e+07	2.16998e+07	2.1805e+07	30606.4   	83356.3   	12604.6   	13481.9   	19747.4   
19475.656041	1.29678e+07	1.57502e+07	2.17989e+07	2.19045e+07	30676.1   	83874.2   	12640.7   	13519.8   	19804.9   
19569.288998	1.29951e+07	1.57984e+07	2.1898e+07	2.20041e+07	30745.8   	84392.1   	12676.7   	13557.7   	19862.3   
19662.921955	1.30224e+07	1.58467e+07	2.19972e+07	2.21036e+07	30815.5   	84910     	12712.8   	13595.6   	19919.8   
19756.554912	1.30498e+07	1.5895e+07	2.20963e+07	2.22032e+07	30885.2   	85427.9   	12748.8   	13633.5   	19977.3   
19850.187869	1.30771e+07	1.59432e+07	2.21955e+07	2.23027e+07	30954.9   	85945.8   	12784.8   	13671.4   	20034.7   
19943.820826	1.31045e+07	1.59915e+07	2.22946e+07	2.24023e+07	31024.7   	86463.6   	12820.9   	13709.2   	20092.2   
20037.453783	1.31312e+07	1.60391e+07	2.23936e+07	2.25017e+07	31093.5   	86985.2   	12856.7   	13746.8   	20149.2   
20131.086740	1.31569e+07	1.60857e+07	2.24923e+07	2.26008e+07	31161.1   	87512.3   	12892.3   	13784     	20205.6   
20224.719697	1.31827e+07	1.61324e+07	2.25909e+07	2.26999e+07	31228.7   	88039.4   	12927.8   	13821.2   	20262     
20318.352654	1.32084e+07	1.6179e+07	2.26896e+07	2.2799e+07	31296.3   	88566.5   	12963.4   	13858.4   	20318.4   
20411.985610	1.32341e+07	1.62257e+07	2.27883e+07	2.28981e+07	31364     	89093.6   	12998.9   	13895.5   	20374.8   
20505.618567	1.32599e+07	1.62723e+07	2.2887e+07	2.29972e+07	31431.6   	89620.7   	13034.5   	13932.7   	20431.2   
20599.251524	1.32856e+07	1.6319e+07	2.29857e+07	2.30963e+07	31499.2   	90147.8   	13070     	13969.9   	20487.6   
20692.884481	1.33113e+07	1.63656e+07	2.30844e+07	2.31953e+07	31566.8   	90674.9   	13105.5   	14007     	20544.1   
20786.517438	1.33371e+07	1.64123e+07	2.31831e+07	2.32944e+07	31634.4   	91202     	13141.1   	14044.2   	20600.5   
20880.150395	1.33628e+07	1.64589e+07	2.32818e+07	2.33935e+07	31702     	91729.1   	13176.6   	14081.4   	20656.9   
20973.783352	1.33885e+07	1.65056e+07	2.33805e+07	2.34926e+07	31769.6   	92256.2   	13212.2   	14118.6   	20713.3   
21067.416309	1.34132e+07	1.65511e+07	2.34789e+07	2.35914e+07	31835.8   	92789.7   	13247.4   	14155.3   	20769     
21161.049266	1.34375e+07	1.65963e+07	2.35771e+07	2.36901e+07	31901.5   	93325.7   	13282.5   	14191.8   	20824.4   
21254.682223	1.34617e+07	1.66414e+07	2.36754e+07	2.37888e+07	31967.2   	93861.7   	13317.6   	14228.3   	20879.9   
21348.315180	1.3486e+07	1.66866e+07	2.37737e+07	2.38874e+07	32032.9   	94397.7   	13352.7   	14264.8   	20935.4   
21441.948137	1.35103e+07	1.67317e+07	2.38719e+07	2.39861e+07	32098.5   	94933.7   	13387.8   	14301.4   	20990.8   
21535.581094	1.35345e+07	1.67769e+07	2.39702e+07	2.40848e+07	32164.2   	95469.7   	13422.9   	14337.9   	21046.3   
21629.214051	1.35588e+07	1.6822e+07	2.40685e+07	2.41834e+07	32229.9   	96005.7   	13458     	14374.4   	21101.7   
21722.847007	1.35831e+07	1.68671e+07	2.41667e+07	2.42821e+07	32295.6   	96541.7   	13493     	14410.9   	21157.2   
21816.479964	1.36073e+07	1.69123e+07	2.4265e+07	2.43808e+07	32361.3   	97077.7   	13528.1   	14447.5   	21212.6   
21910.112921	1.36316e+07	1.69574e+07	2.43633e+07	2.44795e+07	32426.9   	97613.7   	13563.2   	14484     	21268.1   
22003.745878	1.36558e+07	1.70025e+07	2.44615e+07	2.45781e+07	32492.6   	98150.1   	13598.3   	14520.5   	21323.5   
22097.378835	1.36787e+07	1.70463e+07	2.45594e+07	2.46764e+07	32556.5   	98694.4   	13633     	14556.4   	21378.1   
22191.011792	1.37016e+07	1.709e+07 	2.46573e+07	2.47746e+07	32620.4   	99238.8   	13667.7   	14592.4   	21432.7   
22284.644749	1.37246e+07	1.71337e+07	2.47552e+07	2.48729e+07	32684.3   	99783.2   	13702.3   	14628.3   	21487.3   
22378.277706	1.37475e+07	1.71775e+07	2.4853e+07	2.49712e+07	32748.2   	100328    	13737     	14664.3   	21541.9   
22471.910663	1.37704e+07	1.72212e+07	2.49509e+07	2.50694e+07	32812.1   	100872    	13771.7   	14700.2   	21596.5   
22565.543620	1.37933e+07	1.72649e+07	2.50488e+07	2.51677e+07	32876     	101416    	13806.4   	14736.1   	21651.1   
22659.176577	1.38162e+07	1.73087e+07	2.51466e+07	2.52659e+07	32939.9   	101961    	13841     	14772.1   	21705.7   
22752.809534	1.38391e+07	1.73524e+07	2.52445e+07	2.53642e+07	33003.8   	102505    	13875.7   	14808     	21760.3   
22846.442491	1.38621e+07	1.73961e+07	2.53424e+07	2.54625e+07	33067.7   	103049    	13910.4   	14844     	21814.9   
22940.075448	1.3885e+07	1.74399e+07	2.54403e+07	2.55607e+07	33131.6   	103594    	13945.1   	14879.9   	21869.5   
23033.708404	1.39074e+07	1.74831e+07	2.5538e+07	2.56589e+07	33194.9   	104141    	13979.6   	14915.6   	21923.8   
23127.341361	1.39291e+07	1.75256e+07	2.56355e+07	2.57567e+07	33257.1   	104693    	14013.9   	14951     	21977.6   
23220.974318	1.39508e+07	1.7568e+07	2.5733e+07	2.58546e+07	33319.4   	105246    	14048.2   	14986.5   	22031.4   
23314.607275	1.39725e+07	1.76104e+07	2.58305e+07	2.59525e+07	33381.7   	105798    	14082.5   	15021.9   	22085.2   
23408.240232	1.39942e+07	1.76528e+07	2.5928e+07	2.60504e+07	33443.9   	106350    	14116.8   	15057.3   	22139     
23501.873189	1.40158e+07	1.76952e+07	2.60255e+07	2.61483e+07	33506.2   	106903    	14151     	15092.7   	22192.9   
23595.506146	1.40375e+07	1.77376e+07	2.6123e+07	2.62461e+07	33568.4   	107455    	14185.3   	15128.1   	22246.7   
23689.139103	1.40592e+07	1.778e+07 	2.62205e+07	2.6344e+07	33630.7   	108007    	14219.6   	15163.5   	22300.5   
23782.772060	1.40809e+07	1.78225e+07	2.6318e+07	2.64419e+07	33692.9   	108560    	14253.9   	15198.9   	22354.3   
23876.405017	1.41025e+07	1.78649e+07	2.64155e+07	2.65398e+07	33755.2   	109112    	14288.2   	15234.3   	22408.1   
23970.037974	1.41242e+07	1.79073e+07	2.6513e+07	2.66377e+07	33817.4   	109664    	14322.5   	15269.7   	22461.9   
24063.670931	1.41451e+07	1.79489e+07	2.66102e+07	2.67353e+07	33878.6   	110222    	14356.5   	15304.8   	22515.2   
24157.303888	1.41656e+07	1.799e+07 	2.67074e+07	2.68328e+07	33939.4   	110782    	14390.5   	15339.7   	22568.3   
24250.936845	1.41862e+07	1.80312e+07	2.68045e+07	2.69303e+07	34000.1   	111342    	14424.4   	15374.6   	22621.4   
24344.569801	1.42067e+07	1.80724e+07	2.69016e+07	2.70278e+07	34060.8   	111902    	14458.3   	15409.5   	22674.5   
24438.202758	1.42272e+07	1.81136e+07	2.69988e+07	2.71253e+07	34121.5   	112462    	14492.3   	15444.4   	22727.6   
24531.835715	1.42478e+07	1.81547e+07	2.70959e+07	2.72229e+07	34182.2   	113023    	14526.2   	15479.3   	22780.7   
24625.468672	1.42683e+07	1.81959e+07	2.71931e+07	2.73204e+07	34243     	113583    	14560.1   	15514.2   	22833.8   
24719.101629	1.42889e+07	1.82371e+07	2.72902e+07	2.74179e+07	34303.7   	114143    	14594     	15549.1   	22886.9   
24812.734586	1.43094e+07	1.82783e+07	2.73873e+07	2.75154e+07	34364.4   	114703    	14628     	15584.1   	22940     
24906.367543	1.43299e+07	1.83194e+07	2.74845e+07	2.76129e+07	34425.1   	115263    	14661.9   	15619     	22993     
25000.000500	1.43505e+07	1.83606e+07	2.75816e+07	2.77104e+07	34485.9   	115823    	14695.8   	15653.9   	23046.1   
25093.633457	1.43699e+07	1.84006e+07	2.76784e+07	2.78076e+07	34545.1   	116391    	14729.4   	15688.3   	23098.6   
25187.266414	1.43894e+07	1.84406e+07	2.77752e+07	2.79048e+07	34604.4   	116959    	14763     	15722.8   	23151     
25280.899371	1.44089e+07	1.84806e+07	2.7872e+07	2.80019e+07	34663.7   	117527    	14796.6   	15757.3   	23203.4   
25374.532328	1.44284e+07	1.85206e+07	2.79688e+07	2.80991e+07	34723     	118095    	14830.2   	15791.7   	23255.9   
25468.165285	1.44479e+07	1.85606e+07	2.80656e+07	2.81963e+07	34782.3   	118662    	14863.8   	15826.2   	23308.3   
25561.798242	1.44673e+07	1.86006e+07	2.81624e+07	2.82934e+07	34841.6   	119230    	14897.4   	15860.6   	23360.7   
25655.431199	1.44868e+07	1.86406e+07	2.82592e+07	2.83906e+07	34900.9   	119798    	14931     	15895.1   	23413.1   
25749.064155	1.45063e+07	1.86806e+07	2.8356e+07	2.84878e+07	34960.2   	120366    	14964.6   	15929.5   	23465.6   
25842.697112	1.45258e+07	1.87206e+07	2.84528e+07	2.85849e+07	35019.5   	120934    	14998.2   	15964     	23518     
25936.330069	1.45453e+07	1.87606e+07	2.85496e+07	2.86821e+07	35078.8   	121502    	15031.8   	15998.5   	23570.4   
26029.963026	1.45644e+07	1.88003e+07	2.86463e+07	2.87792e+07	35137.6   	122072    	15065.3   	16032.8   	23622.6   
26123.595983	1.45829e+07	1.88392e+07	2.87428e+07	2.8876e+07	35195.6   	122647    	15098.5   	16066.8   	23674.5   
26217.228940	1.46014e+07	1.88781e+07	2.88393e+07	2.89728e+07	35253.5   	123223    	15131.8   	16100.9   	23726.3   
26310.861897	1.46199e+07	1.8917e+07	2.89358e+07	2.90697e+07	35311.5   	123798    	15165.1   	16134.9   	23778.1   
26404.494854	1.46384e+07	1.89559e+07	2.90322e+07	2.91665e+07	35369.4   	124373    	15198.4   	16168.9   	23829.9   
26498.127811	1.46569e+07	1.89948e+07	2.91287e+07	2.92633e+07	35427.4   	124948    	15231.6   	16203     	23881.7   
26591.760768	1.46754e+07	1.90337e+07	2.92252e+07	2.93602e+07	35485.3   	125524    	15264.9   	16237     	23933.5   
26685.393725	1.46939e+07	1.90726e+07	2.93217e+07	2.9457e+07	35543.3   	126099    	15298.2   	16271.1   	23985.4   
26779.026682	1.47125e+07	1.91115e+07	2.94181e+07	2.95539e+07	35601.2   	126674    	15331.5   	16305.1   	24037.2   
26872.659639	1.4731e+07	1.91504e+07	2.95146e+07	2.96507e+07	35659.2   	127250    	15364.7   	16339.1   	24089     
26966.292596	1.47495e+07	1.91893e+07	2.96111e+07	2.97475e+07	35717.1   	127825    	15398     	16373.2   	24140.8   
27059.925552	1.47674e+07	1.92276e+07	2.97074e+07	2.98442e+07	35774.3   	128405    	15431.1   	16407     	24192.2   
27153.558509	1.4785e+07	1.92654e+07	2.98035e+07	2.99407e+07	35831     	128988    	15464.1   	16440.6   	24243.5   
27247.191466	1.48026e+07	1.93033e+07	2.98997e+07	3.00372e+07	35887.6   	129570    	15497     	16474.2   	24294.7   
27340.824423	1.48202e+07	1.93411e+07	2.99959e+07	3.01337e+07	35944.3   	130153    	15530     	16507.9   	24346     
27434.457380	1.48378e+07	1.9379e+07	3.0092e+07	3.02303e+07	36001     	130735    	15563     	16541.5   	24397.2   
27528.090337	1.48554e+07	1.94169e+07	3.01882e+07	3.03268e+07	36057.7   	131318    	15595.9   	16575.2   	24448.5   
27621.723294	1.4873e+07	1.94547e+07	3.02844e+07	3.04233e+07	36114.4   	131900    	15628.9   	16608.8   	24499.7   
27715.356251	1.48906e+07	1.94926e+07	3.03805e+07	3.05198e+07	36171.1   	132483    	15661.9   	16642.5   	24550.9   
27808.989208	1.49082e+07	1.95304e+07	3.04767e+07	3.06163e+07	36227.8   	133066    	15694.9   	16676.1   	24602.2   
27902.622165	1.49258e+07	1.95683e+07	3.05729e+07	3.07129e+07	36284.5   	133648    	15727.8   	16709.8   	24653.4   
27996.255122	1.49434e+07	1.96062e+07	3.0669e+07	3.08094e+07	36341.2   	134231    	15760.8   	16743.4   	24704.7   
28089.888079	1.49602e+07	1.96431e+07	3.07649e+07	3.09056e+07	36396.7   	134820    	15793.5   	16776.7   	24755.4   
28183.521036	1.49769e+07	1.96799e+07	3.08608e+07	3.10018e+07	36452.2   	135410    	15826.2   	16810     	24806.1   
28277.153993	1.49937e+07	1.97168e+07	3.09567e+07	3.1098e+07	36507.8   	136000    	15858.9   	16843.2   	24856.8   
28370.786949	1.50104e+07	1.97537e+07	3.10525e+07	3.11943e+07	36563.3   	136590    	15891.5   	16876.5   	24907.5   
28464.419906	1.50272e+07	1.97906e+07	3.11484e+07	3.12905e+07	36618.8   	137179    	15924.2   	16909.8   	24958.2   
28558.052863	1.5044e+07	1.98274e+07	3.12443e+07	3.13867e+07	36674.3   	137769    	15956.9   	16943.1   	25008.9   
28651.685820	1.50607e+07	1.98643e+07	3.13402e+07	3.14829e+07	36729.8   	138359    	15989.6   	16976.4   	25059.7   
28745.318777	1.50775e+07	1.99012e+07	3.1436e+07	3.15791e+07	36785.3   	138949    	16022.3   	17009.6   	25110.4   
28838.951734	1.50942e+07	1.99381e+07	3.15319e+07	3.16754e+07	36840.8   	139539    	16054.9   	17042.9   	25161.1   
28932.584691	1.5111e+07	1.99749e+07	3.16278e+07	3.17716e+07	36896.3   	140128    	16087.6   	17076.2   	25211.8   
29026.217648	1.51275e+07	2.00115e+07	3.17236e+07	3.18677e+07	36951.5   	140720    	16120.2   	17109.4   	25262.4   
29119.850605	1.51435e+07	2.00475e+07	3.18192e+07	3.19636e+07	37005.9   	141317    	16152.6   	17142.3   	25312.6   
29213.483562	1.51595e+07	2.00834e+07	3.19147e+07	3.20596e+07	37060.3   	141914    	16185     	17175.2   	25362.8   
29307.116519	1.51754e+07	2.01194e+07	3.20103e+07	3.21555e+07	37114.7   	142511    	16217.4   	17208.2   	25413     
29400.749476	1.51914e+07	2.01553e+07	3.21059e+07	3.22514e+07	37169.1   	143108    	16249.8   	17241.1   	25463.2   
29494.382433	1.52074e+07	2.01912e+07	3.22015e+07	3.23474e+07	37223.5   	143705    	16282.2   	17274     	25513.4   
29588.015390	1.52234e+07	2.02272e+07	3.22971e+07	3.24433e+07	37277.9   	144302    	16314.6   	17307     	25563.6   
29681.648346	1.52393e+07	2.02631e+07	3.23927e+07	3.25392e+07	37332.3   	144899    	16347.1   	17339.9   	25613.8   
29775.281303	1.52553e+07	2.02991e+07	3.24883e+07	3.26352e+07	37386.7   	145496    	16379.5   	17372.8   	25664     
29868.914260	1.52713e+07	2.0335e+07	3.25839e+07	3.27311e+07	37441.1   	146093    	16411.9   	17405.8   	25714.3   
29962.547217	1.52873e+07	2.03709e+07	3.26795e+07	3.2827e+07	37495.5   	146690    	16444.3   	17438.7   	25764.5   
30056.180174	1.53026e+07	2.04061e+07	3.27748e+07	3.29227e+07	37548.9   	147293    	16476.4   	17471.3   	25814.3   
30149.813131	1.53175e+07	2.04407e+07	3.287e+07 	3.30182e+07	37601.8   	147901    	16508.4   	17503.8   	25863.8   
30243.446088	1.53324e+07	2.04754e+07	3.29652e+07	3.31137e+07	37654.6   	148509    	16540.4   	17536.2   	25913.3   
30337.079045	1.53473e+07	2.051e+07 	3.30604e+07	3.32093e+07	37707.5   	149116    	16572.4   	17568.7   	25962.8   
30430.712002	1.53622e+07	2.05446e+07	3.31556e+07	3.33048e+07	37760.3   	149724    	16604.4   	17601.1   	26012.3   
30524.344959	1.53771e+07	2.05792e+07	3.32508e+07	3.34003e+07	37813.2   	150331    	16636.5   	17633.6   	26061.9   
30617.977916	1.5392e+07	2.06139e+07	3.3346e+07	3.34958e+07	37866     	150939    	16668.5   	17666     	26111.4   
30711.610873	1.54069e+07	2.06485e+07	3.34412e+07	3.35913e+07	37918.9   	151546    	16700.5   	17698.5   	26160.9   
30805.243830	1.54218e+07	2.06831e+07	3.35363e+07	3.36868e+07	37971.7   	152154    	16732.5   	17730.9   	26210.4   
30898.876787	1.54368e+07	2.07178e+07	3.36315e+07	3.37824e+07	38024.6   	152761    	16764.5   	17763.4   	26259.9   
30992.509743	1.54517e+07	2.07524e+07	3.37267e+07	3.38779e+07	38077.4   	153369    	16796.5   	17795.8   	26309.5   
31086.142700	1.54666e+07	2.0787e+07	3.38219e+07	3.39734e+07	38130.3   	153976    	16828.5   	17828.3   	26359     
31179.775657	1.54815e+07	2.08217e+07	3.39171e+07	3.40689e+07	38183.1   	154584    	16860.5   	17860.8   	26408.5   
31273.408614	1.54964e+07	2.08563e+07	3.40123e+07	3.41644e+07	38236     	155192    	16892.5   	17893.2   	26458     
31367.041571	1.55113e+07	2.08909e+07	3.41075e+07	3.426e+07 	38288.8   	155799    	16924.5   	17925.7   	26507.5   
31460.674528	1.55262e+07	2.09256e+07	3.42027e+07	3.43555e+07	38341.7   	156407    	16956.5   	17958.1   	26557     
31554.307485	1.55411e+07	2.09602e+07	3.42979e+07	3.4451e+07	38394.5   	157014    	16988.5   	17990.6   	26606.6   
31647.940442	1.5556e+07	2.09948e+07	3.43931e+07	3.45465e+07	38447.3   	157622    	17020.5   	18023     	26656.1   
31741.573399	1.55709e+07	2.10294e+07	3.44882e+07	3.4642e+07	38500.2   	158229    	17052.5   	18055.5   	26705.6   
31835.206356	1.55858e+07	2.10641e+07	3.45834e+07	3.47376e+07	38553     	158837    	17084.5   	18087.9   	26755.1   
31928.839313	1.56007e+07	2.10987e+07	3.46786e+07	3.48331e+07	38605.9   	159444    	17116.5   	18120.4   	26804.6   
32022.472270	1.56153e+07	2.1133e+07	3.47737e+07	3.49285e+07	38658.3   	160055    	17148.4   	18152.7   	26854     
32116.105227	1.56289e+07	2.1166e+07	3.48684e+07	3.50235e+07	38709.3   	160676    	17179.9   	18184.5   	26902.6   
32209.738184	1.56426e+07	2.1199e+07	3.49631e+07	3.51185e+07	38760.2   	161297    	17211.4   	18216.4   	26951.3   
32303.371140	1.56562e+07	2.1232e+07	3.50578e+07	3.52135e+07	38811.2   	161918    	17242.9   	18248.3   	27000     
32397.004097	1.56698e+07	2.1265e+07	3.51525e+07	3.53085e+07	38862.1   	162539    	17274.4   	18280.1   	27048.7   
32490.637054	1.56834e+07	2.12981e+07	3.52472e+07	3.54035e+07	38913.1   	163159    	17305.9   	18312     	27097.3   
32584.270011	1.56971e+07	2.13311e+07	3.53419e+07	3.54985e+07	38964.1   	163780    	17337.4   	18343.8   	27146     
32677.902968	1.57107e+07	2.13641e+07	3.54366e+07	3.55935e+07	39015     	164401    	17368.9   	18375.7   	27194.7   
32771.535925	1.57243e+07	2.13971e+07	3.55313e+07	3.56885e+07	39066     	165022    	17400.4   	18407.6   	27243.4   
32865.168882	1.5738e+07	2.14302e+07	3.56259e+07	3.57835e+07	39117     	165643    	17431.9   	18439.4   	27292     
32958.801839	1.57516e+07	2.14632e+07	3.57206e+07	3.58785e+07	39167.9   	166264    	17463.4   	18471.3   	27340.7   
33052.434796	1.57652e+07	2.14962e+07	3.58153e+07	3.59735e+07	39218.9   	166885    	17494.9   	18503.2   	27389.4   
33146.067753	1.57788e+07	2.15292e+07	3.591e+07 	3.60685e+07	39269.8   	167505    	17526.4   	18535     	27438.1   
33239.700710	1.57925e+07	2.15623e+07	3.60047e+07	3.61636e+07	39320.8   	168126    	17557.9   	18566.9   	27486.7   
33333.333667	1.58061e+07	2.15953e+07	3.60994e+07	3.62586e+07	39371.8   	168747    	17589.4   	18598.7   	27535.4   
33426.966624	1.58197e+07	2.16283e+07	3.61941e+07	3.63536e+07	39422.7   	169368    	17620.9   	18630.6   	27584.1   
33520.599581	1.58333e+07	2.16613e+07	3.62888e+07	3.64486e+07	39473.7   	169989    	17652.4   	18662.5   	27632.8   
33614.232537	1.5847e+07	2.16944e+07	3.63835e+07	3.65436e+07	39524.7   	170610    	17683.9   	18694.3   	27681.4   
33707.865494	1.58606e+07	2.17274e+07	3.64782e+07	3.66386e+07	39575.6   	171231    	17715.4   	18726.2   	27730.1   
33801.498451	1.58742e+07	2.17604e+07	3.65729e+07	3.67336e+07	39626.6   	171852    	17746.9   	18758.1   	27778.8   
33895.131408	1.58879e+07	2.17934e+07	3.66676e+07	3.68286e+07	39677.5   	172472    	17778.4   	18789.9   	27827.5   
33988.764365	1.59015e+07	2.18265e+07	3.67623e+07	3.69236e+07	39728.5   	173093    	17809.9   	18821.8   	27876.1   
34082.397322	1.59141e+07	2.18582e+07	3.68566e+07	3.70182e+07	39778     	173725    	17841     	18853.2   	27924.1   
34176.030279	1.59266e+07	2.18898e+07	3.69508e+07	3.71127e+07	39827.2   	174359    	17872     	18884.5   	27972     
34269.663236	1.59391e+07	2.19213e+07	3.7045e+07	3.72073e+07	39876.5   	174992    	17903     	18915.8   	28019.9   
34363.296193	1.59516e+07	2.19529e+07	3.71393e+07	3.73018e+07	39925.7   	175625    	17934     	18947.2   	28067.9   
34456.929150	1.59641e+07	2.19845e+07	3.72335e+07	3.73963e+07	39975     	176259    	17965     	18978.5   	28115.8   
34550.562107	1.59767e+07	2.2016e+07	3.73277e+07	3.74908e+07	40024.3   	176892    	17996.1   	19009.8   	28163.7   
34644.195064	1.59892e+07	2.20476e+07	3.7422e+07	3.75854e+07	40073.5   	177526    	18027.1   	19041.1   	28211.6   
34737.828021	1.60017e+07	2.20791e+07	3.75162e+07	3.76799e+07	40122.8   	178159    	18058.1   	19072.5   	28259.5   
34831.460978	1.60142e+07	2.21107e+07	3.76105e+07	3.77744e+07	40172     	178792    	18089.1   	19103.8   	28307.4   
34925.093934	1.60267e+07	2.21423e+07	3.77047e+07	3.7869e+07	40221.3   	179426    	18120.1   	19135.1   	28355.3   
35018.726891	1.60392e+07	2.21738e+07	3.77989e+07	3.79635e+07	40270.6   	180059    	18151.2   	19166.4   	28403.2   
35112.359848	1.60517e+07	2.22054e+07	3.78932e+07	3.8058e+07	40319.8   	180692    	18182.2   	19197.8   	28451.1   
35205.992805	1.60642e+07	2.2237e+07	3.79874e+07	3.81526e+07	40369.1   	181326    	18213.2   	19229.1   	28499     
35299.625762	1.60767e+07	2.22685e+07	3.80816e+07	3.82471e+07	40418.3   	181959    	18244.2   	19260.4   	28546.9   
35393.258719	1.60892e+07	2.23001e+07	3.81759e+07	3.83416e+07	40467.6   	182593    	18275.2   	19291.7   	28594.8   
35486.891676	1.61017e+07	2.23317e+07	3.82701e+07	3.84361e+07	40516.9   	183226    	18306.2   	19323.1   	28642.8   
35580.524633	1.61142e+07	2.23632e+07	3.83643e+07	3.85307e+07	40566.1   	183859    	18337.3   	19354.4   	28690.7   
35674.157590	1.61267e+07	2.23948e+07	3.84586e+07	3.86252e+07	40615.4   	184493    	18368.3   	19385.7   	28738.6   
35767.790547	1.61392e+07	2.24263e+07	3.85528e+07	3.87197e+07	40664.6   	185126    	18399.3   	19417     	28786.5   
35861.423504	1.61517e+07	2.24579e+07	3.8647e+07	3.88143e+07	40713.9   	185760    	18430.3   	19448.4   	28834.4   
35955.056461	1.61642e+07	2.24895e+07	3.87413e+07	3.89088e+07	40763.2   	186393    	18461.3   	19479.7   	28882.3   
36048.689418	1.61762e+07	2.25203e+07	3.88353e+07	3.90031e+07	40811.6   	187033    	18492.1   	19510.7   	28929.8   
36142.322375	1.61877e+07	2.25506e+07	3.89291e+07	3.90972e+07	40859.3   	187678    	18522.7   	19541.6   	28977     
36235.955331	1.61993e+07	2.25808e+07	3.90229e+07	3.91913e+07	40907     	188323    	18553.2   	19572.4   	29024.2   
36329.588288	1.62108e+07	2.2611e+07	3.91167e+07	3.92854e+07	40954.7   	188969    	18583.8   	19603.2   	29071.4   
36423.221245	1.62223e+07	2.26413e+07	3.92105e+07	3.93794e+07	41002.5   	189614    	18614.3   	19634     	29118.6   
36516.854202	1.62338e+07	2.26715e+07	3.93043e+07	3.94735e+07	41050.2   	190259    	18644.9   	19664.9   	29165.8   
36610.487159	1.62453e+07	2.27017e+07	3.93981e+07	3.95676e+07	41097.9   	190905    	18675.4   	19695.7   	29213     
36704.120116	1.62568e+07	2.2732e+07	3.94919e+07	3.96617e+07	41145.6   	191550    	18706     	19726.5   	29260.2   
36797.753073	1.62683e+07	2.27622e+07	3.95857e+07	3.97558e+07	41193.3   	192196    	18736.5   	19757.3   	29307.4   
36891.386030	1.62799e+07	2.27924e+07	3.96795e+07	3.98499e+07	41241     	192841    	18767.1   	19788.1   	29354.6   
36985.018987	1.62914e+07	2.28227e+07	3.97734e+07	3.9944e+07	41288.7   	193486    	18797.6   	19819     	29401.8   
37078.651944	1.63029e+07	2.28529e+07	3.98672e+07	4.00381e+07	41336.4   	194132    	18828.2   	19849.8   	29449     
37172.284901	1.63144e+07	2.28831e+07	3.9961e+07	4.01321e+07	41384.1   	194777    	18858.7   	19880.6   	29496.2   
37265.917858	1.63259e+07	2.29133e+07	4.00548e+07	4.02262e+07	41431.9   	195422    	18889.3   	19911.4   	29543.4   
37359.550815	1.63374e+07	2.29436e+07	4.01486e+07	4.03203e+07	41479.6   	196068    	18919.8   	19942.3   	29590.6   
37453.183772	1.63489e+07	2.29738e+07	4.02424e+07	4.04144e+07	41527.3   	196713    	18950.4   	19973.1   	29637.8   
37546.816728	1.63605e+07	2.3004e+07	4.03362e+07	4.05085e+07	41575     	197359    	18980.9   	20003.9   	29685     
37640.449685	1.6372e+07	2.30343e+07	4.043e+07 	4.06026e+07	41622.7   	198004    	19011.5   	20034.7   	29732.2   
37734.082642	1.63835e+07	2.30645e+07	4.05238e+07	4.06967e+07	41670.4   	198649    	19042     	20065.5   	29779.4   
37827.715599	1.6395e+07	2.30947e+07	4.06176e+07	4.07907e+07	41718.1   	199295    	19072.6   	20096.4   	29826.6   
37921.348556	1.64065e+07	2.3125e+07	4.07114e+07	4.08848e+07	41765.8   	199940    	19103.1   	20127.2   	29873.7   
38014.981513	1.64179e+07	2.3155e+07	4.08052e+07	4.09789e+07	41813.3   	200587    	19133.6   	20157.9   	29920.8   
38108.614470	1.64285e+07	2.3184e+07	4.08986e+07	4.10725e+07	41859.6   	201244    	19163.7   	20188.3   	29967.4   
38202.247427	1.64392e+07	2.3213e+07	4.0992e+07	4.11662e+07	41905.9   	201901    	19193.8   	20218.6   	30013.9   
38295.880384	1.64498e+07	2.3242e+07	4.10854e+07	4.12599e+07	41952.2   	202558    	19223.9   	20249     	30060.4   
38389.513341	1.64604e+07	2.3271e+07	4.11788e+07	4.13535e+07	41998.5   	203215    	19254     	20279.3   	30107     
38483.146298	1.64711e+07	2.33e+07  	4.12722e+07	4.14472e+07	42044.8   	203872    	19284.1   	20309.7   	30153.5   
38576.779255	1.64817e+07	2.33291e+07	4.13656e+07	4.15409e+07	42091.1   	204529    	19314.2   	20340     	30200     
38670.412212	1.64923e+07	2.33581e+07	4.1459e+07	4.16346e+07	42137.4   	205186    	19344.3   	20370.4   	30246.5   
38764.045169	1.6503e+07	2.33871e+07	4.15524e+07	4.17282e+07	42183.7   	205843    	19374.3   	20400.7   	30293.1   
38857.678125	1.65136e+07	2.34161e+07	4.16458e+07	4.18219e+07	42230     	206500    	19404.4   	20431.1   	30339.6   
38951.311082	1.65242e+07	2.34451e+07	4.17393e+07	4.19156e+07	42276.3   	207157    	19434.5   	20461.4   	30386.1   
39044.944039	1.65349e+07	2.34741e+07	4.18327e+07	4.20093e+07	42322.6   	207814    	19464.6   	20491.8   	30432.7   
39138.576996	1.65455e+07	2.35031e+07	4.19261e+07	4.21029e+07	42368.9   	208471    	19494.7   	20522.1   	30479.2   
39232.209953	1.65561e+07	2.35321e+07	4.20195e+07	4.21966e+07	42415.2   	209128    	19524.8   	20552.5   	30525.7   
39325.842910	1.65668e+07	2.35611e+07	4.21129e+07	4.22903e+07	42461.5   	209785    	19554.9   	20582.8   	30572.3   
39419.475867	1.65774e+07	2.35901e+07	4.22063e+07	4.23839e+07	42507.8   	210442    	19585     	20613.2   	30618.8   
39513.108824	1.6588e+07	2.36191e+07	4.22997e+07	4.24776e+07	42554     	211099    	19615.1   	20643.6   	30665.3   
39606.741781	1.65987e+07	2.36482e+07	4.23931e+07	4.25713e+07	42600.3   	211756    	19645.2   	20673.9   	30711.9   
39700.374738	1.66093e+07	2.36772e+07	4.24865e+07	4.2665e+07	42646.6   	212413    	19675.3   	20704.3   	30758.4   
39794.007695	1.66199e+07	2.37062e+07	4.25799e+07	4.27586e+07	42692.9   	213070    	19705.4   	20734.6   	30804.9   
39887.640652	1.66306e+07	2.37352e+07	4.26733e+07	4.28523e+07	42739.2   	213727    	19735.5   	20765     	30851.4   
39981.273609	1.66412e+07	2.37642e+07	4.27667e+07	4.2946e+07	42785.5   	214384    	19765.6   	20795.3   	30898     
40074.906566	1.66512e+07	2.37923e+07	4.28598e+07	4.30393e+07	42830.8   	215050    	19795.3   	20825.3   	30944     
40168.539522	1.6661e+07	2.38202e+07	4.29529e+07	4.31326e+07	42875.8   	215718    	19825     	20855.2   	30989.9   
40262.172479	1.66709e+07	2.38481e+07	4.30459e+07	4.32259e+07	42920.8   	216387    	19854.7   	20885.1   	31035.8   
40355.805436	1.66807e+07	2.38759e+07	4.31389e+07	4.33192e+07	42965.8   	217055    	19884.3   	20915     	31081.7   
40449.438393	1.66906e+07	2.39038e+07	4.3232e+07	4.34125e+07	43010.8   	217723    	19914     	20944.9   	31127.6   
40543.071350	1.67004e+07	2.39317e+07	4.3325e+07	4.35057e+07	43055.8   	218391    	19943.6   	20974.8   	31173.5   
40636.704307	1.67103e+07	2.39596e+07	4.34181e+07	4.3599e+07	43100.8   	219060    	19973.3   	21004.8   	31219.5   
40730.337264	1.67201e+07	2.39875e+07	4.35111e+07	4.36923e+07	43145.8   	219728    	20002.9   	21034.7   	31265.4   
40823.970221	1.673e+07 	2.40154e+07	4.36041e+07	4.37856e+07	43190.7   	220396    	20032.6   	21064.6   	31311.3   
40917.603178	1.67398e+07	2.40433e+07	4.36972e+07	4.38789e+07	43235.7   	221064    	20062.3   	21094.5   	31357.2   
41011.236135	1.67497e+07	2.40711e+07	4.37902e+07	4.39722e+07	43280.7   	221733    	20091.9   	21124.4   	31403.1   
41104.869092	1.67595e+07	2.4099e+07	4.38832e+07	4.40654e+07	43325.7   	222401    	20121.6   	21154.3   	31449     
41198.502049	1.67694e+07	2.41269e+07	4.39763e+07	4.41587e+07	43370.7   	223069    	20151.2   	21184.2   	31494.9   
41292.135006	1.67792e+07	2.41548e+07	4.40693e+07	4.4252e+07	43415.7   	223738    	20180.9   	21214.1   	31540.8   
41385.767963	1.67891e+07	2.41827e+07	4.41623e+07	4.43453e+07	43460.7   	224406    	20210.5   	21244     	31586.7   
41479.400919	1.67989e+07	2.42106e+07	4.42554e+07	4.44386e+07	43505.7   	225074    	20240.2   	21273.9   	31632.6   
41573.033876	1.68088e+07	2.42384e+07	4.43484e+07	4.45319e+07	43550.7   	225742    	20269.9   	21303.8   	31678.5   
41666.666833	1.68186e+07	2.42663e+07	4.44414e+07	4.46251e+07	43595.7   	226411    	20299.5   	21333.7   	31724.4   
41760.299790	1.68285e+07	2.42942e+07	4.45345e+07	4.47184e+07	43640.7   	227079    	20329.2   	21363.7   	31770.3   
41853.932747	1.68383e+07	2.43221e+07	4.46275e+07	4.48117e+07	43685.7   	227747    	20358.8   	21393.6   	31816.2   
41947.565704	1.68482e+07	2.435e+07 	4.47205e+07	4.4905e+07	43730.7   	228416    	20388.5   	21423.5   	31862.2   
42041.198661	1.68577e+07	2.43774e+07	4.48134e+07	4.49981e+07	43775.2   	229089    	20418     	21453.2   	31907.8   
42134.831618	1.68668e+07	2.44043e+07	4.49061e+07	4.5091e+07	43819     	229768    	20447.2   	21482.7   	31953.1   
42228.464575	1.6876e+07	2.44311e+07	4.49988e+07	4.51839e+07	43862.8   	230447    	20476.4   	21512.2   	31998.4   
42322.097532	1.68851e+07	2.44579e+07	4.50915e+07	4.52769e+07	43906.6   	231127    	20505.6   	21541.7   	32043.7   
42415.730489	1.68943e+07	2.44848e+07	4.51841e+07	4.53698e+07	43950.4   	231806    	20534.9   	21571.1   	32089.1   
42509.363446	1.69034e+07	2.45116e+07	4.52768e+07	4.54627e+07	43994.2   	232485    	20564.1   	21600.6   	32134.4   
42602.996403	1.69126e+07	2.45385e+07	4.53695e+07	4.55556e+07	44038     	233165    	20593.3   	21630.1   	32179.7   
42696.629360	1.69217e+07	2.45653e+07	4.54622e+07	4.56485e+07	44081.8   	233844    	20622.6   	21659.6   	32225     
42790.262316	1.69309e+07	2.45922e+07	4.55549e+07	4.57414e+07	44125.6   	234523    	20651.8   	21689.1   	32270.3   
42883.895273	1.694e+07 	2.4619e+07	4.56476e+07	4.58344e+07	44169.4   	235202    	20681     	21718.6   	32315.6   
42977.528230	1.69492e+07	2.46459e+07	4.57402e+07	4.59273e+07	44213.2   	235882    	20710.3   	21748.1   	32361     
43071.161187	1.69583e+07	2.46727e+07	4.58329e+07	4.60202e+07	44257     	236561    	20739.5   	21777.5   	32406.3   
43164.794144	1.69674e+07	2.46996e+07	4.59256e+07	4.61131e+07	44300.7   	237240    	20768.7   	21807     	32451.6   
43258.427101	1.69766e+07	2.47264e+07	4.60183e+07	4.6206e+07	44344.5   	237920    	20797.9   	21836.5   	32496.9   
43352.060058	1.69857e+07	2.47533e+07	4.6111e+07	4.62989e+07	44388.3   	238599    	20827.2   	21866     	32542.2   
43445.693015	1.69949e+07	2.47801e+07	4.62037e+07	4.63919e+07	44432.1   	239278    	20856.4   	21895.5   	32587.5   
43539.325972	1.7004e+07	2.48069e+07	4.62963e+07	4.64848e+07	44475.9   	239958    	20885.6   	21925     	32632.9   
43632.958929	1.70132e+07	2.48338e+07	4.6389e+07	4.65777e+07	44519.7   	240637    	20914.9   	21954.5   	32678.2   
43726.591886	1.70223e+07	2.48606e+07	4.64817e+07	4.66706e+07	44563.5   	241316    	20944.1   	21984     	32723.5   
43820.224843	1.70315e+07	2.48875e+07	4.65744e+07	4.67635e+07	44607.3   	241996    	20973.3   	22013.4   	32768.8   
43913.857800	1.70406e+07	2.49143e+07	4.66671e+07	4.68564e+07	44651.1   	242675    	21002.6   	22042.9   	32814.1   
44007.490757	1.70497e+07	2.49411e+07	4.67597e+07	4.69493e+07	44694.8   	243355    	21031.7   	22072.4   	32859.4   
44101.123713	1.70582e+07	2.4967e+07	4.68521e+07	4.70419e+07	44737.5   	244045    	21060.6   	22101.5   	32904.1   
44194.756670	1.70667e+07	2.49929e+07	4.69444e+07	4.71345e+07	44780.2   	244735    	21089.4   	22130.6   	32948.9   
44288.389627	1.70752e+07	2.50188e+07	4.70368e+07	4.7227e+07	44822.9   	245425    	21118.2   	22159.6   	32993.6   
44382.022584	1.70837e+07	2.50446e+07	4.71291e+07	4.73196e+07	44865.6   	246115    	21147     	22188.7   	33038.4   
44475.655541	1.70922e+07	2.50705e+07	4.72215e+07	4.74122e+07	44908.3   	246806    	21175.8   	22217.8   	33083.2   
44569.288498	1.71008e+07	2.50964e+07	4.73138e+07	4.75048e+07	44951     	247496    	21204.6   	22246.9   	33127.9   
44662.921455	1.71093e+07	2.51223e+07	4.74062e+07	4.75973e+07	44993.7   	248186    	21233.4   	22276     	33172.7   
44756.554412	1.71178e+07	2.51482e+07	4.74986e+07	4.76899e+07	45036.4   	248876    	21262.2   	22305.1   	33217.4   
44850.187369	1.71263e+07	2.51741e+07	4.75909e+07	4.77825e+07	45079.1   	249566    	21291.1   	22334.1   	33262.2   
44943.820326	1.71348e+07	2.51999e+07	4.76833e+07	4.7875e+07	45121.7   	250256    	21319.9   	22363.2   	33306.9   
45037.453283	1.71433e+07	2.52258e+07	4.77756e+07	4.79676e+07	45164.4   	250946    	21348.7   	22392.3   	33351.7   
45131.086240	1.71518e+07	2.52517e+07	4.7868e+07	4.80602e+07	45207.1   	251636    	21377.5   	22421.4   	33396.4   
45224.719197	1.71603e+07	2.52776e+07	4.79603e+07	4.81527e+07	45249.8   	252326    	21406.3   	22450.5   	33441.2   
45318.352154	1.71689e+07	2.53035e+07	4.80527e+07	4.82453e+07	45292.5   	253016    	21435.1   	22479.6   	33485.9   
45411.985110	1.71774e+07	2.53294e+07	4.8145e+07	4.83379e+07	45335.2   	253707    	21463.9   	22508.6   	33530.7   
45505.618067	1.71859e+07	2.53553e+07	4.82374e+07	4.84305e+07	45377.9   	254397    	21492.7   	22537.7   	33575.4   
45599.251024	1.71944e+07	2.53811e+07	4.83297e+07	4.8523e+07	45420.6   	255087    	21521.6   	22566.8   	33620.2   
45692.883981	1.72029e+07	2.5407e+07	4.84221e+07	4.86156e+07	45463.3   	255777    	21550.4   	22595.9   	33664.9   
45786.516938	1.72114e+07	2.54329e+07	4.85144e+07	4.87082e+07	45506     	256467    	21579.2   	22625     	33709.7   
45880.149895	1.72199e+07	2.54588e+07	4.86068e+07	4.88007e+07	45548.6   	257157    	21608     	22654.1   	33754.4   
45973.782852	1.72284e+07	2.54847e+07	4.86992e+07	4.88933e+07	45591.3   	257847    	21636.8   	22683.1   	33799.2   
46067.415809	1.72365e+07	2.55099e+07	4.87913e+07	4.89856e+07	45633.3   	258545    	21665.3   	22712     	33843.5   
46161.048766	1.72445e+07	2.55349e+07	4.88833e+07	4.90779e+07	45674.9   	259245    	21693.7   	22740.6   	33887.8   
46254.681723	1.72524e+07	2.55599e+07	4.89754e+07	4.91701e+07	45716.6   	259946    	21722.1   	22769.3   	33932     
46348.314680	1.72604e+07	2.55849e+07	4.90674e+07	4.92624e+07	45758.3   	260647    	21750.6   	22798     	33976.2   
46441.947637	1.72683e+07	2.56099e+07	4.91595e+07	4.93546e+07	45799.9   	261347    	21779     	22826.7   	34020.4   
46535.580594	1.72762e+07	2.56349e+07	4.92515e+07	4.94469e+07	45841.6   	262048    	21807.4   	22855.4   	34064.6   
46629.213551	1.72842e+07	2.56599e+07	4.93435e+07	4.95391e+07	45883.3   	262749    	21835.8   	22884.1   	34108.8   
46722.846507	1.72921e+07	2.56849e+07	4.94356e+07	4.96313e+07	45924.9   	263449    	21864.2   	22912.8   	34153     
46816.479464	1.73001e+07	2.57099e+07	4.95276e+07	4.97236e+07	45966.6   	264150    	21892.6   	22941.5   	34197.2   
46910.112421	1.7308e+07	2.57348e+07	4.96197e+07	4.98158e+07	46008.2   	264851    	21921     	22970.2   	34241.5   
47003.745378	1.73159e+07	2.57598e+07	4.97117e+07	4.99081e+07	46049.9   	265551    	21949.4   	22998.9   	34285.7   
47097.378335	1.73239e+07	2.57848e+07	4.98038e+07	5.00003e+07	46091.6   	266252    	21977.8   	23027.6   	34329.9   
47191.011292	1.73318e+07	2.58098e+07	4.98958e+07	5.00926e+07	46133.2   	266953    	22006.2   	23056.3   	34374.1   
47284.644249	1.73398e+07	2.58348e+07	4.99878e+07	5.01848e+07	46174.9   	267653    	22034.6   	23085     	34418.3   
47378.277206	1.73477e+07	2.58598e+07	5.00799e+07	5.0277e+07	46216.5   	268354    	22063     	23113.7   	34462.5   
47471.910163	1.73556e+07	2.58848e+07	5.01719e+07	5.03693e+07	46258.2   	269055    	22091.4   	23142.4   	34506.7   
47565.543120	1.73636e+07	2.59098e+07	5.0264e+07	5.04615e+07	46299.9   	269755    	22119.8   	23171.1   	34550.9   
47659.176077	1.73715e+07	2.59348e+07	5.0356e+07	5.05538e+07	46341.5   	270456    	22148.2   	23199.8   	34595.2   
47752.809034	1.73795e+07	2.59598e+07	5.0448e+07	5.0646e+07	46383.2   	271157    	22176.6   	23228.5   	34639.4   
47846.441991	1.73874e+07	2.59848e+07	5.05401e+07	5.07383e+07	46424.8   	271857    	22205     	23257.2   	34683.6   
47940.074948	1.73953e+07	2.60097e+07	5.06321e+07	5.08305e+07	46466.5   	272558    	22233.5   	23285.9   	34727.8   
48033.707904	1.74031e+07	2.60344e+07	5.07241e+07	5.09226e+07	46507.8   	273262    	22261.7   	23314.5   	34771.8   
48127.340861	1.74105e+07	2.60586e+07	5.08158e+07	5.10146e+07	46548.5   	273973    	22289.7   	23342.8   	34815.5   
48220.973818	1.74179e+07	2.60828e+07	5.09076e+07	5.11065e+07	46589.2   	274684    	22317.7   	23371.1   	34859.2   
48314.606775	1.74254e+07	2.61069e+07	5.09993e+07	5.11984e+07	46629.9   	275395    	22345.8   	23399.4   	34902.9   
48408.239732	1.74328e+07	2.61311e+07	5.10911e+07	5.12904e+07	46670.6   	276106    	22373.8   	23427.8   	34946.6   
48501.872689	1.74402e+07	2.61552e+07	5.11828e+07	5.13823e+07	46711.3   	276816    	22401.8   	23456.1   	34990.3   
48595.505646	1.74476e+07	2.61794e+07	5.12746e+07	5.14742e+07	46752     	277527    	22429.8   	23484.4   	35034     
48689.138603	1.74551e+07	2.62036e+07	5.13663e+07	5.15662e+07	46792.7   	278238    	22457.8   	23512.7   	35077.7   
48782.771560	1.74625e+07	2.62277e+07	5.14581e+07	5.16581e+07	46833.4   	278949    	22485.8   	23541.1   	35121.4   
48876.404517	1.74699e+07	2.62519e+07	5.15498e+07	5.175e+07 	46874.2   	279660    	22513.8   	23569.4   	35165.1   
48970.037474	1.74773e+07	2.6276e+07	5.16416e+07	5.1842e+07	46914.9   	280371    	22541.8   	23597.7   	35208.7   
49063.670431	1.74848e+07	2.63002e+07	5.17333e+07	5.19339e+07	46955.6   	281081    	22569.8   	23626     	35252.4   
49157.303388	1.74922e+07	2.63244e+07	5.18251e+07	5.20258e+07	46996.3   	281792    	22597.8   	23654.4   	35296.1   
49250.936345	1.74996e+07	2.63485e+07	5.19168e+07	5.21177e+07	47037     	282503    	22625.9   	23682.7   	35339.8   
49344.569301	1.7507e+07	2.63727e+07	5.20086e+07	5.22097e+07	47077.7   	283214    	22653.9   	23711     	35383.5   
49438.202258	1.75144e+07	2.63968e+07	5.21003e+07	5.23016e+07	47118.4   	283925    	22681.9   	23739.4   	35427.2   
49531.835215	1.75219e+07	2.6421e+07	5.21921e+07	5.23935e+07	47159.1   	284636    	22709.9   	23767.7   	35470.9   
49625.468172	1.75293e+07	2.64452e+07	5.22838e+07	5.24855e+07	47199.8   	285346    	22737.9   	23796     	35514.6   
49719.101129	1.75367e+07	2.64693e+07	5.23756e+07	5.25774e+07	47240.5   	286057    	22765.9   	23824.3   	35558.3   
49812.734086	1.75441e+07	2.64935e+07	5.24673e+07	5.26693e+07	47281.2   	286768    	22793.9   	23852.7   	35602     
49906.367043	1.75516e+07	2.65176e+07	5.25591e+07	5.27613e+07	47321.9   	287479    	22821.9   	23881     	35645.7   
50000.000000	1.7559e+07	2.65418e+07	5.26508e+07	5.28532e+07	47362.6   	288190    	22849.9   	23909.3   	35689.4   
