*Energy (MeV/u)1	0 - [He-base] F.Hubert et al, AD&ND Tables 46(1990)1	Energy (MeV/u)2	1 - [H -base] J.F.Ziegler et al, Pergamon Press, NY (low energy)	Energy (MeV/u)3	2 - ATIMA 1.2  LS-theory (recommended for high energy)	Energy (MeV/u)4	3 - ATIMA 1.2  without LS-correction	Energy (MeV/u)5	4 - Range straggling - method [0] - LISE	Energy (MeV/u)6	5 - Range straggling - method [1] - Atima	Energy (MeV/u)7	6 - Lateral range - method [0] - LISE	Energy (MeV/u)8	7 - Lateral range - method [1] - Atima	Energy (MeV/u)9	8 - Lateral range - method [2] - PDG	
0.001000	0.0825734 	0.001000	0.0825734 	0.001000	0.0506337 	0.001000	0.0506337 	0.001000	0         	0.001000	0         	0.001000	0.000124931	0.001000	0.000200205	0.001000	9.32289e-05
0.002000	0.168894  	0.002000	0.165147  	0.002000	0.101267  	0.002000	0.101267  	0.002000	0.0076335 	0.002000	0.0076335 	0.002000	0.00036585	0.002000	0.000566371	0.002000	0.00028403
0.005000	0.374108  	0.005000	0.361453  	0.005000	0.22808   	0.005000	0.22808   	0.005000	0.00898146	0.005000	0.00898146	0.005000	0.00123782	0.005000	0.00185486	0.005000	0.000992939
0.008000	0.535182  	0.008000	0.515535  	0.008000	0.335598  	0.008000	0.335598  	0.008000	0.00903534	0.008000	0.00903534	0.008000	0.0022004 	0.008000	0.00324304	0.008000	0.00179196
0.010000	0.627998  	0.010000	0.604322  	0.010000	0.400818  	0.010000	0.400818  	0.010000	0.00922336	0.010000	0.00922336	0.010000	0.00287049	0.010000	0.00419833	0.010000	0.0023533
0.015000	0.82725   	0.015000	0.794925  	0.015000	0.548645  	0.015000	0.548645  	0.015000	0.010188  	0.015000	0.010188  	0.015000	0.00460695	0.015000	0.00664835	0.015000	0.00381939
0.020000	0.988297  	0.020000	0.948981  	0.020000	0.675815  	0.020000	0.675815  	0.020000	0.0113346 	0.020000	0.0113346 	0.020000	0.00630818	0.020000	0.00903223	0.020000	0.00526294
0.025000	1.12216   	0.025000	1.07703   	0.025000	0.786305  	0.025000	0.786305  	0.025000	0.0123673 	0.025000	0.0123673 	0.025000	0.00792396	0.025000	0.0112887 	0.025000	0.00663736
0.030000	1.2376    	0.030000	1.18746   	0.030000	0.88505   	0.030000	0.88505   	0.030000	0.0132666 	0.030000	0.0132666 	0.030000	0.00947435	0.030000	0.0134471 	0.030000	0.00795917
0.035000	1.34012   	0.035000	1.28554   	0.035000	0.975447  	0.035000	0.975447  	0.035000	0.0140603 	0.035000	0.0140603 	0.035000	0.0109837 	0.035000	0.0155419 	0.035000	0.00924892
0.040000	1.43318   	0.040000	1.37455   	0.040000	1.05937   	0.040000	1.05937   	0.040000	0.0147664 	0.040000	0.0147664 	0.040000	0.0124649 	0.040000	0.0175919 	0.040000	0.0105171
0.045000	1.51905   	0.045000	1.45669   	0.045000	1.13818   	0.045000	1.13818   	0.045000	0.0154023 	0.045000	0.0154023 	0.045000	0.0139285 	0.045000	0.0196125 	0.045000	0.0117724
0.050000	1.59937   	0.050000	1.53353   	0.050000	1.21288   	0.050000	1.21288   	0.050000	0.0159823 	0.050000	0.0159472 	0.050000	0.015382  	0.050000	0.0216145 	0.050000	0.0130213
0.055000	1.67537   	0.055000	1.60623   	0.055000	1.28423   	0.055000	1.28423   	0.055000	0.0165181 	0.055000	0.0164242 	0.055000	0.016833  	0.055000	0.0236083 	0.055000	0.01427
0.060000	1.74794   	0.060000	1.67565   	0.060000	1.35285   	0.060000	1.35285   	0.060000	0.0170186 	0.060000	0.0168639 	0.060000	0.0181506 	0.060000	0.0254168 	0.060000	0.0154047
0.070000	1.8855    	0.070000	1.80724   	0.070000	1.48373   	0.070000	1.48373   	0.070000	0.0179413 	0.070000	0.0176629 	0.070000	0.0204104 	0.070000	0.0285073 	0.070000	0.0173526
0.080000	2.01606   	0.080000	1.93213   	0.080000	1.60837   	0.080000	1.60837   	0.080000	0.0187924 	0.080000	0.0183902 	0.080000	0.022378  	0.080000	0.0309964 	0.080000	0.0190507
0.090000	2.14217   	0.090000	2.05277   	0.090000	1.72873   	0.090000	1.72873   	0.090000	0.0195991 	0.090000	0.0190739 	0.090000	0.0241885 	0.090000	0.0332498 	0.090000	0.0206155
0.100000	2.26551   	0.100000	2.17076   	0.100000	1.8462    	0.100000	1.8462    	0.100000	0.0203801 	0.100000	0.019732  	0.100000	0.0258543 	0.100000	0.0352945 	0.100000	0.0220579
0.120000	2.50658   	0.120000	2.40136   	0.120000	2.07618   	0.120000	2.07618   	0.120000	0.0219124 	0.120000	0.0210165 	0.120000	0.0290026 	0.120000	0.0390898 	0.120000	0.0247901
0.140000	2.74356   	0.140000	2.62805   	0.140000	2.30353   	0.140000	2.30353   	0.140000	0.0234539 	0.140000	0.0223038 	0.140000	0.0319764 	0.140000	0.042614  	0.140000	0.0273792
0.160000	2.97902   	0.160000	2.85329   	0.160000	2.53115   	0.160000	2.53115   	0.160000	0.0250376 	0.160000	0.0236237 	0.160000	0.0348351 	0.160000	0.0459602 	0.160000	0.0298759
0.180000	3.21467   	0.180000	3.07871   	0.180000	2.7607    	0.180000	2.7607    	0.180000	0.0266799 	0.180000	0.0249906 	0.180000	0.0376188 	0.180000	0.0491809 	0.180000	0.0323143
0.200000	3.45107   	0.200000	3.30485   	0.200000	2.9931    	0.200000	2.9931    	0.200000	0.0283871 	0.200000	0.0264105 	0.200000	0.0402943 	0.200000	0.0522631 	0.200000	0.0346655
0.250000	4.04764   	0.250000	3.87552   	0.250000	3.5892    	0.250000	3.5892    	0.250000	0.0329391 	0.250000	0.03019   	0.250000	0.0470066 	0.250000	0.0599083 	0.250000	0.0405869
0.300000	4.6461    	0.300000	4.44801   	0.300000	4.20688   	0.300000	4.20688   	0.300000	0.0378201 	0.300000	0.0342301 	0.300000	0.0535907 	0.300000	0.067333  	0.300000	0.0464279
0.350000	5.24883   	0.350000	5.02457   	0.350000	4.84234   	0.350000	4.84234   	0.350000	0.0428904 	0.350000	0.0384077 	0.350000	0.0599572 	0.350000	0.074446  	0.350000	0.0521042
0.400000	5.86029   	0.400000	5.60949   	0.400000	5.49628   	0.400000	5.49628   	0.400000	0.048143  	0.400000	0.042711  	0.400000	0.0662967 	0.400000	0.0814693 	0.400000	0.0577795
0.450000	6.48487   	0.450000	6.20695   	0.450000	6.16987   	0.450000	6.16987   	0.450000	0.053592  	0.450000	0.0471467 	0.450000	0.0725157 	0.450000	0.0883194 	0.450000	0.0633705
0.500000	7.12505   	0.500000	6.81935   	0.500000	6.86339   	0.500000	6.86339   	0.500000	0.0592348 	0.500000	0.0517089 	0.500000	0.0786984 	0.500000	0.095068  	0.500000	0.0689481
0.600000	8.45281   	0.600000	8.08947   	0.600000	8.30915   	0.600000	8.30915   	0.600000	0.0710597 	0.600000	0.0611684 	0.600000	0.0907497 	0.600000	0.108149  	0.600000	0.0798798
0.700000	9.856     	0.700000	9.43175   	0.700000	9.83177   	0.700000	9.83177   	0.700000	0.0835645 	0.700000	0.0710311 	0.700000	0.102445  	0.700000	0.1207    	0.700000	0.0905543
0.800000	11.3325   	0.800000	10.8441   	0.800000	11.43     	0.800000	11.43     	0.800000	0.0967269 	0.800000	0.0812709 	0.800000	0.113766  	0.800000	0.132726  	0.800000	0.100944
0.900000	12.8777   	0.900000	12.3223   	0.900000	13.103    	0.900000	13.103    	0.900000	0.110541  	0.900000	0.0918782 	0.900000	0.124685  	0.900000	0.144277  	0.900000	0.11102
1.000000	14.5019   	1.000000	13.876    	1.000000	14.8523   	1.000000	14.8523   	1.000000	0.125059  	1.000000	0.102889  	1.000000	0.135376  	1.000000	0.155476  	1.000000	0.120926
1.250000	18.9391   	1.250000	18.1205   	1.250000	19.5646   	1.250000	19.5646   	1.250000	0.164602  	1.250000	0.132618  	1.250000	0.16117   	1.250000	0.182302  	1.250000	0.14499
1.500000	24.01     	1.500000	22.9714   	1.500000	24.7474   	1.500000	24.7474   	1.500000	0.208563  	1.500000	0.166776  	1.500000	0.186442  	1.500000	0.208292  	1.500000	0.168744
1.750000	29.7509   	1.750000	28.463    	1.750000	30.3959   	1.750000	30.3959   	1.750000	0.256974  	1.750000	0.204647  	1.750000	0.211651  	1.750000	0.234035  	1.750000	0.192578
2.000000	36.1115   	2.000000	34.5475   	2.000000	36.5095   	2.000000	36.5095   	2.000000	0.309945  	2.000000	0.245705  	2.000000	0.237098  	2.000000	0.259902  	2.000000	0.216753
2.250000	43.0552   	2.250000	41.1898   	2.250000	43.0906   	2.250000	43.0906   	2.250000	0.367628  	2.250000	0.289752  	2.250000	0.26311   	2.250000	0.286205  	2.250000	0.241549
2.500000	50.5552   	2.500000	48.3641   	2.500000	50.1415   	2.500000	50.1415   	2.500000	0.430148  	2.500000	0.336708  	2.500000	0.284205  	2.500000	0.313183  	2.500000	0.261885
3.000000	66.6231   	3.000000	64.2365   	3.000000	65.6552   	3.000000	65.6552   	3.000000	0.569982  	3.000000	0.439172  	3.000000	0.319458  	3.000000	0.369866  	3.000000	0.296319
3.500000	84.6109   	3.500000	82.0601   	3.500000	83.0461   	3.500000	83.0461   	3.500000	0.729698  	3.500000	0.55281   	3.500000	0.364298  	3.500000	0.414978  	3.500000	0.339851
4.000000	104.48    	4.000000	101.769   	4.000000	102.297   	4.000000	102.297   	4.000000	0.909193  	4.000000	0.677288  	4.000000	0.418216  	4.000000	0.468066  	4.000000	0.39202
4.500000	126.196   	4.500000	123.315   	4.500000	123.383   	4.500000	123.383   	4.500000	1.10817   	4.500000	0.812173  	4.500000	0.480612  	4.500000	0.529564  	4.500000	0.452276
5.000000	149.727   	5.000000	146.657   	5.000000	146.276   	5.000000	146.276   	5.000000	1.32623   	5.000000	0.95705   	5.000000	0.550896  	5.000000	0.598755  	5.000000	0.520074
5.500000	175.046   	5.500000	171.761   	5.500000	170.945   	5.500000	170.945   	5.500000	1.56295   	5.500000	1.11156   	5.500000	0.628566  	5.500000	0.675039  	5.500000	0.594953
6.000000	202.126   	6.000000	198.593   	6.000000	197.36    	6.000000	197.36    	6.000000	1.81792   	6.000000	1.27535   	6.000000	0.713186  	6.000000	0.757888  	6.000000	0.676513
6.500000	230.944   	6.500000	227.123   	6.500000	225.491   	6.500000	225.491   	6.500000	2.09073   	6.500000	1.44811   	6.500000	0.804426  	6.500000	0.846904  	6.500000	0.764448
7.000000	261.478   	7.000000	257.324   	7.000000	255.313   	7.000000	255.313   	7.000000	2.38102   	7.000000	1.62956   	7.000000	0.901977  	7.000000	0.941716  	7.000000	0.858475
7.500000	293.708   	7.500000	289.169   	7.500000	286.797   	7.500000	286.797   	7.500000	2.68845   	7.500000	1.81946   	7.500000	1.00561   	7.500000	1.04204   	7.500000	0.95838
8.000000	327.614   	8.000000	322.634   	8.000000	319.921   	8.000000	319.921   	8.000000	3.0127    	8.000000	2.01758   	8.000000	1.11511   	8.000000	1.14765   	8.000000	1.06397
8.500000	363.178   	8.500000	357.698   	8.500000	354.661   	8.500000	354.661   	8.500000	3.3535    	8.500000	2.22367   	8.500000	1.23032   	8.500000	1.25832   	8.500000	1.1751
9.000000	400.384   	9.000000	394.339   	9.000000	390.996   	9.000000	390.996   	9.000000	3.71059   	9.000000	2.43753   	9.000000	1.35109   	9.000000	1.37389   	9.000000	1.29162
9.500000	439.216   	9.500000	432.537   	9.500000	428.907   	9.500000	428.907   	9.500000	4.08375   	9.500000	2.65901   	9.500000	1.47729   	9.500000	1.49421   	9.500000	1.41342
10.000000	479.659   	10.000000	472.269   	10.000000	468.375   	10.000000	468.375   	10.000000	4.47276   	10.000000	2.88802   	10.000000	1.60881   	10.000000	1.61915   	10.000000	1.54039
11.000000	565.321   	11.000000	555.939   	11.000000	551.988   	11.000000	551.98    	11.000000	5.29968   	11.000000	3.36945   	11.000000	1.8878    	11.000000	1.88279   	11.000000	1.80987
12.000000	657.262   	12.000000	645.625   	12.000000	641.804   	12.000000	641.773   	12.000000	6.19224   	12.000000	3.88223   	12.000000	2.18793   	12.000000	2.1645    	12.000000	2.09994
13.000000	755.385   	13.000000	741.261   	13.000000	737.738   	13.000000	737.672   	13.000000	7.14956   	13.000000	4.42553   	13.000000	2.50887   	13.000000	2.46388   	13.000000	2.41031
14.000000	859.599   	14.000000	842.784   	14.000000	839.719   	14.000000	839.607   	14.000000	8.17099   	14.000000	4.99872   	14.000000	2.85035   	14.000000	2.78056   	14.000000	2.74073
15.000000	969.82    	15.000000	950.133   	15.000000	947.684   	15.000000	947.519   	15.000000	9.25604   	15.000000	5.60167   	15.000000	3.21216   	15.000000	3.11429   	15.000000	3.09102
16.000000	1085.97   	16.000000	1063.25   	16.000000	1061.58   	16.000000	1061.36   	16.000000	10.4044   	16.000000	6.23419   	16.000000	3.59415   	16.000000	3.46483   	16.000000	3.46103
17.000000	1207.97   	17.000000	1182.08   	17.000000	1181.36   	17.000000	1181.08   	17.000000	11.6158   	17.000000	6.89583   	17.000000	3.99618   	17.000000	3.83201   	17.000000	3.85065
18.000000	1335.76   	18.000000	1306.57   	18.000000	1306.99   	18.000000	1306.64   	18.000000	12.8902   	18.000000	7.5863    	18.000000	4.41816   	18.000000	4.21567   	18.000000	4.25981
19.000000	1469.27   	19.000000	1436.67   	19.000000	1438.43   	19.000000	1438.01   	19.000000	14.2273   	19.000000	8.30554   	19.000000	4.85999   	19.000000	4.61569   	19.000000	4.68843
20.000000	1608.43   	20.000000	1572.33   	20.000000	1575.65   	20.000000	1575.16   	20.000000	15.6272   	20.000000	9.05348   	20.000000	5.32163   	20.000000	5.03197   	20.000000	5.13647
21.000000	1753.18   	21.000000	1713.5    	21.000000	1718.62   	21.000000	1718.06   	21.000000	17.09     	21.000000	9.83011   	21.000000	5.80304   	21.000000	5.46442   	21.000000	5.60392
22.000000	1903.48   	22.000000	1860.14   	22.000000	1867.32   	22.000000	1866.69   	22.000000	18.6155   	22.000000	10.6353   	22.000000	6.30417   	22.000000	5.91297   	22.000000	6.09074
23.000000	2059.25   	23.000000	2012.19   	23.000000	2021.72   	23.000000	2021.02   	23.000000	20.2036   	23.000000	11.4689   	23.000000	6.82497   	23.000000	6.37753   	23.000000	6.59688
24.000000	2220.46   	24.000000	2169.63   	24.000000	2181.8    	24.000000	2181.04   	24.000000	21.8542   	24.000000	12.3309   	24.000000	7.3654    	24.000000	6.85803   	24.000000	7.12234
25.000000	2387.05   	25.000000	2332.4    	25.000000	2347.53   	25.000000	2346.73   	25.000000	23.5675   	25.000000	13.2213   	25.000000	7.92548   	25.000000	7.35445   	25.000000	7.66713
27.000000	2736.18   	27.000000	2673.78   	27.000000	2695.92   	27.000000	2695.03   	27.000000	27.1824   	27.000000	15.0875   	27.000000	9.10454   	27.000000	8.39488   	27.000000	8.81475
29.000000	3106.26   	29.000000	3036.03   	29.000000	3066.75   	29.000000	3065.8    	29.000000	31.0482   	29.000000	17.0667   	29.000000	10.362    	29.000000	9.49848   	29.000000	10.0397
31.000000	3496.96   	31.000000	3418.85   	31.000000	3459.67   	31.000000	3458.71   	31.000000	35.1582   	31.000000	19.1542   	31.000000	11.6968   	31.000000	10.6641   	31.000000	11.3411
33.000000	3907.94   	33.000000	3821.96   	33.000000	3873.24   	33.000000	3872.31   	33.000000	39.4731   	33.000000	21.3309   	33.000000	13.1018   	33.000000	11.8858   	33.000000	12.7121
35.000000	4338.91   	35.000000	4245.09   	35.000000	4306.95   	35.000000	4306.12   	35.000000	43.986    	35.000000	23.5932   	35.000000	14.5746   	35.000000	13.1614   	35.000000	14.1504
38.000000	5022.18   	38.000000	4916.75   	38.000000	4994.71   	38.000000	4994.13   	38.000000	51.1235   	38.000000	27.1445   	38.000000	16.9073   	38.000000	15.1724   	38.000000	16.4309
41.000000	5748.85   	41.000000	5632.02   	41.000000	5726.31   	41.000000	5726.11   	41.000000	58.6972   	41.000000	30.8848   	41.000000	19.3841   	41.000000	17.297    	41.000000	18.8555
44.000000	6518.04   	44.000000	6390.13   	44.000000	6500.93   	44.000000	6501.26   	44.000000	66.7002   	44.000000	34.8081   	44.000000	22.0014   	44.000000	19.532    	44.000000	21.4208
47.000000	7328.95   	47.000000	7190.3    	47.000000	7317.79   	47.000000	7318.8    	47.000000	75.1246   	47.000000	38.9113   	47.000000	24.7559   	47.000000	21.8744   	47.000000	24.124
50.000000	8180.83   	50.000000	8031.84   	50.000000	8176.18   	50.000000	8178      	50.000000	83.9631   	50.000000	43.1916   	50.000000	27.6446   	50.000000	24.3217   	50.000000	26.9626
55.000000	9689.75   	55.000000	9524.44   	55.000000	9697.43   	55.000000	9700.73   	55.000000	99.5973   	55.000000	50.7118   	55.000000	32.7509   	55.000000	28.6282   	55.000000	31.9889
60.000000	11307.4   	60.000000	11127     	60.000000	11329.1   	60.000000	11334.3   	60.000000	116.321   	60.000000	58.699    	60.000000	38.2102   	60.000000	33.2096   	60.000000	37.3743
65.000000	13031     	65.000000	12836.7   	65.000000	13068.5   	65.000000	13075.9   	65.000000	134.105   	65.000000	67.1351   	65.000000	44.0123   	65.000000	38.0579   	65.000000	43.1102
70.000000	14857.9   	70.000000	14650.9   	70.000000	14913     	70.000000	14922.9   	70.000000	152.909   	70.000000	76.0078   	70.000000	50.1458   	70.000000	43.164    	70.000000	49.1869
75.000000	16785.6   	75.000000	16567     	75.000000	16860     	75.000000	16872.8   	75.000000	172.702   	75.000000	85.3017   	75.000000	56.6008   	75.000000	48.5202   	75.000000	55.5961
80.000000	18811.8   	80.000000	18582.6   	80.000000	18907.3   	80.000000	18923.3   	80.000000	193.454   	80.000000	95.0093   	80.000000	63.3682   	80.000000	54.1196   	80.000000	62.3301
85.000000	20934.5   	85.000000	20695.5   	85.000000	21052.7   	85.000000	21072.1   	85.000000	215.133   	85.000000	105.111   	85.000000	70.4387   	85.000000	59.9551   	85.000000	69.3812
90.000000	23151.5   	90.000000	22903.4   	90.000000	23294.1   	90.000000	23317.2   	90.000000	237.71    	90.000000	115.597   	90.000000	77.8033   	90.000000	66.0203   	90.000000	76.7418
95.000000	25461     	95.000000	25204.3   	95.000000	25629.3   	95.000000	25656.5   	95.000000	261.157   	95.000000	126.457   	95.000000	85.4537   	95.000000	72.3088   	95.000000	84.4048
100.000000	27861.1   	100.000000	27596.2   	100.000000	28056.5   	100.000000	28088.1   	100.000000	285.445   	100.000000	137.682   	100.000000	93.3816   	100.000000	78.8145   	100.000000	92.3632
105.000000	30350.2   	105.000000	30077.1   	105.000000	30573.8   	105.000000	30610     	105.000000	310.547   	105.000000	149.261   	105.000000	101.579   	105.000000	85.5317   	105.000000	100.61
110.000000	32926.4   	110.000000	32645.2   	110.000000	33179.4   	110.000000	33220.5   	110.000000	336.44    	110.000000	161.188   	110.000000	110.039   	110.000000	92.455    	110.000000	109.14
115.000000	35588.4   	115.000000	35298.7   	115.000000	35871.4   	115.000000	35917.8   	115.000000	363.096   	115.000000	173.448   	115.000000	118.752   	115.000000	99.5788   	115.000000	117.945
120.000000	38334.5   	120.000000	38035.8   	120.000000	38648.4   	120.000000	38700.2   	120.000000	390.496   	120.000000	186.029   	120.000000	127.714   	120.000000	106.899   	120.000000	127.02
125.000000	41163.4   	125.000000	40855     	125.000000	41508.5   	125.000000	41566.2   	125.000000	418.61    	125.000000	198.93    	125.000000	136.916   	125.000000	114.409   	125.000000	136.359
130.000000	44073.6   	130.000000	43754.5   	130.000000	44450.2   	130.000000	44514.1   	130.000000	447.421   	130.000000	212.138   	130.000000	146.351   	130.000000	122.105   	130.000000	145.957
135.000000	47063.9   	135.000000	46732.9   	135.000000	47472.4   	135.000000	47542.5   	135.000000	476.912   	135.000000	225.645   	135.000000	156.016   	135.000000	129.983   	135.000000	155.808
140.000000	50132.9   	140.000000	49788.7   	140.000000	50573.3   	140.000000	50649.8   	140.000000	507.059   	140.000000	239.443   	140.000000	165.901   	140.000000	138.038   	140.000000	165.907
145.000000	53279.4   	145.000000	52920.3   	145.000000	53751.2   	145.000000	53834.6   	145.000000	537.835   	145.000000	253.522   	145.000000	176.001   	145.000000	146.266   	145.000000	176.247
150.000000	56502.2   	150.000000	56126.3   	150.000000	57005.1   	150.000000	57095.6   	150.000000	569.226   	150.000000	267.878   	150.000000	186.311   	150.000000	154.663   	150.000000	186.824
155.000000	59845.6   	155.000000	59405.5   	155.000000	60333.5   	155.000000	60431.3   	155.000000	601.214   	155.000000	282.507   	155.000000	196.824   	155.000000	163.224   	155.000000	197.634
160.000000	63261.5   	160.000000	62756.4   	160.000000	63735     	160.000000	63840.5   	160.000000	633.774   	160.000000	297.398   	160.000000	207.535   	160.000000	171.945   	160.000000	208.671
165.000000	66747     	165.000000	66177.8   	165.000000	67208.3   	165.000000	67321.8   	165.000000	666.894   	165.000000	312.549   	165.000000	218.438   	165.000000	180.824   	165.000000	219.93
170.000000	70301     	170.000000	69668.4   	170.000000	70752.4   	170.000000	70874     	170.000000	700.559   	170.000000	327.956   	170.000000	229.529   	170.000000	189.856   	170.000000	231.407
175.000000	73922.3   	175.000000	73227     	175.000000	74365.8   	175.000000	74495.9   	175.000000	734.745   	175.000000	343.608   	175.000000	240.802   	175.000000	199.038   	175.000000	243.097
180.000000	77609.8   	180.000000	76852.4   	180.000000	78047.4   	180.000000	78186.4   	180.000000	769.438   	180.000000	359.504   	180.000000	252.251   	180.000000	208.365   	180.000000	254.995
185.000000	81362.2   	185.000000	80543.4   	185.000000	81796.2   	185.000000	81944.1   	185.000000	804.628   	185.000000	375.64    	185.000000	263.874   	185.000000	217.836   	185.000000	267.099
190.000000	85178.6   	190.000000	84298.9   	190.000000	85611.1   	190.000000	85768.1   	190.000000	840.303   	190.000000	392.003   	190.000000	275.665   	190.000000	227.447   	190.000000	279.404
195.000000	89057.8   	195.000000	88117.8   	195.000000	89491     	195.000000	89657.2   	195.000000	876.442   	195.000000	408.586   	195.000000	287.619   	195.000000	237.194   	195.000000	291.905
200.000000	92998.9   	200.000000	91999.1   	200.000000	93434.5   	200.000000	93610.4   	200.000000	913.025   	200.000000	425.39    	200.000000	299.732   	200.000000	247.075   	200.000000	304.599
210.000000	101063    	210.000000	99944.5   	210.000000	101509    	210.000000	101705    	210.000000	987.481   	210.000000	459.642   	210.000000	324.416   	210.000000	267.224   	210.000000	330.547
220.000000	109362    	220.000000	108127    	220.000000	109826    	220.000000	110043    	220.000000	1063.57   	220.000000	494.7     	220.000000	349.686   	220.000000	287.872   	220.000000	357.219
230.000000	117891    	230.000000	116539    	230.000000	118378    	230.000000	118617    	230.000000	1141.19   	230.000000	530.524   	230.000000	375.507   	230.000000	308.995   	230.000000	384.584
240.000000	126641    	240.000000	125173    	240.000000	127158    	240.000000	127419    	240.000000	1220.26   	240.000000	567.115   	240.000000	401.855   	240.000000	330.574   	240.000000	412.619
250.000000	135606    	250.000000	134023    	250.000000	136158    	250.000000	136444    	250.000000	1300.68   	250.000000	604.452   	250.000000	428.698   	250.000000	352.59    	250.000000	441.296
260.000000	144779    	260.000000	143080    	260.000000	145373    	260.000000	145682    	260.000000	1382.35   	260.000000	642.438   	260.000000	456.008   	260.000000	375.021   	260.000000	470.587
270.000000	154156    	270.000000	152340    	270.000000	154794    	270.000000	155129    	270.000000	1465.21   	270.000000	681.087   	270.000000	483.762   	270.000000	397.851   	270.000000	500.47
280.000000	163729    	280.000000	161796    	280.000000	164417    	280.000000	164778    	280.000000	1549.17   	280.000000	720.378   	280.000000	511.934   	280.000000	421.061   	280.000000	530.919
290.000000	173494    	290.000000	171443    	290.000000	174234    	290.000000	174622    	290.000000	1634.15   	290.000000	760.287   	290.000000	540.5     	290.000000	444.634   	290.000000	561.913
300.000000	183445    	300.000000	181273    	300.000000	184240    	300.000000	184657    	300.000000	1720.12   	300.000000	800.793   	300.000000	569.441   	300.000000	468.558   	300.000000	593.432
310.000000	193578    	310.000000	191283    	310.000000	194431    	310.000000	194876    	310.000000	1806.99   	310.000000	841.846   	310.000000	598.737   	310.000000	492.816   	310.000000	625.457
320.000000	203886    	320.000000	201467    	320.000000	204800    	320.000000	205273    	320.000000	1894.7    	320.000000	883.441   	320.000000	628.365   	320.000000	517.392   	320.000000	657.965
330.000000	214366    	330.000000	211820    	330.000000	215341    	330.000000	215845    	330.000000	1983.17   	330.000000	925.569   	330.000000	658.305   	330.000000	542.271   	330.000000	690.935
340.000000	225013    	340.000000	222337    	340.000000	226050    	340.000000	226585    	340.000000	2072.38   	340.000000	968.19    	340.000000	688.542   	340.000000	567.444   	340.000000	724.353
350.000000	235823    	350.000000	233014    	350.000000	236924    	350.000000	237489    	350.000000	2162.28   	350.000000	1011.28   	350.000000	719.059   	350.000000	592.897   	350.000000	758.202
360.000000	246791    	360.000000	243846    	360.000000	247956    	360.000000	248553    	360.000000	2252.81   	360.000000	1054.83   	360.000000	749.839   	360.000000	618.617   	360.000000	792.463
370.000000	257914    	370.000000	254828    	370.000000	259142    	370.000000	259771    	370.000000	2343.9    	370.000000	1098.86   	370.000000	780.865   	370.000000	644.591   	370.000000	827.118
380.000000	269187    	380.000000	265958    	380.000000	270477    	380.000000	271140    	380.000000	2435.51   	380.000000	1143.33   	380.000000	812.121   	380.000000	670.808   	380.000000	862.151
390.000000	280606    	390.000000	277230    	390.000000	281959    	390.000000	282655    	390.000000	2527.63   	390.000000	1188.22   	390.000000	843.595   	390.000000	697.26    	390.000000	897.55
400.000000	292169    	400.000000	288641    	400.000000	293582    	400.000000	294313    	400.000000	2620.19   	400.000000	1233.51   	400.000000	875.274   	400.000000	723.934   	400.000000	933.299
410.000000	303871    	410.000000	300188    	410.000000	305342    	410.000000	306109    	410.000000	2713.16   	410.000000	1279.19   	410.000000	907.142   	410.000000	750.819   	410.000000	969.382
420.000000	315709    	420.000000	311866    	420.000000	317237    	420.000000	318040    	420.000000	2806.49   	420.000000	1325.23   	420.000000	939.187   	420.000000	777.906   	420.000000	1005.79
430.000000	327680    	430.000000	323672    	430.000000	329262    	430.000000	330102    	430.000000	2900.17   	430.000000	1371.6    	430.000000	971.4     	430.000000	805.188   	430.000000	1042.5
440.000000	339781    	440.000000	335603    	440.000000	341415    	440.000000	342291    	440.000000	2994.17   	440.000000	1418.31   	440.000000	1003.77   	440.000000	832.657   	440.000000	1079.51
450.000000	352007    	450.000000	347656    	450.000000	353691    	450.000000	354604    	450.000000	3088.46   	450.000000	1465.37   	450.000000	1036.29   	450.000000	860.303   	450.000000	1116.81
460.000000	364357    	460.000000	359827    	460.000000	366088    	460.000000	367039    	460.000000	3183      	460.000000	1512.77   	460.000000	1068.94   	460.000000	888.118   	460.000000	1154.38
470.000000	376828    	470.000000	372113    	470.000000	378602    	470.000000	379590    	470.000000	3277.74   	470.000000	1560.5    	470.000000	1101.71   	470.000000	916.092   	470.000000	1192.22
480.000000	389416    	480.000000	384513    	480.000000	391229    	480.000000	392257    	480.000000	3372.68   	480.000000	1608.54   	480.000000	1134.6    	480.000000	944.218   	480.000000	1230.3
490.000000	402119    	490.000000	397021    	490.000000	403967    	490.000000	405035    	490.000000	3467.77   	490.000000	1656.86   	490.000000	1167.59   	490.000000	972.49    	490.000000	1268.62
500.000000	414933    	500.000000	409637    	500.000000	416814    	500.000000	417922    	500.000000	3563.02   	500.000000	1705.45   	500.000000	1200.69   	500.000000	1000.9    	500.000000	1307.17
520.000000	440889    	520.000000	435178    	520.000000	442822    	520.000000	444010    	520.000000	3753.9    	520.000000	1803.5    	520.000000	1267.14   	520.000000	1058.12   	520.000000	1384.94
540.000000	467262    	540.000000	461116    	540.000000	469231    	540.000000	470501    	540.000000	3945.09   	540.000000	1902.64   	540.000000	1333.89   	540.000000	1115.81   	540.000000	1463.51
560.000000	494034    	560.000000	487432    	560.000000	496019    	560.000000	497374    	560.000000	4136.43   	560.000000	2002.72   	560.000000	1400.88   	560.000000	1173.93   	560.000000	1542.81
580.000000	521186    	580.000000	514106    	580.000000	523169    	580.000000	524610    	580.000000	4327.8    	580.000000	2103.76   	580.000000	1468.06   	580.000000	1232.44   	580.000000	1622.8
600.000000	548702    	600.000000	541122    	600.000000	550663    	600.000000	552191    	600.000000	4519.08   	600.000000	2205.76   	600.000000	1535.39   	600.000000	1291.29   	600.000000	1703.39
620.000000	576565    	620.000000	568465    	620.000000	578483    	620.000000	580101    	620.000000	4710.15   	620.000000	2308.57   	620.000000	1602.82   	620.000000	1350.45   	620.000000	1784.54
640.000000	604760    	640.000000	596118    	640.000000	606614    	640.000000	608324    	640.000000	4900.89   	640.000000	2412.13   	640.000000	1670.31   	640.000000	1409.87   	640.000000	1866.2
660.000000	633272    	660.000000	624067    	660.000000	635042    	660.000000	636845    	660.000000	5091.26   	660.000000	2516.46   	660.000000	1737.83   	660.000000	1469.54   	660.000000	1948.31
680.000000	662087    	680.000000	652298    	680.000000	663754    	680.000000	665650    	680.000000	5281.18   	680.000000	2621.51   	680.000000	1805.35   	680.000000	1529.42   	680.000000	2030.84
700.000000	691191    	700.000000	680799    	700.000000	692735    	700.000000	694725    	700.000000	5470.56   	700.000000	2727.24   	700.000000	1872.84   	700.000000	1589.48   	700.000000	2113.74
720.000000	720572    	720.000000	709556    	720.000000	721973    	720.000000	724058    	720.000000	5659.32   	720.000000	2833.63   	720.000000	1940.26   	720.000000	1649.69   	720.000000	2196.96
740.000000	750217    	740.000000	738559    	740.000000	751454    	740.000000	753637    	740.000000	5847.39   	740.000000	2940.63   	740.000000	2007.6    	740.000000	1710.03   	740.000000	2280.47
760.000000	780116    	760.000000	767796    	760.000000	781169    	760.000000	783450    	760.000000	6034.73   	760.000000	3048.19   	760.000000	2074.83   	760.000000	1770.48   	760.000000	2364.24
780.000000	810256    	780.000000	797256    	780.000000	811107    	780.000000	813487    	780.000000	6221.32   	780.000000	3156.25   	780.000000	2141.93   	780.000000	1831.01   	780.000000	2448.23
800.000000	840627    	800.000000	826930    	800.000000	841259    	800.000000	843739    	800.000000	6407.12   	800.000000	3264.83   	800.000000	2208.89   	800.000000	1891.6    	800.000000	2532.41
820.000000	871218    	820.000000	856807    	820.000000	871615    	820.000000	874194    	820.000000	6592.08   	820.000000	3373.94   	820.000000	2275.69   	820.000000	1952.25   	820.000000	2616.76
840.000000	902020    	840.000000	886879    	840.000000	902162    	840.000000	904841    	840.000000	6776.11   	840.000000	3483.55   	840.000000	2342.3    	840.000000	2012.91   	840.000000	2701.24
860.000000	933024    	860.000000	917137    	860.000000	932888    	860.000000	935669    	860.000000	6959.12   	860.000000	3593.62   	860.000000	2408.69   	860.000000	2073.57   	860.000000	2785.8
880.000000	964220    	880.000000	947572    	880.000000	963786    	880.000000	966669    	880.000000	7141.1    	880.000000	3704.11   	880.000000	2474.87   	880.000000	2134.21   	880.000000	2870.42
900.000000	995600    	900.000000	978176    	900.000000	994847    	900.000000	997834    	900.000000	7322.04   	900.000000	3815      	900.000000	2540.8    	900.000000	2194.82   	900.000000	2955.09
920.000000	1.02716e+06	920.000000	1.00894e+06	920.000000	1.02606e+06	920.000000	1.02916e+06	920.000000	7501.93   	920.000000	3926.25   	920.000000	2606.49   	920.000000	2255.39   	920.000000	3039.78
940.000000	1.05888e+06	940.000000	1.03986e+06	940.000000	1.05743e+06	940.000000	1.06063e+06	940.000000	7680.76   	940.000000	4037.85   	940.000000	2671.93   	940.000000	2315.89   	940.000000	3124.47
960.000000	1.09076e+06	960.000000	1.07093e+06	960.000000	1.08894e+06	960.000000	1.09225e+06	960.000000	7858.54   	960.000000	4149.79   	960.000000	2737.11   	960.000000	2376.34   	960.000000	3209.15
980.000000	1.12279e+06	980.000000	1.10214e+06	980.000000	1.1206e+06	980.000000	1.124e+06 	980.000000	8035.26   	980.000000	4262.03   	980.000000	2802.03   	980.000000	2436.7    	980.000000	3293.8
1000.000000	1.15497e+06	1000.000000	1.13348e+06	1000.000000	1.15238e+06	1000.000000	1.15589e+06	1000.000000	8210.91   	1000.000000	4374.59   	1000.000000	2866.67   	1000.000000	2496.98   	1000.000000	3378.41
1020.000000	1.18729e+06	1020.000000	1.16495e+06	1020.000000	1.18429e+06	1020.000000	1.18791e+06	1020.000000	8385.47   	1020.000000	4487.46   	1020.000000	2931.02   	1020.000000	2557.16   	1020.000000	3462.96
1040.000000	1.21974e+06	1040.000000	1.19655e+06	1040.000000	1.21631e+06	1040.000000	1.22004e+06	1040.000000	8558.96   	1040.000000	4600.66   	1040.000000	2995.1    	1040.000000	2617.24   	1040.000000	3547.43
1060.000000	1.25232e+06	1060.000000	1.22826e+06	1060.000000	1.24846e+06	1060.000000	1.25229e+06	1060.000000	8731.34   	1060.000000	4714.18   	1060.000000	3058.88   	1060.000000	2677.2    	1060.000000	3631.81
1080.000000	1.28501e+06	1080.000000	1.26008e+06	1080.000000	1.28071e+06	1080.000000	1.28465e+06	1080.000000	8902.63   	1080.000000	4828.04   	1080.000000	3122.37   	1080.000000	2737.05   	1080.000000	3716.09
1100.000000	1.31782e+06	1100.000000	1.29201e+06	1100.000000	1.31306e+06	1100.000000	1.31711e+06	1100.000000	9072.82   	1100.000000	4942.22   	1100.000000	3185.55   	1100.000000	2796.76   	1100.000000	3800.26
1120.000000	1.35073e+06	1120.000000	1.32403e+06	1120.000000	1.34552e+06	1120.000000	1.34968e+06	1120.000000	9241.91   	1120.000000	5056.7    	1120.000000	3248.44   	1120.000000	2856.34   	1120.000000	3884.3
1140.000000	1.38375e+06	1140.000000	1.35616e+06	1140.000000	1.37807e+06	1140.000000	1.38234e+06	1140.000000	9409.93   	1140.000000	5171.48   	1140.000000	3311.02   	1140.000000	2915.77   	1140.000000	3968.21
1160.000000	1.41686e+06	1160.000000	1.38838e+06	1160.000000	1.41072e+06	1160.000000	1.4151e+06	1160.000000	9576.88   	1160.000000	5286.53   	1160.000000	3373.3    	1160.000000	2975.07   	1160.000000	4051.98
1180.000000	1.45007e+06	1180.000000	1.42068e+06	1180.000000	1.44345e+06	1180.000000	1.44794e+06	1180.000000	9742.76   	1180.000000	5401.83   	1180.000000	3435.27   	1180.000000	3034.22   	1180.000000	4135.61
1200.000000	1.48336e+06	1200.000000	1.45307e+06	1200.000000	1.47627e+06	1200.000000	1.48087e+06	1200.000000	9907.57   	1200.000000	5517.39   	1200.000000	3496.94   	1200.000000	3093.21   	1200.000000	4219.07
1220.000000	1.51673e+06	1220.000000	1.48553e+06	1220.000000	1.50917e+06	1220.000000	1.51388e+06	1220.000000	10071.3   	1220.000000	5633.19   	1220.000000	3558.3    	1220.000000	3152.05   	1220.000000	4302.37
1240.000000	1.55018e+06	1240.000000	1.51807e+06	1240.000000	1.54215e+06	1240.000000	1.54697e+06	1240.000000	10234     	1240.000000	5749.23   	1240.000000	3619.35   	1240.000000	3210.72   	1240.000000	4385.5
1260.000000	1.58371e+06	1260.000000	1.55068e+06	1260.000000	1.5752e+06	1260.000000	1.58013e+06	1260.000000	10395.6   	1260.000000	5865.5    	1260.000000	3680.09   	1260.000000	3269.23   	1260.000000	4468.45
1280.000000	1.6173e+06	1280.000000	1.58336e+06	1280.000000	1.60832e+06	1280.000000	1.61336e+06	1280.000000	10556.2   	1280.000000	5982.02   	1280.000000	3740.52   	1280.000000	3327.57   	1280.000000	4551.21
1300.000000	1.65096e+06	1300.000000	1.6161e+06	1300.000000	1.64151e+06	1300.000000	1.64667e+06	1300.000000	10715.7   	1300.000000	6098.76   	1300.000000	3800.63   	1300.000000	3385.73   	1300.000000	4633.78
1320.000000	1.68467e+06	1320.000000	1.64891e+06	1320.000000	1.67476e+06	1320.000000	1.68003e+06	1320.000000	10874.2   	1320.000000	6215.74   	1320.000000	3860.44   	1320.000000	3443.72   	1320.000000	4716.16
1340.000000	1.71845e+06	1340.000000	1.68177e+06	1340.000000	1.70807e+06	1340.000000	1.71346e+06	1340.000000	11031.7   	1340.000000	6332.94   	1340.000000	3919.94   	1340.000000	3501.53   	1340.000000	4798.33
1360.000000	1.75227e+06	1360.000000	1.71468e+06	1360.000000	1.74145e+06	1360.000000	1.74695e+06	1360.000000	11188.1   	1360.000000	6450.37   	1360.000000	3979.13   	1360.000000	3559.17   	1360.000000	4880.3
1380.000000	1.78615e+06	1380.000000	1.74765e+06	1380.000000	1.77488e+06	1380.000000	1.78049e+06	1380.000000	11343.6   	1380.000000	6568.02   	1380.000000	4038.01   	1380.000000	3616.62   	1380.000000	4962.06
1400.000000	1.82007e+06	1400.000000	1.78066e+06	1400.000000	1.80836e+06	1400.000000	1.81409e+06	1400.000000	11498     	1400.000000	6685.9    	1400.000000	4096.59   	1400.000000	3673.89   	1400.000000	5043.61
1420.000000	1.85404e+06	1420.000000	1.81372e+06	1420.000000	1.8419e+06	1420.000000	1.84775e+06	1420.000000	11651.5   	1420.000000	6803.99   	1420.000000	4154.87   	1420.000000	3730.97   	1420.000000	5124.95
1440.000000	1.88804e+06	1440.000000	1.84682e+06	1440.000000	1.87549e+06	1440.000000	1.88145e+06	1440.000000	11804     	1440.000000	6922.31   	1440.000000	4212.84   	1440.000000	3787.87   	1440.000000	5206.07
1460.000000	1.92208e+06	1460.000000	1.87997e+06	1460.000000	1.90912e+06	1460.000000	1.9152e+06	1460.000000	11955.5   	1460.000000	7040.85   	1460.000000	4270.51   	1460.000000	3844.58   	1460.000000	5286.96
1480.000000	1.95615e+06	1480.000000	1.91315e+06	1480.000000	1.94281e+06	1480.000000	1.94899e+06	1480.000000	12106.1   	1480.000000	7159.61   	1480.000000	4327.87   	1480.000000	3901.11   	1480.000000	5367.63
1500.000000	1.99025e+06	1500.000000	1.94636e+06	1500.000000	1.97653e+06	1500.000000	1.98283e+06	1500.000000	12255.7   	1500.000000	7278.58   	1500.000000	4384.94   	1500.000000	3957.44   	1500.000000	5448.08
1520.000000	2.02438e+06	1520.000000	1.97961e+06	1520.000000	2.0103e+06	1520.000000	2.01671e+06	1520.000000	12404.4   	1520.000000	7397.77   	1520.000000	4441.72   	1520.000000	4013.59   	1520.000000	5528.29
1540.000000	2.05853e+06	1540.000000	2.01288e+06	1540.000000	2.04411e+06	1540.000000	2.05063e+06	1540.000000	12552.1   	1540.000000	7517.17   	1540.000000	4498.19   	1540.000000	4069.54   	1540.000000	5608.28
1560.000000	2.09271e+06	1560.000000	2.04619e+06	1560.000000	2.07795e+06	1560.000000	2.08459e+06	1560.000000	12698.9   	1560.000000	7636.78   	1560.000000	4554.38   	1560.000000	4125.3    	1560.000000	5688.03
1580.000000	2.1269e+06	1580.000000	2.07952e+06	1580.000000	2.11183e+06	1580.000000	2.11859e+06	1580.000000	12844.8   	1580.000000	7756.57   	1580.000000	4610.27   	1580.000000	4180.87   	1580.000000	5767.55
1600.000000	2.16111e+06	1600.000000	2.11288e+06	1600.000000	2.14575e+06	1600.000000	2.15262e+06	1600.000000	12989.8   	1600.000000	7876.56   	1600.000000	4665.87   	1600.000000	4236.24   	1600.000000	5846.83
1620.000000	2.19533e+06	1620.000000	2.14625e+06	1620.000000	2.1797e+06	1620.000000	2.18668e+06	1620.000000	13133.9   	1620.000000	7996.73   	1620.000000	4721.18   	1620.000000	4291.42   	1620.000000	5925.87
1640.000000	2.22957e+06	1640.000000	2.17965e+06	1640.000000	2.21368e+06	1640.000000	2.22077e+06	1640.000000	13277     	1640.000000	8117.08   	1640.000000	4776.2    	1640.000000	4346.41   	1640.000000	6004.67
1660.000000	2.26381e+06	1660.000000	2.21307e+06	1660.000000	2.24768e+06	1660.000000	2.2549e+06	1660.000000	13419.3   	1660.000000	8237.6    	1660.000000	4830.94   	1660.000000	4401.2    	1660.000000	6083.23
1680.000000	2.29806e+06	1680.000000	2.2465e+06	1680.000000	2.28172e+06	1680.000000	2.28905e+06	1680.000000	13560.8   	1680.000000	8358.28   	1680.000000	4885.4    	1680.000000	4455.79   	1680.000000	6161.54
1700.000000	2.33232e+06	1700.000000	2.27994e+06	1700.000000	2.31579e+06	1700.000000	2.32323e+06	1700.000000	13701.3   	1700.000000	8479.12   	1700.000000	4939.57   	1700.000000	4510.19   	1700.000000	6239.62
1750.000000	2.41796e+06	1750.000000	2.36361e+06	1750.000000	2.40106e+06	1750.000000	2.40879e+06	1750.000000	14049     	1750.000000	8781.95   	1750.000000	5073.79   	1750.000000	4645.35   	1750.000000	6433.73
1800.000000	2.50359e+06	1800.000000	2.44733e+06	1800.000000	2.48647e+06	1800.000000	2.49449e+06	1800.000000	14391.5   	1800.000000	9085.81   	1800.000000	5206.31   	1800.000000	4779.28   	1800.000000	6626.32
1850.000000	2.58918e+06	1850.000000	2.53109e+06	1850.000000	2.572e+06 	1850.000000	2.58031e+06	1850.000000	14728.9   	1850.000000	9390.75   	1850.000000	5337.14   	1850.000000	4912.01   	1850.000000	6817.37
1900.000000	2.6747e+06	1900.000000	2.61486e+06	1900.000000	2.65764e+06	1900.000000	2.66624e+06	1900.000000	15061.4   	1900.000000	9696.81   	1900.000000	5466.34   	1900.000000	5043.54   	1900.000000	7006.89
1950.000000	2.76013e+06	1950.000000	2.69862e+06	1950.000000	2.74338e+06	1950.000000	2.75227e+06	1950.000000	15389.1   	1950.000000	10004     	1950.000000	5593.94   	1950.000000	5173.88   	1950.000000	7194.89
2000.000000	2.84544e+06	2000.000000	2.78235e+06	2000.000000	2.82919e+06	2000.000000	2.83838e+06	2000.000000	15712.1   	2000.000000	10312.3   	2000.000000	5719.97   	2000.000000	5303.04   	2000.000000	7381.36
2100.000000	3.01562e+06	2100.000000	2.94967e+06	2100.000000	3.00102e+06	2100.000000	3.01078e+06	2100.000000	16344.8   	2100.000000	10932.4   	2100.000000	5967.47   	2100.000000	5557.86   	2100.000000	7749.79
2200.000000	3.18511e+06	2200.000000	3.11669e+06	2200.000000	3.17304e+06	2200.000000	3.18338e+06	2200.000000	16960.3   	2200.000000	11557     	2200.000000	6209.1    	2200.000000	5808.11   	2200.000000	8112.24
2300.000000	3.35376e+06	2300.000000	3.28333e+06	2300.000000	3.34518e+06	2300.000000	3.35608e+06	2300.000000	17559.6   	2300.000000	12185.8   	2300.000000	6445.12   	2300.000000	6053.89   	2300.000000	8468.83
2400.000000	3.52148e+06	2400.000000	3.44948e+06	2400.000000	3.51737e+06	2400.000000	3.52884e+06	2400.000000	18143.6   	2400.000000	12818.7   	2400.000000	6675.79   	2400.000000	6295.32   	2400.000000	8819.65
2500.000000	3.68816e+06	2500.000000	3.61508e+06	2500.000000	3.68956e+06	2500.000000	3.7016e+06	2500.000000	18712.9   	2500.000000	13455.5   	2500.000000	6901.34   	2500.000000	6532.51   	2500.000000	9164.85
2600.000000	3.85373e+06	2600.000000	3.78005e+06	2600.000000	3.86171e+06	2600.000000	3.87431e+06	2600.000000	19268.3   	2600.000000	14096.2   	2600.000000	7122      	2600.000000	6765.58   	2600.000000	9504.55
2700.000000	4.01812e+06	2700.000000	3.94435e+06	2700.000000	4.03377e+06	2700.000000	4.04695e+06	2700.000000	19810.6   	2700.000000	14740.6   	2700.000000	7337.98   	2700.000000	6994.66   	2700.000000	9838.88
2800.000000	4.18126e+06	2800.000000	4.10792e+06	2800.000000	4.20573e+06	2800.000000	4.21947e+06	2800.000000	20340.3   	2800.000000	15388.7   	2800.000000	7549.5    	2800.000000	7219.87   	2800.000000	10168
2900.000000	4.34312e+06	2900.000000	4.27073e+06	2900.000000	4.37754e+06	2900.000000	4.39185e+06	2900.000000	20858.2   	2900.000000	16040.5   	2900.000000	7756.74   	2900.000000	7441.32   	2900.000000	10492
3000.000000	4.50364e+06	3000.000000	4.43274e+06	3000.000000	4.5492e+06	3000.000000	4.56408e+06	3000.000000	21364.7   	3000.000000	16696     	3000.000000	7959.91   	3000.000000	7659.15   	3000.000000	10811.2
3200.000000	4.82058e+06	3200.000000	4.75425e+06	3200.000000	4.89197e+06	3200.000000	4.90798e+06	3200.000000	22346     	3200.000000	18017.9   	3200.000000	8354.7    	3200.000000	8084.37   	3200.000000	11435.2
3400.000000	5.13188e+06	3400.000000	5.07227e+06	3400.000000	5.23392e+06	3400.000000	5.25105e+06	3400.000000	23288.1   	3400.000000	19354.4   	3400.000000	8735.16   	3400.000000	8496.42   	3400.000000	12041.2
3600.000000	5.43741e+06	3600.000000	5.38667e+06	3600.000000	5.57498e+06	3600.000000	5.59321e+06	3600.000000	24194.4   	3600.000000	20705.5   	3600.000000	9102.47   	3600.000000	8896.11   	3600.000000	12630.3
3800.000000	5.73712e+06	3800.000000	5.69738e+06	3800.000000	5.91508e+06	3800.000000	5.9344e+06	3800.000000	25067.9   	3800.000000	22071.3   	3800.000000	9457.65   	3800.000000	9284.24   	3800.000000	13203.3
4000.000000	6.03099e+06	4000.000000	6.00434e+06	4000.000000	6.25419e+06	4000.000000	6.27459e+06	4000.000000	25911.3   	4000.000000	23451.6   	4000.000000	9801.65   	4000.000000	9661.49   	4000.000000	13761.3
4200.000000	6.31905e+06	4200.000000	6.30754e+06	4200.000000	6.59229e+06	4200.000000	6.61376e+06	4200.000000	26726.7   	4200.000000	24846.3   	4200.000000	10135.3   	4200.000000	10028.5   	4200.000000	14305.1
4400.000000	6.60133e+06	4400.000000	6.60697e+06	4400.000000	6.92936e+06	4400.000000	6.9519e+06	4400.000000	27516.5   	4400.000000	26255.2   	4400.000000	10459.4   	4400.000000	10386     	4400.000000	14835.5
4600.000000	6.87792e+06	4600.000000	6.90265e+06	4600.000000	7.26541e+06	4600.000000	7.289e+06 	4600.000000	28282.4   	4600.000000	27678.2   	4600.000000	10774.5   	4600.000000	10734.4   	4600.000000	15353.2
4800.000000	7.14889e+06	4800.000000	7.19461e+06	4800.000000	7.60044e+06	4800.000000	7.62508e+06	4800.000000	29026     	4800.000000	29115     	4800.000000	11081.4   	4800.000000	11074.3   	4800.000000	15859
5000.000000	7.41435e+06	5000.000000	7.48289e+06	5000.000000	7.93445e+06	5000.000000	7.96013e+06	5000.000000	29749     	5000.000000	30565.5   	5000.000000	11380.5   	5000.000000	11406.2   	5000.000000	16353.5
5250.000000	7.73858e+06	5250.000000	7.83813e+06	5250.000000	8.35057e+06	5250.000000	8.37753e+06	5250.000000	30625.6   	5250.000000	32397.6   	5250.000000	11744.2   	5250.000000	11810.5   	5250.000000	16956.7
5500.000000	8.05459e+06	5500.000000	8.18779e+06	5500.000000	8.76514e+06	5500.000000	8.79338e+06	5500.000000	31474.4   	5500.000000	34250.4   	5500.000000	12097.6   	5500.000000	12203.7   	5500.000000	17544.2
6000.000000	8.66284e+06	6000.000000	8.87081e+06	6000.000000	9.58984e+06	6000.000000	9.62059e+06	6000.000000	33096.4   	6000.000000	38016.6   	6000.000000	12776.3   	6000.000000	12959.8   	6000.000000	18676.3
6500.000000	9.24099e+06	6500.000000	9.53292e+06	6500.000000	1.04088e+07	6500.000000	1.0442e+07	6500.000000	34629.3   	6500.000000	41861.7   	6500.000000	13422.1   	6500.000000	13679.6   	6500.000000	19756.6
7000.000000	9.79093e+06	7000.000000	1.01751e+07	7000.000000	1.12224e+07	7000.000000	1.1258e+07	7000.000000	36084.5   	7000.000000	45784.1   	7000.000000	14039.3   	7000.000000	14367.5   	7000.000000	20791.3
7500.000000	1.03145e+07	7500.000000	1.07983e+07	7500.000000	1.20308e+07	7500.000000	1.20689e+07	7500.000000	37471.2   	7500.000000	49778.1   	7500.000000	14631.8   	7500.000000	15027     	7500.000000	21785.1
8000.000000	1.08133e+07	8000.000000	1.14036e+07	8000.000000	1.28344e+07	8000.000000	1.28748e+07	8000.000000	38797.3   	8000.000000	53842.1   	8000.000000	15202.5   	8000.000000	15661.3   	8000.000000	22742.6
8500.000000	1.12891e+07	8500.000000	1.19917e+07	8500.000000	1.36334e+07	8500.000000	1.36762e+07	8500.000000	40069.1   	8500.000000	57978     	8500.000000	15754     	8500.000000	16272.8   	8500.000000	23667.2
9000.000000	1.17432e+07	9000.000000	1.25637e+07	9000.000000	1.44281e+07	9000.000000	1.44732e+07	9000.000000	41292.2   	9000.000000	62184.4   	9000.000000	16288.5   	9000.000000	16864     	9000.000000	24562.3
9500.000000	1.21772e+07	9500.000000	1.31203e+07	9500.000000	1.52188e+07	9500.000000	1.52661e+07	9500.000000	42471.1   	9500.000000	66459.3   	9500.000000	16807.9   	9500.000000	17436.8   	9500.000000	25430.6
10000.000000	1.25923e+07	10000.000000	1.36623e+07	10000.000000	1.60055e+07	10000.000000	1.60551e+07	10000.000000	43609.8   	10000.000000	70800.8   	10000.000000	17313.8   	10000.000000	17992.9   	10000.000000	26274.5
11000.000000	1.33705e+07	11000.000000	1.47054e+07	11000.000000	1.75681e+07	11000.000000	1.76222e+07	11000.000000	45779.8   	11000.000000	79678.3   	11000.000000	18290.2   	11000.000000	19060.7   	11000.000000	27897.5
12000.000000	1.40862e+07	12000.000000	1.56981e+07	12000.000000	1.91174e+07	12000.000000	1.91758e+07	12000.000000	47825.2   	12000.000000	88808.9   	12000.000000	19226.9   	12000.000000	20077.5   	12000.000000	29445.8
13000.000000	1.47467e+07	13000.000000	1.66451e+07	13000.000000	2.06546e+07	13000.000000	2.07172e+07	13000.000000	49763.7   	13000.000000	98182.3   	13000.000000	20130.7   	13000.000000	21051.4   	13000.000000	30930.7
14000.000000	1.5358e+07	14000.000000	1.75505e+07	14000.000000	2.21808e+07	14000.000000	2.22474e+07	14000.000000	51609.1   	14000.000000	107786    	14000.000000	21007     	14000.000000	21988.5   	14000.000000	32361.4
15000.000000	1.59256e+07	15000.000000	1.84177e+07	15000.000000	2.36966e+07	15000.000000	2.37673e+07	15000.000000	53372.4   	15000.000000	117607    	15000.000000	21859.9   	15000.000000	22894     	15000.000000	33745.1
16000.000000	1.64539e+07	16000.000000	1.92498e+07	16000.000000	2.5203e+07	16000.000000	2.52778e+07	16000.000000	55062.9   	16000.000000	127640    	16000.000000	22692.8   	16000.000000	23772     	16000.000000	35088.1
17000.000000	1.6947e+07	17000.000000	2.00497e+07	17000.000000	2.67007e+07	17000.000000	2.67794e+07	17000.000000	56688.4   	17000.000000	137878    	17000.000000	23508.4   	17000.000000	24625.9   	17000.000000	36395.2
18000.000000	1.74082e+07	18000.000000	2.08198e+07	18000.000000	2.81902e+07	18000.000000	2.82728e+07	18000.000000	58255.6   	18000.000000	148320    	18000.000000	24308.8   	18000.000000	25458.6   	18000.000000	37670.8
19000.000000	1.78406e+07	19000.000000	2.15622e+07	19000.000000	2.96721e+07	19000.000000	2.97586e+07	19000.000000	59769.8   	19000.000000	158961    	19000.000000	25095.9   	19000.000000	26272.6   	19000.000000	38918.5
20000.000000	1.82467e+07	20000.000000	2.2279e+07	20000.000000	3.1147e+07	20000.000000	3.12372e+07	20000.000000	61236.1   	20000.000000	169799    	20000.000000	25871.1   	20000.000000	27069.8   	20000.000000	40141.4
21000.000000	1.8629e+07	21000.000000	2.29718e+07	21000.000000	3.26152e+07	21000.000000	3.2709e+07	21000.000000	62658.3   	21000.000000	180829    	21000.000000	26635.6   	21000.000000	27852     	21000.000000	41341.8
22000.000000	1.89893e+07	22000.000000	2.36423e+07	22000.000000	3.40772e+07	22000.000000	3.41745e+07	22000.000000	64039.9   	22000.000000	192035    	22000.000000	27390.3   	22000.000000	28620.7   	22000.000000	42522
23000.000000	1.93297e+07	23000.000000	2.42919e+07	23000.000000	3.55332e+07	23000.000000	3.56339e+07	23000.000000	65383.9   	23000.000000	203413    	23000.000000	28136     	23000.000000	29377     	23000.000000	43683.9
24000.000000	1.96516e+07	24000.000000	2.49219e+07	24000.000000	3.69835e+07	24000.000000	3.70876e+07	24000.000000	66693.1   	24000.000000	214965    	24000.000000	28873.4   	24000.000000	30122     	24000.000000	44829.1
25000.000000	1.99566e+07	25000.000000	2.55334e+07	25000.000000	3.84284e+07	25000.000000	3.85359e+07	25000.000000	67969.9   	25000.000000	226686    	25000.000000	29603.2   	25000.000000	30856.7   	25000.000000	45958.9
26000.000000	2.0246e+07	26000.000000	2.61275e+07	26000.000000	3.98683e+07	26000.000000	3.99791e+07	26000.000000	69216.6   	26000.000000	238565    	26000.000000	30325.6   	26000.000000	31581.8   	26000.000000	47074.5
27000.000000	2.05208e+07	27000.000000	2.67053e+07	27000.000000	4.13033e+07	27000.000000	4.14173e+07	27000.000000	70435.1   	27000.000000	250601    	27000.000000	31041.2   	27000.000000	32298     	27000.000000	48177.1
28000.000000	2.07822e+07	28000.000000	2.72676e+07	28000.000000	4.27338e+07	28000.000000	4.28509e+07	28000.000000	71627.2   	28000.000000	262792    	28000.000000	31750.3   	28000.000000	33006     	28000.000000	49267.6
29000.000000	2.1031e+07	29000.000000	2.78153e+07	29000.000000	4.41598e+07	29000.000000	4.428e+07 	29000.000000	72794.3   	29000.000000	275136    	29000.000000	32453.2   	29000.000000	33706.3   	29000.000000	50346.7
30000.000000	2.12683e+07	30000.000000	2.83491e+07	30000.000000	4.55816e+07	30000.000000	4.57048e+07	30000.000000	73938     	30000.000000	287631    	30000.000000	33150.1   	30000.000000	34399.3   	30000.000000	51415.2
32000.000000	2.17111e+07	32000.000000	2.93778e+07	32000.000000	4.84132e+07	32000.000000	4.85421e+07	32000.000000	76160.2   	32000.000000	313066    	32000.000000	34526.7   	32000.000000	35765     	32000.000000	53522.7
34000.000000	2.21159e+07	34000.000000	3.03587e+07	34000.000000	5.12299e+07	34000.000000	5.13642e+07	34000.000000	78302.7   	34000.000000	339080    	34000.000000	35881.7   	34000.000000	37106     	34000.000000	55594.2
36000.000000	2.24873e+07	36000.000000	3.12963e+07	36000.000000	5.40327e+07	36000.000000	5.41722e+07	36000.000000	80373.2   	36000.000000	365651    	36000.000000	37215.9   	36000.000000	38424.4   	36000.000000	57633.1
38000.000000	2.28294e+07	38000.000000	3.21943e+07	38000.000000	5.68225e+07	38000.000000	5.6967e+07	38000.000000	82378.3   	38000.000000	392751    	38000.000000	38529.9   	38000.000000	39721.5   	38000.000000	59641.5
40000.000000	2.31452e+07	40000.000000	3.3056e+07	40000.000000	5.96004e+07	40000.000000	5.97495e+07	40000.000000	84323.6   	40000.000000	420353    	40000.000000	39824.3   	40000.000000	40998.7   	40000.000000	61621.5
42000.000000	2.34378e+07	42000.000000	3.38843e+07	42000.000000	6.23669e+07	42000.000000	6.25204e+07	42000.000000	86214.1   	42000.000000	448436    	42000.000000	41099.9   	42000.000000	42257.3   	42000.000000	63574.9
44000.000000	2.37094e+07	44000.000000	3.46818e+07	44000.000000	6.51229e+07	44000.000000	6.52805e+07	44000.000000	88054     	44000.000000	476987    	44000.000000	42357.1   	44000.000000	43498.2   	44000.000000	65503.2
46000.000000	2.39622e+07	46000.000000	3.54507e+07	46000.000000	6.78689e+07	46000.000000	6.80302e+07	46000.000000	89847.1   	46000.000000	505993    	46000.000000	43596.3   	46000.000000	44722.1   	46000.000000	67407.4
48000.000000	2.41981e+07	48000.000000	3.6193e+07	48000.000000	7.06054e+07	48000.000000	7.07703e+07	48000.000000	91596.6   	48000.000000	535444    	48000.000000	44818     	48000.000000	45929.7   	48000.000000	69288.5
50000.000000	2.44186e+07	50000.000000	3.69107e+07	50000.000000	7.3333e+07	50000.000000	7.35011e+07	50000.000000	93305.5   	50000.000000	565331    	50000.000000	46022.7   	50000.000000	47121.6   	50000.000000	71147.4
