Energy (MeV/u)1	0 - [He-base] F.Hubert et al, AD&ND Tables 46(1990)1	Energy (MeV/u)2	1 - [H -base] J.F.Ziegler et al, Pergamon Press, NY (low energy)	Energy (MeV/u)3	2 - ATIMA 1.2  LS-theory (recommended for high energy)	Energy (MeV/u)4	3 - ATIMA 1.2  without LS-correction	Energy (MeV/u)5	4 - electrical component of [1] - J.F.Ziegler et al	Energy (MeV/u)6	5 - nuclear component of [1] - J.F.Ziegler et al	
0.001000	0.0813528 	0.001000	0.0757892 	0.001000	0.0998392 	0.001000	0.0998392 	0.001000	0.0373717 	0.001000	0.0384175 	
0.002000	0.0938585 	0.002000	0.0819444 	0.002000	0.10789   	0.002000	0.10789   	0.002000	0.0547154 	0.002000	0.027229  	
0.005000	0.130962  	0.005000	0.106196  	0.005000	0.131672  	0.005000	0.131672  	0.005000	0.0905683 	0.005000	0.0156274 	
0.008000	0.162418  	0.008000	0.128631  	0.008000	0.151416  	0.008000	0.151416  	0.008000	0.117285  	0.008000	0.0113466 	
0.010000	0.181171  	0.010000	0.142241  	0.010000	0.16286   	0.010000	0.16286   	0.010000	0.1326    	0.010000	0.00964164	
0.015000	0.212644  	0.015000	0.169151  	0.015000	0.186746  	0.015000	0.186746  	0.015000	0.161995  	0.015000	0.00715661	
0.020000	0.237341  	0.020000	0.186873  	0.020000	0.208497  	0.020000	0.208497  	0.020000	0.181108  	0.020000	0.00576484	
0.025000	0.264221  	0.025000	0.206883  	0.025000	0.229233  	0.025000	0.229233  	0.025000	0.202025  	0.025000	0.00485846	
0.030000	0.286019  	0.030000	0.225207  	0.030000	0.246837  	0.030000	0.246837  	0.030000	0.22099   	0.030000	0.00421661	
0.035000	0.303455  	0.035000	0.241777  	0.035000	0.263349  	0.035000	0.263349  	0.035000	0.238041  	0.035000	0.00373591	
0.040000	0.316831  	0.040000	0.25711   	0.040000	0.278842  	0.040000	0.278842  	0.040000	0.253749  	0.040000	0.00336115	
0.045000	0.326362  	0.045000	0.271242  	0.045000	0.29337   	0.045000	0.29337   	0.045000	0.268182  	0.045000	0.00306   	
0.050000	0.33232   	0.050000	0.284206  	0.050000	0.306976  	0.050000	0.306976  	0.050000	0.281393  	0.050000	0.00281221	
0.055000	0.345538  	0.055000	0.298481  	0.055000	0.319697  	0.055000	0.319697  	0.055000	0.295877  	0.055000	0.00260443	
0.060000	0.356529  	0.060000	0.311838  	0.060000	0.331567  	0.060000	0.331567  	0.060000	0.30941   	0.060000	0.00242746	
0.070000	0.372541  	0.070000	0.335852  	0.070000	0.352888  	0.070000	0.352888  	0.070000	0.333711  	0.070000	0.00214151	
0.080000	0.389706  	0.080000	0.356028  	0.080000	0.371197  	0.080000	0.371197  	0.080000	0.354108  	0.080000	0.00191994	
0.090000	0.402078  	0.090000	0.372944  	0.090000	0.386752  	0.090000	0.386752  	0.090000	0.371202  	0.090000	0.00174277	
0.100000	0.411211  	0.100000	0.386889  	0.100000	0.399809  	0.100000	0.399809  	0.100000	0.385292  	0.100000	0.0015976 	
0.120000	0.417009  	0.120000	0.413019  	0.120000	0.419424  	0.120000	0.419424  	0.120000	0.411646  	0.120000	0.0013733 	
0.140000	0.418016  	0.140000	0.430485  	0.140000	0.431917  	0.140000	0.431917  	0.140000	0.429277  	0.140000	0.00120754	
0.160000	0.418049  	0.160000	0.442281  	0.160000	0.438921  	0.160000	0.438921  	0.160000	0.441201  	0.160000	0.00107965	
0.180000	0.417537  	0.180000	0.448543  	0.180000	0.441797  	0.180000	0.441797  	0.180000	0.447565  	0.180000	0.000977766	
0.200000	0.418642  	0.200000	0.453052  	0.200000	0.441632  	0.200000	0.441632  	0.200000	0.452158  	0.200000	0.000894543	
0.250000	0.410073  	0.250000	0.45244   	0.250000	0.433024  	0.250000	0.433024  	0.250000	0.4517    	0.250000	0.000740293	
0.300000	0.408733  	0.300000	0.452968  	0.300000	0.421554  	0.300000	0.421554  	0.300000	0.452334  	0.300000	0.000633701	
0.350000	0.403981  	0.350000	0.446842  	0.350000	0.408236  	0.350000	0.408236  	0.350000	0.446286  	0.350000	0.000555339	
0.400000	0.397161  	0.400000	0.438172  	0.400000	0.39382   	0.400000	0.39382   	0.400000	0.437676  	0.400000	0.000495144	
0.450000	0.388185  	0.450000	0.42751   	0.450000	0.379181  	0.450000	0.379181  	0.450000	0.427063  	0.450000	0.000447359	
0.500000	0.379458  	0.500000	0.417854  	0.500000	0.365559  	0.500000	0.365559  	0.500000	0.417446  	0.500000	0.000408445	
0.600000	0.348238  	0.600000	0.388693  	0.600000	0.341514  	0.600000	0.341514  	0.600000	0.388344  	0.600000	0.000348765	
0.700000	0.316982  	0.700000	0.360757  	0.700000	0.321181  	0.700000	0.321181  	0.700000	0.360452  	0.700000	0.000305026	
0.800000	0.303169  	0.800000	0.340502  	0.800000	0.30374   	0.800000	0.30374   	0.800000	0.34023   	0.800000	0.000271509	
0.900000	0.288454  	0.900000	0.32027   	0.900000	0.288516  	0.900000	0.288516  	0.900000	0.320025  	0.900000	0.000244956	
1.000000	0.273848  	1.000000	0.300819  	1.000000	0.274316  	1.000000	0.274316  	1.000000	0.300596  	1.000000	0.000223371	
1.250000	0.240349  	1.250000	0.265045  	1.250000	0.245394  	1.250000	0.245394  	1.250000	0.264861  	1.250000	0.000183629	
1.500000	0.208676  	1.500000	0.230634  	1.500000	0.222667  	1.500000	0.222667  	1.500000	0.230478  	1.500000	0.000156382	
1.750000	0.185463  	1.750000	0.206164  	1.750000	0.203909  	1.750000	0.203909  	1.750000	0.206027  	1.750000	0.000136475	
2.000000	0.167514  	2.000000	0.187637  	2.000000	0.188038  	2.000000	0.188038  	2.000000	0.187516  	2.000000	0.00012126	
2.250000	0.153343  	2.250000	0.171882  	2.250000	0.174358  	2.250000	0.174358  	2.250000	0.171773  	2.250000	0.000109233	
2.500000	0.136856  	2.500000	0.158941  	2.500000	0.162462  	2.500000	0.162462  	2.500000	0.158841  	2.500000	9.94741e-05	
3.000000	0.120251  	3.000000	0.138689  	3.000000	0.142854  	3.000000	0.142854  	3.000000	0.138604  	3.000000	8.4574e-05	
3.500000	0.107454  	3.500000	0.12336   	3.500000	0.127445  	3.500000	0.127445  	3.500000	0.123286  	3.500000	7.37088e-05	
4.000000	0.0972743 	4.000000	0.111248  	4.000000	0.115074  	4.000000	0.115074  	4.000000	0.111182  	4.000000	6.54174e-05	
4.500000	0.0889714 	4.500000	0.1014    	4.500000	0.104954  	4.500000	0.104954  	4.500000	0.101341  	4.500000	5.88719e-05	
5.000000	0.0820626 	5.000000	0.0932238 	5.000000	0.0965386 	5.000000	0.0965386 	5.000000	0.0931702 	5.000000	5.35669e-05	
5.500000	0.0762187 	5.500000	0.0864069 	5.500000	0.0894362 	5.500000	0.0894362 	5.500000	0.0863577 	5.500000	4.91759e-05	
6.000000	0.0712073 	6.000000	0.0805738 	6.000000	0.0833643 	6.000000	0.0833643 	6.000000	0.0805283 	6.000000	4.54785e-05	
6.500000	0.0668594 	6.500000	0.0755239 	6.500000	0.0781138 	6.500000	0.0781138 	6.500000	0.0754815 	6.500000	4.23204e-05	
7.000000	0.0630494 	7.000000	0.0711076 	7.000000	0.0735277 	7.000000	0.0735277 	7.000000	0.071068  	7.000000	3.959e-05 	
7.500000	0.0596817 	7.500000	0.0672113 	7.500000	0.069486  	7.500000	0.069486  	7.500000	0.067174  	7.500000	3.72048e-05	
8.000000	0.0566821 	8.000000	0.0637468 	8.000000	0.0658958 	8.000000	0.0658958 	8.000000	0.0637117 	8.000000	3.51023e-05	
8.500000	0.0539925 	8.500000	0.060645  	8.500000	0.0626841 	8.500000	0.0626841 	8.500000	0.0606117 	8.500000	3.32345e-05	
9.000000	0.0515664 	9.000000	0.0578507 	9.000000	0.0597928 	9.000000	0.0597928 	9.000000	0.0578191 	9.000000	3.15636e-05	
9.500000	0.0493662 	9.500000	0.0553195 	9.500000	0.0571753 	9.500000	0.0571753 	9.500000	0.0552894 	9.500000	3.00596e-05	
10.000000	0.0473612 	10.000000	0.0546373 	10.000000	0.0547933 	10.000000	0.0547933 	10.000000	0.0546086 	10.000000	2.86983e-05	
11.000000	0.0438398 	11.000000	0.0505843 	11.000000	0.0505692 	11.000000	0.0505771 	11.000000	0.0505579 	11.000000	2.63288e-05	
12.000000	0.0408455 	12.000000	0.0471317 	12.000000	0.0469938 	12.000000	0.0470067 	12.000000	0.0471074 	12.000000	2.4335e-05	
13.000000	0.0382665 	13.000000	0.0441538 	13.000000	0.0439271 	13.000000	0.043943  	13.000000	0.0441311 	13.000000	2.26332e-05	
14.000000	0.0360206 	14.000000	0.0415575 	14.000000	0.0412672 	14.000000	0.0412843 	14.000000	0.0415364 	14.000000	2.11628e-05	
15.000000	0.0340462 	15.000000	0.0392731 	15.000000	0.0389379 	15.000000	0.038955  	15.000000	0.0392532 	15.000000	1.9879e-05	
16.000000	0.0322961 	16.000000	0.0372466 	16.000000	0.0368804 	16.000000	0.0368972 	16.000000	0.0372278 	16.000000	1.8748e-05	
17.000000	0.0307335 	17.000000	0.0354361 	17.000000	0.0350497 	17.000000	0.0350662 	17.000000	0.0354183 	17.000000	1.77437e-05	
18.000000	0.0293293 	18.000000	0.0338083 	18.000000	0.0334112 	18.000000	0.0334266 	18.000000	0.0337914 	18.000000	1.68457e-05	
19.000000	0.0280602 	19.000000	0.0323364 	19.000000	0.0319361 	19.000000	0.0319502 	19.000000	0.0323204 	19.000000	1.60377e-05	
20.000000	0.0269072 	20.000000	0.0309988 	20.000000	0.0306005 	20.000000	0.030614  	20.000000	0.0309835 	20.000000	1.53066e-05	
21.000000	0.0258549 	21.000000	0.0297775 	21.000000	0.0293864 	21.000000	0.0293995 	21.000000	0.0297629 	21.000000	1.46419e-05	
22.000000	0.0248904 	22.000000	0.0286579 	22.000000	0.0282795 	22.000000	0.028291  	22.000000	0.0286439 	22.000000	1.40348e-05	
23.000000	0.0240029 	23.000000	0.0276275 	23.000000	0.0272665 	23.000000	0.0272756 	23.000000	0.0276141 	23.000000	1.3478e-05	
24.000000	0.0231834 	24.000000	0.026676  	24.000000	0.0263351 	24.000000	0.0263425 	24.000000	0.026663  	24.000000	1.29654e-05	
25.000000	0.0224243 	25.000000	0.0257944 	25.000000	0.0254759 	25.000000	0.0254824 	25.000000	0.0257819 	25.000000	1.24919e-05	
27.000000	0.0210617 	27.000000	0.024212  	27.000000	0.0239463 	27.000000	0.0239507 	27.000000	0.0242004 	27.000000	1.16453e-05	
29.000000	0.019873  	29.000000	0.0228316 	29.000000	0.0226279 	29.000000	0.0226298 	29.000000	0.0228207 	29.000000	1.09103e-05	
31.000000	0.0188264 	31.000000	0.0216162 	31.000000	0.0214586 	31.000000	0.0214581 	31.000000	0.0216059 	31.000000	1.02658e-05	
33.000000	0.0178973 	33.000000	0.0205375 	33.000000	0.0204017 	33.000000	0.0203989 	33.000000	0.0205278 	33.000000	9.69597e-06	
35.000000	0.0170666 	35.000000	0.0195735 	35.000000	0.0194561 	35.000000	0.0194514 	35.000000	0.0195643 	35.000000	9.18836e-06	
38.000000	0.015973  	38.000000	0.0183047 	38.000000	0.0182103 	38.000000	0.0182031 	38.000000	0.0182962 	38.000000	8.52275e-06	
41.000000	0.0150283 	41.000000	0.0172095 	41.000000	0.0171332 	41.000000	0.0171241 	41.000000	0.0172015 	41.000000	7.95033e-06	
44.000000	0.0142035 	44.000000	0.0162539 	44.000000	0.0161922 	44.000000	0.0161816 	44.000000	0.0162465 	44.000000	7.45261e-06	
47.000000	0.0134767 	47.000000	0.0154126 	47.000000	0.015363  	47.000000	0.0153507 	47.000000	0.0154056 	47.000000	7.01568e-06	
50.000000	0.0128312 	50.000000	0.014666  	50.000000	0.0146247 	50.000000	0.0146126 	50.000000	0.0146594 	50.000000	6.62892e-06	
55.000000	0.0119013 	55.000000	0.0135919 	55.000000	0.0135619 	55.000000	0.0135491 	55.000000	0.0135858 	55.000000	6.07417e-06	
60.000000	0.0111162 	60.000000	0.0126864 	60.000000	0.012665  	60.000000	0.0126513 	60.000000	0.0126808 	60.000000	5.60805e-06	
65.000000	0.0104438 	65.000000	0.0119125 	65.000000	0.011896  	65.000000	0.0118826 	65.000000	0.0119073 	65.000000	5.21068e-06	
70.000000	0.00986111	70.000000	0.0112429 	70.000000	0.0112315 	70.000000	0.0112169 	70.000000	0.0112381 	70.000000	4.86774e-06	
75.000000	0.00935092	75.000000	0.0106578 	75.000000	0.0106483 	75.000000	0.0106343 	75.000000	0.0106533 	75.000000	4.56864e-06	
80.000000	0.00890024	80.000000	0.010142  	80.000000	0.0101347 	80.000000	0.0101202 	80.000000	0.0101377 	80.000000	4.30538e-06	
85.000000	0.008499  	85.000000	0.00968361	85.000000	0.00967674	85.000000	0.00966293	85.000000	0.00967954	85.000000	4.07183e-06	
90.000000	0.00813933	90.000000	0.00927356	90.000000	0.00926782	90.000000	0.00925349	90.000000	0.00926969	90.000000	3.86316e-06	
95.000000	0.00781494	95.000000	0.00890449	95.000000	0.00889835	95.000000	0.00888468	95.000000	0.00890081	95.000000	3.67556e-06	
100.000000	0.00752077	100.000000	0.00857048	100.000000	0.00856481	100.000000	0.00855068	100.000000	0.00856698	100.000000	3.50595e-06	
105.000000	0.00725269	105.000000	0.00826673	105.000000	0.00826027	105.000000	0.00824673	105.000000	0.00826338	105.000000	3.35184e-06	
110.000000	0.00700729	110.000000	0.00798926	110.000000	0.00798276	110.000000	0.00796893	110.000000	0.00798605	110.000000	3.21117e-06	
115.000000	0.00678176	115.000000	0.00773477	115.000000	0.00772755	115.000000	0.00771402	115.000000	0.00773169	115.000000	3.08223e-06	
120.000000	0.0065737 	120.000000	0.00750051	120.000000	0.00749263	120.000000	0.00747925	120.000000	0.00749754	120.000000	2.9636e-06	
125.000000	0.00638112	125.000000	0.00728412	125.000000	0.00727594	125.000000	0.00726231	125.000000	0.00728127	125.000000	2.85408e-06	
130.000000	0.00620231	130.000000	0.00708363	130.000000	0.00707437	130.000000	0.00706124	130.000000	0.00708087	130.000000	2.75264e-06	
135.000000	0.0060358 	135.000000	0.00689733	135.000000	0.00688695	135.000000	0.00687435	135.000000	0.00689467	135.000000	2.65842e-06	
140.000000	0.00588034	140.000000	0.00672375	140.000000	0.00671289	140.000000	0.00670019	140.000000	0.00672118	140.000000	2.57065e-06	
145.000000	0.00573483	145.000000	0.00656164	145.000000	0.0065503 	145.000000	0.00653748	145.000000	0.00655915	145.000000	2.48869e-06	
150.000000	0.00559832	150.000000	0.00640987	150.000000	0.00639755	150.000000	0.00638514	150.000000	0.00640746	150.000000	2.41198e-06	
155.000000	0.00540612	155.000000	0.0062675 	155.000000	0.00625468	155.000000	0.0062422 	155.000000	0.00626516	155.000000	2.34002e-06	
160.000000	0.00529346	160.000000	0.00613366	160.000000	0.00612042	160.000000	0.00610781	160.000000	0.00613138	160.000000	2.27237e-06	
165.000000	0.00518723	165.000000	0.00600761	165.000000	0.00599348	165.000000	0.00598124	165.000000	0.0060054 	165.000000	2.20867e-06	
170.000000	0.00508687	170.000000	0.00588868	170.000000	0.00587403	170.000000	0.00586182	170.000000	0.00588653	170.000000	2.14856e-06	
175.000000	0.00499192	175.000000	0.00577629	175.000000	0.00576135	175.000000	0.00574895	175.000000	0.0057742 	175.000000	2.09175e-06	
180.000000	0.00490193	180.000000	0.00566991	180.000000	0.00565436	180.000000	0.00564212	180.000000	0.00566787	180.000000	2.03796e-06	
185.000000	0.00481652	185.000000	0.00556907	185.000000	0.00555273	185.000000	0.00554086	185.000000	0.00556708	185.000000	1.98698e-06	
190.000000	0.00473535	190.000000	0.00547335	190.000000	0.00545631	190.000000	0.00544474	190.000000	0.00547141	190.000000	1.93856e-06	
195.000000	0.00465811	195.000000	0.00538236	195.000000	0.00536496	195.000000	0.00535338	195.000000	0.00538047	195.000000	1.89254e-06	
200.000000	0.00458451	200.000000	0.00529577	200.000000	0.00527818	200.000000	0.00526644	200.000000	0.00529392	200.000000	1.84872e-06	
210.000000	0.00444725	210.000000	0.00513455	210.000000	0.005116  	210.000000	0.0051046 	210.000000	0.00513278	210.000000	1.76711e-06	
220.000000	0.0043218 	220.000000	0.00498753	220.000000	0.00496858	220.000000	0.00495706	220.000000	0.00498584	220.000000	1.69262e-06	
230.000000	0.00420668	230.000000	0.00485293	230.000000	0.00483333	230.000000	0.00482202	230.000000	0.0048513 	230.000000	1.62437e-06	
240.000000	0.00410067	240.000000	0.00472923	240.000000	0.00470882	240.000000	0.00469797	240.000000	0.00472766	240.000000	1.56159e-06	
250.000000	0.00400272	250.000000	0.00461517	250.000000	0.00459454	250.000000	0.00458363	250.000000	0.00461366	250.000000	1.50364e-06	
260.000000	0.00391194	260.000000	0.00450967	260.000000	0.00448879	260.000000	0.00447793	260.000000	0.00450822	260.000000	1.44997e-06	
270.000000	0.00382756	270.000000	0.00441181	270.000000	0.00439056	270.000000	0.00437993	270.000000	0.00441041	270.000000	1.40013e-06	
280.000000	0.00374894	280.000000	0.00432081	280.000000	0.00429963	280.000000	0.00428884	280.000000	0.00431945	280.000000	1.35371e-06	
290.000000	0.00367551	290.000000	0.00423596	290.000000	0.00421457	290.000000	0.00420396	290.000000	0.00423465	290.000000	1.31038e-06	
300.000000	0.00360676	300.000000	0.00415668	300.000000	0.00413497	300.000000	0.0041247 	300.000000	0.00415541	300.000000	1.26982e-06	
310.000000	0.00354228	310.000000	0.00408244	310.000000	0.00406067	310.000000	0.00405052	310.000000	0.00408121	310.000000	1.23178e-06	
320.000000	0.00348166	320.000000	0.00401278	320.000000	0.00399124	320.000000	0.00398096	320.000000	0.00401159	320.000000	1.19603e-06	
330.000000	0.00342459	330.000000	0.00394731	330.000000	0.00392584	330.000000	0.00391562	330.000000	0.00394614	330.000000	1.16236e-06	
340.000000	0.00337077	340.000000	0.00388565	340.000000	0.0038641 	340.000000	0.00385414	340.000000	0.00388452	340.000000	1.1306e-06	
350.000000	0.00331992	350.000000	0.0038275 	350.000000	0.00380593	350.000000	0.00379619	350.000000	0.0038264 	350.000000	1.10058e-06	
360.000000	0.00327181	360.000000	0.00377258	360.000000	0.00375123	360.000000	0.00374149	360.000000	0.00377151	360.000000	1.07217e-06	
370.000000	0.00322623	370.000000	0.00372062	370.000000	0.00369934	370.000000	0.0036895 	370.000000	0.00371957	370.000000	1.04524e-06	
380.000000	0.00318299	380.000000	0.0036714 	380.000000	0.00365002	380.000000	0.00364028	380.000000	0.00367038	380.000000	1.01967e-06	
390.000000	0.00314192	390.000000	0.00362472	390.000000	0.0036032 	390.000000	0.00359363	390.000000	0.00362372	390.000000	9.95369e-07	
400.000000	0.00310287	400.000000	0.00358038	400.000000	0.00355896	400.000000	0.00354935	400.000000	0.00357941	400.000000	9.72234e-07	
410.000000	0.00306568	410.000000	0.00353824	410.000000	0.00351697	410.000000	0.00350729	410.000000	0.00353729	410.000000	9.50184e-07	
420.000000	0.00303025	420.000000	0.00349812	420.000000	0.00347689	420.000000	0.00346727	420.000000	0.00349719	420.000000	9.29146e-07	
430.000000	0.00299644	430.000000	0.0034599 	430.000000	0.00343863	430.000000	0.00342918	430.000000	0.00345899	430.000000	9.0905e-07	
440.000000	0.00296416	440.000000	0.00342345	440.000000	0.00340215	440.000000	0.00339287	440.000000	0.00342256	440.000000	8.89833e-07	
450.000000	0.0029333 	450.000000	0.00338866	450.000000	0.00336741	450.000000	0.00335822	450.000000	0.00338779	450.000000	8.71439e-07	
460.000000	0.00290379	460.000000	0.00335541	460.000000	0.00333434	460.000000	0.00332515	460.000000	0.00335456	460.000000	8.53814e-07	
470.000000	0.00287553	470.000000	0.00332362	470.000000	0.0033028 	470.000000	0.00329354	470.000000	0.00332278	470.000000	8.36912e-07	
480.000000	0.00284845	480.000000	0.00329319	480.000000	0.00327258	480.000000	0.0032633 	480.000000	0.00329237	480.000000	8.20688e-07	
490.000000	0.0028225 	490.000000	0.00326405	490.000000	0.00324356	490.000000	0.00323436	490.000000	0.00326325	490.000000	8.05102e-07	
500.000000	0.00279759	500.000000	0.00323612	500.000000	0.00321571	500.000000	0.00320664	500.000000	0.00323533	500.000000	7.90116e-07	
520.000000	0.00275069	520.000000	0.00318361	520.000000	0.0031634 	520.000000	0.00315456	520.000000	0.00318285	520.000000	7.61811e-07	
540.000000	0.00270735	540.000000	0.00313518	540.000000	0.00311544	540.000000	0.00310658	540.000000	0.00313445	540.000000	7.35526e-07	
560.000000	0.0026672 	560.000000	0.0030904 	560.000000	0.00307116	560.000000	0.00306226	560.000000	0.00308968	560.000000	7.11052e-07	
580.000000	0.00262993	580.000000	0.00304889	580.000000	0.00302995	580.000000	0.00302122	580.000000	0.0030482 	580.000000	6.88204e-07	
600.000000	0.00259527	600.000000	0.00301035	600.000000	0.00299185	600.000000	0.00298313	600.000000	0.00300968	600.000000	6.66825e-07	
620.000000	0.00256297	620.000000	0.00297448	620.000000	0.00295652	620.000000	0.00294773	620.000000	0.00297384	620.000000	6.46776e-07	
640.000000	0.00253282	640.000000	0.00294106	640.000000	0.00292346	640.000000	0.00291475	640.000000	0.00294043	640.000000	6.27934e-07	
660.000000	0.00250465	660.000000	0.00290986	660.000000	0.00289252	660.000000	0.00288397	660.000000	0.00290925	660.000000	6.10194e-07	
680.000000	0.00247828	680.000000	0.00288068	680.000000	0.00286362	680.000000	0.00285521	680.000000	0.00288009	680.000000	5.9346e-07	
700.000000	0.00245357	700.000000	0.00285337	700.000000	0.00283666	700.000000	0.00282829	700.000000	0.00285279	700.000000	5.77648e-07	
720.000000	0.00243038	720.000000	0.00282777	720.000000	0.00281148	720.000000	0.00280306	720.000000	0.0028272 	720.000000	5.62683e-07	
740.000000	0.00240861	740.000000	0.00280374	740.000000	0.00278783	740.000000	0.00277937	740.000000	0.00280319	740.000000	5.48498e-07	
760.000000	0.00238814	760.000000	0.00278116	760.000000	0.00276551	760.000000	0.00275712	760.000000	0.00278063	760.000000	5.35034e-07	
780.000000	0.00236888	780.000000	0.00275993	780.000000	0.00274446	780.000000	0.00273617	780.000000	0.00275941	780.000000	5.22235e-07	
800.000000	0.00235075	800.000000	0.00273994	800.000000	0.00272462	800.000000	0.00271645	800.000000	0.00273943	800.000000	5.10053e-07	
820.000000	0.00233366	820.000000	0.00272111	820.000000	0.00270594	820.000000	0.00269785	820.000000	0.00272061	820.000000	4.98445e-07	
840.000000	0.00231755	840.000000	0.00270336	840.000000	0.00268836	840.000000	0.0026803 	840.000000	0.00270287	840.000000	4.8737e-07	
860.000000	0.00230235	860.000000	0.00268661	860.000000	0.00267181	860.000000	0.00266372	860.000000	0.00268613	860.000000	4.76791e-07	
880.000000	0.002288  	880.000000	0.00267079	880.000000	0.00265618	880.000000	0.00264804	880.000000	0.00267032	880.000000	4.66677e-07	
900.000000	0.00227445	900.000000	0.00265585	900.000000	0.00264135	900.000000	0.0026332 	900.000000	0.00265539	900.000000	4.56996e-07	
920.000000	0.00226165	920.000000	0.00264173	920.000000	0.00262726	920.000000	0.00261915	920.000000	0.00264128	920.000000	4.47721e-07	
940.000000	0.00224956	940.000000	0.00262837	940.000000	0.00261387	940.000000	0.00260584	940.000000	0.00262793	940.000000	4.38827e-07	
960.000000	0.00223813	960.000000	0.00261574	960.000000	0.00260116	960.000000	0.00259321	960.000000	0.00261531	960.000000	4.30291e-07	
980.000000	0.00222733	980.000000	0.00260378	980.000000	0.0025891 	980.000000	0.00258123	980.000000	0.00260336	980.000000	4.22091e-07	
1000.000000	0.00221711	1000.000000	0.00259247	1000.000000	0.00257767	1000.000000	0.00256985	1000.000000	0.00259205	1000.000000	4.14207e-07	
1020.000000	0.00220746	1020.000000	0.00258175	1020.000000	0.00256682	1020.000000	0.00255904	1020.000000	0.00258134	1020.000000	4.06622e-07	
1040.000000	0.00219833	1040.000000	0.0025716 	1040.000000	0.00255655	1040.000000	0.00254876	1040.000000	0.0025712 	1040.000000	3.99318e-07	
1060.000000	0.0021897 	1060.000000	0.00256199	1060.000000	0.0025468 	1060.000000	0.00253899	1060.000000	0.0025616 	1060.000000	3.9228e-07	
1080.000000	0.00218154	1080.000000	0.00255288	1080.000000	0.00253753	1080.000000	0.00252969	1080.000000	0.0025525 	1080.000000	3.85494e-07	
1100.000000	0.00217383	1100.000000	0.00254426	1100.000000	0.0025287 	1100.000000	0.00252083	1100.000000	0.00254388	1100.000000	3.78946e-07	
1120.000000	0.00216655	1120.000000	0.00253608	1120.000000	0.00252025	1120.000000	0.0025124 	1120.000000	0.00253571	1120.000000	3.72623e-07	
1140.000000	0.00215968	1140.000000	0.00252834	1140.000000	0.00251218	1140.000000	0.00250436	1140.000000	0.00252797	1140.000000	3.66515e-07	
1160.000000	0.00215319	1160.000000	0.00252101	1160.000000	0.00250447	1160.000000	0.0024967 	1160.000000	0.00252065	1160.000000	3.6061e-07	
1180.000000	0.00214706	1180.000000	0.00251407	1180.000000	0.00249712	1180.000000	0.0024894 	1180.000000	0.00251371	1180.000000	3.54898e-07	
1200.000000	0.00214129	1200.000000	0.00250749	1200.000000	0.00249013	1200.000000	0.00248243	1200.000000	0.00250714	1200.000000	3.4937e-07	
1220.000000	0.00213585	1220.000000	0.00250127	1220.000000	0.00248348	1220.000000	0.00247579	1220.000000	0.00250093	1220.000000	3.44017e-07	
1240.000000	0.00213073	1240.000000	0.00249538	1240.000000	0.00247715	1240.000000	0.00246945	1240.000000	0.00249504	1240.000000	3.38831e-07	
1260.000000	0.00212592	1260.000000	0.00248981	1260.000000	0.00247111	1260.000000	0.00246339	1260.000000	0.00248948	1260.000000	3.33803e-07	
1280.000000	0.00212139	1280.000000	0.00248455	1280.000000	0.00246536	1280.000000	0.00245761	1280.000000	0.00248422	1280.000000	3.28927e-07	
1300.000000	0.00211715	1300.000000	0.00247958	1300.000000	0.00245985	1300.000000	0.00245209	1300.000000	0.00247926	1300.000000	3.24196e-07	
1320.000000	0.00211317	1320.000000	0.00247488	1320.000000	0.00245458	1320.000000	0.00244682	1320.000000	0.00247457	1320.000000	3.19604e-07	
1340.000000	0.00210945	1340.000000	0.00247046	1340.000000	0.00244954	1340.000000	0.00244178	1340.000000	0.00247014	1340.000000	3.15144e-07	
1360.000000	0.00210598	1360.000000	0.00246628	1360.000000	0.0024447 	1360.000000	0.00243697	1360.000000	0.00246597	1360.000000	3.1081e-07	
1380.000000	0.00210274	1380.000000	0.00246235	1380.000000	0.00244008	1380.000000	0.00243237	1380.000000	0.00246204	1380.000000	3.06598e-07	
1400.000000	0.00209972	1400.000000	0.00245865	1400.000000	0.00243565	1400.000000	0.00242797	1400.000000	0.00245835	1400.000000	3.02502e-07	
1420.000000	0.00209693	1420.000000	0.00245518	1420.000000	0.00243141	1420.000000	0.00242377	1420.000000	0.00245488	1420.000000	2.98517e-07	
1440.000000	0.00209434	1440.000000	0.00245192	1440.000000	0.00242736	1440.000000	0.00241976	1440.000000	0.00245162	1440.000000	2.9464e-07	
1460.000000	0.00209196	1460.000000	0.00244886	1460.000000	0.00242349	1460.000000	0.00241592	1460.000000	0.00244857	1460.000000	2.90864e-07	
1480.000000	0.00208977	1480.000000	0.002446  	1480.000000	0.00241979	1480.000000	0.00241225	1480.000000	0.00244571	1480.000000	2.87188e-07	
1500.000000	0.00208776	1500.000000	0.00244333	1500.000000	0.00241625	1500.000000	0.00240874	1500.000000	0.00244305	1500.000000	2.83606e-07	
1520.000000	0.00208593	1520.000000	0.00244085	1520.000000	0.00241287	1520.000000	0.00240539	1520.000000	0.00244057	1520.000000	2.80115e-07	
1540.000000	0.00208428	1540.000000	0.00243853	1540.000000	0.00240965	1540.000000	0.00240219	1540.000000	0.00243826	1540.000000	2.76712e-07	
1560.000000	0.0020828 	1560.000000	0.00243639	1560.000000	0.00240657	1560.000000	0.00239912	1560.000000	0.00243612	1560.000000	2.73392e-07	
1580.000000	0.00208147	1580.000000	0.00243441	1580.000000	0.00240363	1580.000000	0.0023962 	1580.000000	0.00243414	1580.000000	2.70155e-07	
1600.000000	0.0020803 	1600.000000	0.00243258	1600.000000	0.00240083	1600.000000	0.0023934 	1600.000000	0.00243232	1600.000000	2.66995e-07	
1620.000000	0.00207929	1620.000000	0.00243091	1620.000000	0.00239816	1620.000000	0.00239073	1620.000000	0.00243064	1620.000000	2.6391e-07	
1640.000000	0.00207841	1640.000000	0.00242938	1640.000000	0.00239562	1640.000000	0.00238818	1640.000000	0.00242912	1640.000000	2.60899e-07	
1660.000000	0.00207768	1660.000000	0.00242799	1660.000000	0.00239319	1660.000000	0.00238574	1660.000000	0.00242773	1660.000000	2.57957e-07	
1680.000000	0.00207709	1680.000000	0.00242673	1680.000000	0.00239087	1680.000000	0.00238341	1680.000000	0.00242648	1680.000000	2.55083e-07	
1700.000000	0.00207662	1700.000000	0.00242561	1700.000000	0.00238866	1700.000000	0.00238119	1700.000000	0.00242536	1700.000000	2.52274e-07	
1750.000000	0.00207601	1750.000000	0.00242333	1750.000000	0.00238357	1750.000000	0.00237607	1750.000000	0.00242309	1750.000000	2.45524e-07	
1800.000000	0.00207614	1800.000000	0.00242178	1800.000000	0.00237903	1800.000000	0.00237153	1800.000000	0.00242154	1800.000000	2.39136e-07	
1850.000000	0.00207694	1850.000000	0.00242089	1850.000000	0.00237499	1850.000000	0.0023675 	1850.000000	0.00242066	1850.000000	2.33082e-07	
1900.000000	0.00207838	1900.000000	0.00242061	1900.000000	0.00237142	1900.000000	0.00236395	1900.000000	0.00242039	1900.000000	2.27336e-07	
1950.000000	0.00208041	1950.000000	0.0024209 	1950.000000	0.00236826	1950.000000	0.00236084	1950.000000	0.00242068	1950.000000	2.21875e-07	
2000.000000	0.00208299	2000.000000	0.00242171	2000.000000	0.0023655 	2000.000000	0.00235811	2000.000000	0.00242149	2000.000000	2.16678e-07	
2100.000000	0.00208966	2100.000000	0.00242474	2100.000000	0.00236101	2100.000000	0.0023537 	2100.000000	0.00242453	2100.000000	2.07002e-07	
2200.000000	0.00209814	2200.000000	0.00242945	2200.000000	0.00235775	2200.000000	0.0023505 	2200.000000	0.00242925	2200.000000	1.98177e-07	
2300.000000	0.00210822	2300.000000	0.00243561	2300.000000	0.00235552	2300.000000	0.00234832	2300.000000	0.00243542	2300.000000	1.90095e-07	
2400.000000	0.00211973	2400.000000	0.00244305	2400.000000	0.00235418	2400.000000	0.00234698	2400.000000	0.00244287	2400.000000	1.82664e-07	
2500.000000	0.00213251	2500.000000	0.00245161	2500.000000	0.00235358	2500.000000	0.00234638	2500.000000	0.00245144	2500.000000	1.75808e-07	
2600.000000	0.00214645	2600.000000	0.00246116	2600.000000	0.00235362	2600.000000	0.00234639	2600.000000	0.00246099	2600.000000	1.69463e-07	
2700.000000	0.00216142	2700.000000	0.00247159	2700.000000	0.00235418	2700.000000	0.00234694	2700.000000	0.00247143	2700.000000	1.63573e-07	
2800.000000	0.00217735	2800.000000	0.00248281	2800.000000	0.00235519	2800.000000	0.00234793	2800.000000	0.00248265	2800.000000	1.5809e-07	
2900.000000	0.00219415	2900.000000	0.00249472	2900.000000	0.00235658	2900.000000	0.00234932	2900.000000	0.00249457	2900.000000	1.52973e-07	
3000.000000	0.00221175	3000.000000	0.00250727	3000.000000	0.00235828	3000.000000	0.00235103	3000.000000	0.00250712	3000.000000	1.48186e-07	
3200.000000	0.00224911	3200.000000	0.00253401	3200.000000	0.0023625 	3200.000000	0.00235528	3200.000000	0.00253387	3200.000000	1.39481e-07	
3400.000000	0.00228902	3400.000000	0.00256262	3400.000000	0.00236756	3400.000000	0.00236038	3400.000000	0.00256249	3400.000000	1.31769e-07	
3600.000000	0.00233115	3600.000000	0.00259278	3600.000000	0.00237324	3600.000000	0.0023661 	3600.000000	0.00259266	3600.000000	1.24887e-07	
3800.000000	0.00237525	3800.000000	0.00262423	3800.000000	0.00237939	3800.000000	0.00237229	3800.000000	0.00262411	3800.000000	1.18707e-07	
4000.000000	0.00242112	4000.000000	0.00265677	4000.000000	0.00238588	4000.000000	0.0023788 	4000.000000	0.00265666	4000.000000	1.13126e-07	
4200.000000	0.00246859	4200.000000	0.00269024	4200.000000	0.00239261	4200.000000	0.00238555	4200.000000	0.00269013	4200.000000	1.0806e-07	
4400.000000	0.0025175 	4400.000000	0.00272449	4400.000000	0.00239949	4400.000000	0.00239245	4400.000000	0.00272439	4400.000000	1.03441e-07	
4600.000000	0.00256776	4600.000000	0.00275943	4600.000000	0.00240648	4600.000000	0.00239946	4600.000000	0.00275934	4600.000000	9.92101e-08	
4800.000000	0.00261927	4800.000000	0.00279496	4800.000000	0.00241353	4800.000000	0.00240651	4800.000000	0.00279487	4800.000000	9.53213e-08	
5000.000000	0.00267193	5000.000000	0.002831  	5000.000000	0.00242059	5000.000000	0.00241359	5000.000000	0.00283091	5000.000000	9.1734e-08	
5250.000000	0.00273929	5250.000000	0.00287668	5250.000000	0.0024294 	5250.000000	0.00242242	5250.000000	0.00287659	5250.000000	8.76225e-08	
5500.000000	0.00280824	5500.000000	0.00292294	5500.000000	0.00243816	5500.000000	0.00243119	5500.000000	0.00292286	5500.000000	8.38733e-08	
6000.000000	0.00295054	6000.000000	0.00301692	6000.000000	0.00245541	6000.000000	0.00244845	6000.000000	0.00301684	6000.000000	7.72845e-08	
6500.000000	0.00309825	6500.000000	0.00311239	6500.000000	0.00247218	6500.000000	0.00246524	6500.000000	0.00311231	6500.000000	7.16797e-08	
7000.000000	0.00325094	7000.000000	0.00320897	7000.000000	0.00248838	7000.000000	0.00248146	7000.000000	0.00320891	7000.000000	6.68522e-08	
7500.000000	0.00340829	7500.000000	0.0033064 	7500.000000	0.002504  	7500.000000	0.00249709	7500.000000	0.00330634	7500.000000	6.26495e-08	
8000.000000	0.00357006	8000.000000	0.00340447	8000.000000	0.00251906	8000.000000	0.00251214	8000.000000	0.00340441	8000.000000	5.89568e-08	
8500.000000	0.00373607	8500.000000	0.00350302	8500.000000	0.00253349	8500.000000	0.0025266 	8500.000000	0.00350297	8500.000000	5.56858e-08	
9000.000000	0.00390617	9000.000000	0.00360194	9000.000000	0.0025473 	9000.000000	0.00254051	9000.000000	0.00360189	9000.000000	5.27676e-08	
9500.000000	0.00408025	9500.000000	0.00370114	9500.000000	0.00256062	9500.000000	0.00255389	9500.000000	0.00370109	9500.000000	5.01476e-08	
10000.000000	0.00425822	10000.000000	0.00380054	10000.000000	0.00257348	10000.000000	0.00256677	10000.000000	0.00380049	10000.000000	4.77819e-08	
11000.000000	0.00462557	11000.000000	0.00399976	11000.000000	0.00259783	11000.000000	0.00259112	11000.000000	0.00399972	11000.000000	4.36775e-08	
12000.000000	0.00500778	12000.000000	0.00419927	12000.000000	0.00262043	12000.000000	0.00261376	12000.000000	0.00419923	12000.000000	4.0238e-08	
13000.000000	0.00540456	13000.000000	0.00439885	13000.000000	0.00264148	13000.000000	0.0026349 	13000.000000	0.00439882	13000.000000	3.73129e-08	
14000.000000	0.00581572	14000.000000	0.00459838	14000.000000	0.00266117	14000.000000	0.0026547 	14000.000000	0.00459835	14000.000000	3.47939e-08	
15000.000000	0.00624114	15000.000000	0.00479776	15000.000000	0.00267966	15000.000000	0.0026733 	15000.000000	0.00479772	15000.000000	3.26014e-08	
16000.000000	0.00668074	16000.000000	0.00499691	16000.000000	0.0026971 	16000.000000	0.00269082	16000.000000	0.00499688	16000.000000	3.06752e-08	
17000.000000	0.00713445	17000.000000	0.00519581	17000.000000	0.00271359	17000.000000	0.00270739	17000.000000	0.00519578	17000.000000	2.89693e-08	
18000.000000	0.00760227	18000.000000	0.00539443	18000.000000	0.00272924	18000.000000	0.00272308	18000.000000	0.0053944 	18000.000000	2.74476e-08	
19000.000000	0.00808418	19000.000000	0.00559274	19000.000000	0.00274412	19000.000000	0.00273799	19000.000000	0.00559271	19000.000000	2.60816e-08	
20000.000000	0.0085802 	20000.000000	0.00579073	20000.000000	0.0027583 	20000.000000	0.00275218	20000.000000	0.0057907 	20000.000000	2.48484e-08	
21000.000000	0.00909033	21000.000000	0.0059884 	21000.000000	0.0027718 	21000.000000	0.00276572	21000.000000	0.00598838	21000.000000	2.37293e-08	
22000.000000	0.00961462	22000.000000	0.00618575	22000.000000	0.00278462	22000.000000	0.00277866	22000.000000	0.00618573	22000.000000	2.27091e-08	
23000.000000	0.0101531 	23000.000000	0.00638278	23000.000000	0.00279689	23000.000000	0.00279105	23000.000000	0.00638276	23000.000000	2.17752e-08	
24000.000000	0.0107058 	24000.000000	0.00657948	24000.000000	0.00280868	24000.000000	0.00280293	24000.000000	0.00657946	24000.000000	2.09169e-08	
25000.000000	0.0112728 	25000.000000	0.00677587	25000.000000	0.00282   	25000.000000	0.00281435	25000.000000	0.00677585	25000.000000	2.01253e-08	
26000.000000	0.0118541 	26000.000000	0.00697195	26000.000000	0.00283087	26000.000000	0.00282533	26000.000000	0.00697193	26000.000000	1.93929e-08	
27000.000000	0.0124498 	27000.000000	0.00716772	27000.000000	0.00284131	27000.000000	0.00283591	27000.000000	0.0071677 	27000.000000	1.87133e-08	
28000.000000	0.01306   	28000.000000	0.00736319	28000.000000	0.00285136	28000.000000	0.00284611	28000.000000	0.00736317	28000.000000	1.80808e-08	
29000.000000	0.0136847 	29000.000000	0.00755836	29000.000000	0.00286109	29000.000000	0.00285596	29000.000000	0.00755834	29000.000000	1.74908e-08	
30000.000000	0.0143239 	30000.000000	0.00775324	30000.000000	0.0028705 	30000.000000	0.00286549	30000.000000	0.00775322	30000.000000	1.6939e-08	
32000.000000	0.0156464 	32000.000000	0.00814216	32000.000000	0.00288842	32000.000000	0.00288364	32000.000000	0.00814214	32000.000000	1.5936e-08	
34000.000000	0.017028  	34000.000000	0.00852999	34000.000000	0.00290521	34000.000000	0.0029007 	34000.000000	0.00852997	34000.000000	1.50479e-08	
36000.000000	0.0184693 	36000.000000	0.00891678	36000.000000	0.00292101	36000.000000	0.00291679	36000.000000	0.00891676	36000.000000	1.42557e-08	
38000.000000	0.0199708 	38000.000000	0.00930257	38000.000000	0.00293594	38000.000000	0.00293202	38000.000000	0.00930256	38000.000000	1.35447e-08	
40000.000000	0.0215333 	40000.000000	0.00968742	40000.000000	0.00295009	40000.000000	0.00294648	40000.000000	0.0096874 	40000.000000	1.29029e-08	
42000.000000	0.0231574 	42000.000000	0.0100714 	42000.000000	0.00296353	42000.000000	0.00296023	42000.000000	0.0100713 	42000.000000	1.23206e-08	
44000.000000	0.0248436 	44000.000000	0.0104544 	44000.000000	0.00297632	44000.000000	0.00297334	44000.000000	0.0104544 	44000.000000	1.17898e-08	
46000.000000	0.0265926 	46000.000000	0.0108366 	46000.000000	0.00298853	46000.000000	0.00298586	46000.000000	0.0108366 	46000.000000	1.13039e-08	
48000.000000	0.0284051 	48000.000000	0.011218  	48000.000000	0.00300019	48000.000000	0.00299785	48000.000000	0.011218  	48000.000000	1.08574e-08	
50000.000000	0.0302817 	50000.000000	0.0115987 	50000.000000	0.00301134	50000.000000	0.00300935	50000.000000	0.0115987 	50000.000000	1.04456e-08	
