Energy (MeV/u)	0 - [He-base] F.Hubert et al, AD&ND Tables 46(1990)1	1 - [H -base] J.F.Ziegler et al, Pergamon Press, NY (low energy)	2 - ATIMA 1.2  LS-theory (recommended for high energy)	3 - ATIMA 1.2  without LS-correction	4 - Range straggling - method [0] - LISE	5 - Range straggling - method [1] - Atima	6 - Lateral range - method [0] - LISE	7 - Lateral range - method [1] - Atima	8 - Lateral range - method [2] - PDG
0.001000	0.114203  	0.114203  	0.0722242 	0.0722242 	-	-	0.000216652	0.000341091	0.000165098
93.633957	37265.4   	36883.2   	37507     	37546.1   	312.085   	151.282   	104.216   	86.4756   	102.652   
187.266914	124707    	123435    	125356    	125584    	1005.53   	469.271   	336.565   	272.194   	339.764   
280.899871	247047    	244128    	248083    	248629    	1907.2    	886.908   	643.209   	518.414   	664.714   
374.532828	394751    	390019    	396633    	397600    	2922.3    	1370.87   	993.913   	804.208   	1049.62   
468.165785	562118    	555089    	564763    	566237    	3994.17   	1901      	1369.8    	1115.97   	1475.48   
561.798742	745120    	735142    	748094    	750139    	5088.49   	2464.59   	1758.88   	1444.56   	1929.2    
655.431699	940653    	927024    	943332    	946006    	6183.87   	3053.64   	2153.29   	1783.56   	2401.29   
749.064655	1.14628e+06	1.12832e+06	1.148e+06 	1.15134e+06	7267.48   	3662.2    	2547.92   	2128.43   	2884.95   
842.697612	1.36005e+06	1.33716e+06	1.36019e+06	1.36424e+06	8331.45   	4285.78   	2939.45   	2475.93   	3375.17   
936.330569	1.58045e+06	1.55212e+06	1.57837e+06	1.58314e+06	9369.28   	4921.57   	3325.34   	2823.48   	3867.95   
1029.963526	1.80617e+06	1.772e+06 	1.80134e+06	1.80685e+06	10378.7   	5566.55   	3704.17   	3169.31   	4360.48   
1123.596483	2.03611e+06	1.9958e+06	2.02816e+06	2.03443e+06	11359     	6220.11   	4075.16   	3512.25   	4850.79   
1217.229440	2.2694e+06	2.22275e+06	2.25814e+06	2.26519e+06	12310.3   	6881.41   	4437.85   	3851.43   	5337.46   
1310.862397	2.50527e+06	2.45221e+06	2.4907e+06	2.49853e+06	13233     	7549.26   	4792.04   	4186.28   	5819.44   
1404.495354	2.74306e+06	2.68359e+06	2.72533e+06	2.73397e+06	14128.2   	8223.23   	5137.81   	4516.42   	6296.03   
1498.128311	2.98222e+06	2.91646e+06	2.96167e+06	2.97111e+06	14997     	8903.16   	5475.25   	4841.61   	6766.74   
1591.761268	3.22229e+06	3.15041e+06	3.1994e+06	3.20964e+06	15840.3   	9588.81   	5804.5    	5161.67   	7231.18   
1685.394225	3.46284e+06	3.38511e+06	3.43823e+06	3.44927e+06	16659.4   	10279.4   	6125.85   	5476.55   	7689.15   
1779.027182	3.70354e+06	3.62029e+06	3.67795e+06	3.68981e+06	17454.6   	10974.6   	6439.29   	5786.05   	8140.27   
1872.660139	3.94407e+06	3.85567e+06	3.91834e+06	3.93102e+06	18228.5   	11674.3   	6745.55   	6090.5    	8584.91   
1966.293096	4.18418e+06	4.09107e+06	4.15927e+06	4.17276e+06	18981.7   	12378.7   	7044.74   	6389.84   	9022.9    
2059.926052	4.42355e+06	4.32627e+06	4.40063e+06	4.41494e+06	19713     	13088.6   	7336.37   	6683.58   	9453.55   
2153.559009	4.66214e+06	4.56116e+06	4.64225e+06	4.65736e+06	20427.5   	13802.8   	7622.16   	6972.88   	9878.32   
2247.191966	4.89972e+06	4.7956e+06	4.88407e+06	4.89998e+06	21124.2   	14521.7   	7901.7    	7257.34   	10296.7   
2340.824923	5.13615e+06	5.02947e+06	5.126e+06 	5.14271e+06	21803.9   	15245     	8175.26   	7537.09   	10708.7   
2434.457880	5.3713e+06	5.26267e+06	5.36797e+06	5.38547e+06	22467.5   	15972.7   	8443.07   	7812.24   	11114.5   
2528.090837	5.60507e+06	5.49511e+06	5.60993e+06	5.62823e+06	23115.8   	16704.5   	8705.38   	8082.89   	11514.3   
2621.723794	5.83735e+06	5.72673e+06	5.85181e+06	5.87091e+06	23749.4   	17440.4   	8962.4    	8349.18   	11908.1   
2715.356751	6.06807e+06	5.95744e+06	6.09358e+06	6.11348e+06	24369.1   	18180.2   	9214.37   	8611.22   	12296.1   
2808.989708	6.29716e+06	6.1872e+06	6.3352e+06	6.3559e+06	24975.5   	18924.1   	9461.49   	8869.13   	12678.5   
2902.622665	6.52455e+06	6.41596e+06	6.57664e+06	6.59814e+06	25569.1   	19671.8   	9703.96   	9123.04   	13055.4   
2996.255622	6.75014e+06	6.64362e+06	6.81787e+06	6.84016e+06	26150.2   	20423.7   	9941.78   	9372.9    	13426.7   
3089.888579	6.97294e+06	6.8696e+06	7.05872e+06	7.08181e+06	26713.7   	21181.7   	10173.1   	9617.02   	13790.1   
3183.521536	7.19563e+06	7.0955e+06	7.29956e+06	7.32344e+06	27276.5   	21939.9   	10404.2   	9860.89   	14153.1   
3277.154493	7.41506e+06	7.31938e+06	7.53993e+06	7.5646e+06	27820.8   	22705     	10628.3   	10098.5   	14507.5   
3370.787449	7.63379e+06	7.54283e+06	7.78019e+06	7.80565e+06	28361.2   	23471.7   	10851     	10334.9   	14860     
3464.420406	7.84973e+06	7.76453e+06	8.02003e+06	8.04626e+06	28887.4   	24244.1   	11068.4   	10566.3   	15205.8   
3558.053363	8.0644e+06	7.98544e+06	8.25966e+06	8.28667e+06	29407.2   	25019.1   	11283.4   	10795.6   	15548.4   
3651.686320	8.27682e+06	8.20492e+06	8.49893e+06	8.52671e+06	29916.6   	25798.7   	11494.5   	11021.1   	15885.9   
3745.319277	8.48741e+06	8.42323e+06	8.73789e+06	8.76644e+06	30417.5   	26582     	11702.4   	11243.7   	16219.3   
3838.952234	8.69628e+06	8.64045e+06	8.97657e+06	9.00588e+06	30911.3   	27368.8   	11907.5   	11463.7   	16549     
3932.585191	8.90277e+06	8.85613e+06	9.21483e+06	9.24491e+06	31395     	28160.3   	12108.9   	11680.1   	16873.5   
4026.218148	9.10811e+06	9.07107e+06	9.4529e+06	9.48374e+06	31874.2   	28954.1   	12308.5   	11894.8   	17195.8   
4119.851105	9.3105e+06	9.2841e+06	9.69046e+06	9.72205e+06	32341.9   	29753.8   	12503.8   	12105.4   	17512.1   
4213.484062	9.51231e+06	9.49676e+06	9.92791e+06	9.96026e+06	32807.5   	30554.6   	12698.3   	12315.1   	17827.3   
4307.117019	9.71066e+06	9.70714e+06	1.01648e+07	1.01978e+07	33260.5   	31362.3   	12887.9   	12520.1   	18135.8   
4400.749976	9.90897e+06	9.91751e+06	1.04016e+07	1.04354e+07	33713.3   	32170.1   	13077.6   	12725.1   	18444.2   
4494.382933	1.01033e+07	1.01253e+07	1.06377e+07	1.06723e+07	34152.6   	32985.7   	13262     	12924.9   	18745.4   
4588.015890	1.02976e+07	1.0333e+07	1.08738e+07	1.09091e+07	34591.8   	33801.4   	13446.5   	13124.7   	19046.5   
4681.648846	1.04885e+07	1.05385e+07	1.11093e+07	1.11454e+07	35020     	34623.9   	13626.7   	13320.3   	19341.6   
4775.281803	1.06789e+07	1.07436e+07	1.13447e+07	1.13815e+07	35446.5   	35447.3   	13806.3   	13515.3   	19635.8   
4868.914760	1.08665e+07	1.09469e+07	1.15796e+07	1.16171e+07	35864.3   	36276.6   	13982.5   	13706.8   	19925.2   
4962.547717	1.1053e+07	1.11494e+07	1.18143e+07	1.18525e+07	36278.9   	37107.8   	14157.6   	13897.2   	20212.8   
5056.180674	1.1237e+07	1.13503e+07	1.20485e+07	1.20875e+07	36686.1   	37944.3   	14329.8   	14084.6   	20496.2   
5149.813631	1.14192e+07	1.15499e+07	1.22824e+07	1.23221e+07	37088.3   	38784.1   	14500.2   	14270.1   	20776.9   
5243.446588	1.16015e+07	1.17496e+07	1.25163e+07	1.25567e+07	37490.6   	39624     	14670.5   	14455.5   	21057.5   
5337.079545	1.17794e+07	1.19464e+07	1.27494e+07	1.27905e+07	37880.9   	40472.7   	14836.3   	14636.3   	21331.4   
5430.712502	1.1957e+07	1.21429e+07	1.29824e+07	1.30243e+07	38270.3   	41322     	15001.8   	14816.7   	21604.7   
5524.345459	1.21329e+07	1.23383e+07	1.32151e+07	1.32577e+07	38655.3   	42175     	15165.5   	14995.3   	21875.5   
5617.978416	1.23039e+07	1.25302e+07	1.34469e+07	1.34902e+07	39027.4   	43038.2   	15324.4   	15168.8   	22138.9   
5711.611373	1.24748e+07	1.27222e+07	1.36787e+07	1.37227e+07	39399.5   	43901.5   	15483.3   	15342.2   	22402.2   
5805.244330	1.26458e+07	1.29142e+07	1.39105e+07	1.39552e+07	39771.6   	44764.7   	15642.2   	15515.7   	22665.6   
5898.877287	1.28167e+07	1.31061e+07	1.41423e+07	1.41877e+07	40143.7   	45628     	15801.1   	15689.2   	22928.9   
5992.510243	1.29877e+07	1.32981e+07	1.4374e+07	1.44201e+07	40515.9   	46491.2   	15960     	15862.6   	23192.3   
6086.143200	1.31509e+07	1.34847e+07	1.46043e+07	1.46511e+07	40869.2   	47371.2   	16111.8   	16028.4   	23444.6   
6179.776157	1.33133e+07	1.36708e+07	1.48345e+07	1.4882e+07	41220.8   	48252.5   	16263     	16193.6   	23695.9   
6273.409114	1.34758e+07	1.38568e+07	1.50647e+07	1.51129e+07	41572.5   	49133.9   	16414.2   	16358.7   	23947.2   
6367.042071	1.36383e+07	1.40429e+07	1.52949e+07	1.53438e+07	41924.2   	50015.3   	16565.4   	16523.9   	24198.5   
6460.675028	1.38008e+07	1.4229e+07	1.5525e+07	1.55746e+07	42275.8   	50896.7   	16716.6   	16689     	24449.9   
6554.307985	1.39587e+07	1.44118e+07	1.57543e+07	1.58046e+07	42617.2   	51788.3   	16863.9   	16849.9   	24695     
6647.940942	1.41133e+07	1.45923e+07	1.5983e+07	1.60339e+07	42951     	52687.4   	17008.4   	17007.7   	24935.7   
6741.573899	1.42678e+07	1.47728e+07	1.62116e+07	1.62633e+07	43284.8   	53586.4   	17152.9   	17165.5   	25176.4   
6835.206856	1.44224e+07	1.49533e+07	1.64403e+07	1.64926e+07	43618.7   	54485.5   	17297.4   	17323.3   	25417     
6928.839813	1.4577e+07	1.51338e+07	1.6669e+07	1.6722e+07	43952.5   	55384.6   	17441.9   	17481.1   	25657.7   
7022.472770	1.47297e+07	1.5313e+07	1.68973e+07	1.69509e+07	44282.6   	56287.7   	17585     	17637.4   	25896.1   
7116.105727	1.48769e+07	1.54881e+07	1.71245e+07	1.71788e+07	44600.7   	57203.8   	17723.7   	17788.7   	26127.3   
7209.738684	1.5024e+07	1.56633e+07	1.73517e+07	1.74067e+07	44918.9   	58119.9   	17862.4   	17940     	26358.5   
7303.371640	1.51712e+07	1.58385e+07	1.75789e+07	1.76346e+07	45237     	59036.1   	18001.1   	18091.3   	26589.7   
7397.004597	1.53183e+07	1.60136e+07	1.78061e+07	1.78625e+07	45555.2   	59952.2   	18139.8   	18242.6   	26820.9   
7490.637554	1.54654e+07	1.61888e+07	1.80333e+07	1.80904e+07	45873.3   	60868.3   	18278.5   	18393.9   	27052.1   
7584.270511	1.56063e+07	1.63594e+07	1.82593e+07	1.8317e+07	46179     	61799.3   	18412.6   	18540     	27275.6   
7677.903468	1.57465e+07	1.65295e+07	1.84852e+07	1.85436e+07	46483.2   	62732     	18546.2   	18685.5   	27498.3   
7771.536425	1.58867e+07	1.66996e+07	1.8711e+07	1.87701e+07	46787.4   	63664.8   	18679.9   	18831     	27721     
7865.169382	1.60269e+07	1.68697e+07	1.89369e+07	1.89966e+07	47091.6   	64597.5   	18813.5   	18976.5   	27943.7   
7958.802339	1.61671e+07	1.70398e+07	1.91627e+07	1.92231e+07	47395.8   	65530.2   	18947.1   	19122     	28166.4   
8052.435296	1.63037e+07	1.72072e+07	1.93879e+07	1.94489e+07	47693.1   	66472.1   	19078.2   	19264.6   	28384.9   
8146.068253	1.64374e+07	1.73725e+07	1.96124e+07	1.96741e+07	47984.9   	67421.3   	19207.3   	19404.9   	28599.9   
8239.701210	1.65711e+07	1.75379e+07	1.9837e+07	1.98994e+07	48276.6   	68370.4   	19336.4   	19545.2   	28815     
8333.334167	1.67048e+07	1.77032e+07	2.00616e+07	2.01246e+07	48568.4   	69319.6   	19465.5   	19685.5   	29030.1   
8426.967124	1.68385e+07	1.78685e+07	2.02861e+07	2.03498e+07	48860.2   	70268.7   	19594.6   	19825.8   	29245.2   
8520.600081	1.69709e+07	1.80328e+07	2.05104e+07	2.05748e+07	49149.5   	71221.4   	19722.9   	19965.1   	29458.7   
8614.233037	1.70986e+07	1.81935e+07	2.07338e+07	2.07988e+07	49430.1   	72186.6   	19848     	20100.7   	29666.9   
8707.865994	1.72262e+07	1.83543e+07	2.09572e+07	2.10228e+07	49710.7   	73151.8   	19973.2   	20236.3   	29875.1   
8801.498951	1.73539e+07	1.8515e+07	2.11805e+07	2.12468e+07	49991.3   	74117.1   	20098.3   	20372     	30083.3   
8895.131908	1.74815e+07	1.86758e+07	2.14039e+07	2.14708e+07	50271.9   	75082.3   	20223.5   	20507.6   	30291.5   
8988.764865	1.76092e+07	1.88366e+07	2.16272e+07	2.16948e+07	50552.5   	76047.5   	20348.6   	20643.2   	30499.7   
9082.397822	1.77318e+07	1.89935e+07	2.18496e+07	2.19178e+07	50824.2   	77026.6   	20470.6   	20775.1   	30702.4   
9176.030779	1.78538e+07	1.91499e+07	2.20718e+07	2.21406e+07	51094.7   	78007.6   	20592.2   	20906.5   	30904.4   
9269.663736	1.79758e+07	1.93064e+07	2.2294e+07	2.23635e+07	51365.2   	78988.5   	20713.9   	21037.9   	31106.4   
9363.296693	1.80978e+07	1.94628e+07	2.25162e+07	2.25863e+07	51635.7   	79969.5   	20835.5   	21169.3   	31308.3   
9456.929650	1.82197e+07	1.96193e+07	2.27384e+07	2.28092e+07	51906.2   	80950.5   	20957.1   	21300.7   	31510.3   
9550.562607	1.83388e+07	1.97735e+07	2.29601e+07	2.30314e+07	52171.7   	81939.8   	21077     	21430.1   	31709.2   
9644.195564	1.84555e+07	1.99258e+07	2.31812e+07	2.32532e+07	52433     	82936.3   	21195.4   	21557.7   	31905.5   
9737.828521	1.85722e+07	2.00781e+07	2.34023e+07	2.34749e+07	52694.2   	83932.8   	21313.8   	21685.2   	32101.8   
9831.461478	1.86888e+07	2.02305e+07	2.36235e+07	2.36967e+07	52955.5   	84929.3   	21432.3   	21812.8   	32298.1   
9925.094434	1.88055e+07	2.03828e+07	2.38446e+07	2.39184e+07	53216.8   	85925.8   	21550.7   	21940.4   	32494.4   
10018.727391	1.89207e+07	2.0534e+07	2.40654e+07	2.41398e+07	53475.6   	86926.7   	21668.3   	22067     	32689.2   
10112.360348	1.90301e+07	2.06806e+07	2.4285e+07	2.43601e+07	53724.6   	87945.7   	21782.7   	22189.4   	32878     
10205.993305	1.91394e+07	2.08271e+07	2.45046e+07	2.45803e+07	53973.5   	88964.6   	21897     	22311.9   	33066.7   
10299.626262	1.92488e+07	2.09737e+07	2.47242e+07	2.48005e+07	54222.5   	89983.5   	22011.3   	22434.4   	33255.5   
10393.259219	1.93581e+07	2.11203e+07	2.49438e+07	2.50207e+07	54471.4   	91002.4   	22125.6   	22556.9   	33444.3   
10486.892176	1.94675e+07	2.12669e+07	2.51634e+07	2.52409e+07	54720.4   	92021.4   	22239.9   	22679.4   	33633     
10580.525133	1.95768e+07	2.14134e+07	2.5383e+07	2.54611e+07	54969.4   	93040.3   	22354.2   	22801.9   	33821.8   
10674.158090	1.96862e+07	2.156e+07 	2.56026e+07	2.56813e+07	55218.3   	94059.2   	22468.5   	22924.4   	34010.6   
10767.791047	1.97955e+07	2.17066e+07	2.58222e+07	2.59015e+07	55467.3   	95078.1   	22582.8   	23046.9   	34199.3   
10861.424004	1.99049e+07	2.18532e+07	2.60418e+07	2.61217e+07	55716.3   	96097.1   	22697.1   	23169.4   	34388.1   
10955.056961	2.00142e+07	2.19997e+07	2.62614e+07	2.6342e+07	55965.2   	97116     	22811.5   	23291.9   	34576.9   
11048.689918	2.0119e+07	2.21426e+07	2.648e+07 	2.65612e+07	56206.7   	98149.5   	22923.3   	23411.4   	34761.1   
11142.322875	2.02196e+07	2.22821e+07	2.66978e+07	2.67795e+07	56441.4   	99196.5   	23033     	23528     	34941.2   
11235.955831	2.03202e+07	2.24216e+07	2.69155e+07	2.69978e+07	56676     	100244    	23142.7   	23644.7   	35121.2   
11329.588788	2.04207e+07	2.25611e+07	2.71332e+07	2.72162e+07	56910.7   	101291    	23252.3   	23761.3   	35301.3   
11423.221745	2.05213e+07	2.27006e+07	2.73509e+07	2.74345e+07	57145.3   	102338    	23362     	23878     	35481.3   
11516.854702	2.06219e+07	2.28402e+07	2.75686e+07	2.76528e+07	57380     	103385    	23471.6   	23994.6   	35661.4   
11610.487659	2.07225e+07	2.29797e+07	2.77864e+07	2.78711e+07	57614.6   	104432    	23581.3   	24111.3   	35841.5   
11704.120616	2.0823e+07	2.31192e+07	2.80041e+07	2.80895e+07	57849.3   	105479    	23690.9   	24227.9   	36021.5   
11797.753573	2.09236e+07	2.32587e+07	2.82218e+07	2.83078e+07	58083.9   	106526    	23800.6   	24344.6   	36201.6   
11891.386530	2.10242e+07	2.33982e+07	2.84395e+07	2.85261e+07	58318.6   	107573    	23910.2   	24461.2   	36381.6   
11985.019487	2.11248e+07	2.35377e+07	2.86573e+07	2.87444e+07	58553.2   	108620    	24019.9   	24577.9   	36561.7   
12078.652444	2.12188e+07	2.36718e+07	2.88736e+07	2.89613e+07	58777.5   	109689    	24126.3   	24690.4   	36735.6   
12172.285401	2.13116e+07	2.38049e+07	2.90896e+07	2.91779e+07	58999.9   	110763    	24232.1   	24802.1   	36908.2   
12265.918358	2.14044e+07	2.3938e+07	2.93056e+07	2.93945e+07	59222.3   	111837    	24337.9   	24913.8   	37080.9   
12359.551315	2.14972e+07	2.4071e+07	2.95216e+07	2.96111e+07	59444.6   	112911    	24443.7   	25025.5   	37253.6   
12453.184272	2.15901e+07	2.42041e+07	2.97377e+07	2.98277e+07	59667     	113984    	24549.5   	25137.2   	37426.3   
12546.817228	2.16829e+07	2.43372e+07	2.99537e+07	3.00443e+07	59889.4   	115058    	24655.3   	25248.9   	37599     
12640.450185	2.17757e+07	2.44703e+07	3.01697e+07	3.02609e+07	60111.7   	116132    	24761.1   	25360.6   	37771.7   
12734.083142	2.18685e+07	2.46034e+07	3.03857e+07	3.04775e+07	60334.1   	117206    	24866.9   	25472.3   	37944.3   
12827.716099	2.19613e+07	2.47364e+07	3.06017e+07	3.06942e+07	60556.5   	118280    	24972.7   	25584     	38117     
12921.349056	2.20541e+07	2.48695e+07	3.08178e+07	3.09108e+07	60778.8   	119353    	25078.5   	25695.8   	38289.7   
13014.982013	2.21458e+07	2.50017e+07	3.10335e+07	3.11271e+07	60999.5   	120431    	25183.8   	25806.8   	38461.4   
13108.614970	2.22317e+07	2.51289e+07	3.1248e+07	3.13422e+07	61211.2   	121532    	25286.4   	25914.3   	38627.8   
13202.247927	2.23176e+07	2.52561e+07	3.14625e+07	3.15572e+07	61422.9   	122632    	25388.9   	26021.8   	38794.1   
13295.880884	2.24036e+07	2.53833e+07	3.16769e+07	3.17722e+07	61634.6   	123733    	25491.5   	26129.3   	38960.5   
13389.513841	2.24895e+07	2.55106e+07	3.18914e+07	3.19873e+07	61846.3   	124833    	25594.1   	26236.8   	39126.9   
13483.146798	2.25754e+07	2.56378e+07	3.21059e+07	3.22023e+07	62057.9   	125934    	25696.7   	26344.3   	39293.2   
13576.779755	2.26613e+07	2.5765e+07	3.23204e+07	3.24173e+07	62269.6   	127034    	25799.2   	26451.8   	39459.6   
13670.412712	2.27472e+07	2.58922e+07	3.25348e+07	3.26324e+07	62481.3   	128135    	25901.8   	26559.3   	39626     
13764.045669	2.28331e+07	2.60195e+07	3.27493e+07	3.28474e+07	62693     	129235    	26004.4   	26666.8   	39792.4   
13857.678625	2.2919e+07	2.61467e+07	3.29638e+07	3.30624e+07	62904.7   	130335    	26107     	26774.3   	39958.7   
13951.311582	2.30049e+07	2.62739e+07	3.31782e+07	3.32775e+07	63116.4   	131436    	26209.6   	26881.8   	40125.1   
14044.944539	2.30879e+07	2.63986e+07	3.3392e+07	3.34918e+07	63323.6   	132549    	26310.8   	26987.6   	40288.9   
14138.577496	2.31677e+07	2.65204e+07	3.36051e+07	3.37054e+07	63525.9   	133676    	26410.7   	27091.4   	40449.8   
14232.210453	2.32474e+07	2.66423e+07	3.38181e+07	3.3919e+07	63728.2   	134803    	26510.5   	27195.3   	40610.7   
14325.843410	2.33272e+07	2.67641e+07	3.40311e+07	3.41326e+07	63930.6   	135930    	26610.4   	27299.2   	40771.6   
14419.476367	2.34069e+07	2.6886e+07	3.42442e+07	3.43462e+07	64132.9   	137057    	26710.2   	27403.1   	40932.6   
14513.109324	2.34867e+07	2.70079e+07	3.44572e+07	3.45598e+07	64335.2   	138184    	26810.1   	27506.9   	41093.5   
14606.742281	2.35665e+07	2.71297e+07	3.46703e+07	3.47734e+07	64537.5   	139311    	26910     	27610.8   	41254.4   
14700.375238	2.36462e+07	2.72516e+07	3.48833e+07	3.49869e+07	64739.8   	140438    	27009.8   	27714.7   	41415.4   
14794.008195	2.3726e+07	2.73735e+07	3.50963e+07	3.52005e+07	64942.2   	141565    	27109.7   	27818.6   	41576.3   
14887.641152	2.38057e+07	2.74953e+07	3.53094e+07	3.54141e+07	65144.5   	142692    	27209.5   	27922.4   	41737.2   
14981.274109	2.38855e+07	2.76172e+07	3.55224e+07	3.56277e+07	65346.8   	143819    	27309.4   	28026.3   	41898.1   
15074.907066	2.39608e+07	2.77351e+07	3.57344e+07	3.58402e+07	65542.5   	144967    	27407.3   	28127.7   	42055.3   
15168.540022	2.40351e+07	2.78521e+07	3.59461e+07	3.60525e+07	65736.5   	146120    	27504.9   	28228.4   	42211.5   
15262.172979	2.41093e+07	2.7969e+07	3.61578e+07	3.62648e+07	65930.5   	147272    	27602.4   	28329.1   	42367.6   
15355.805936	2.41836e+07	2.80859e+07	3.63696e+07	3.6477e+07	66124.5   	148425    	27699.9   	28429.8   	42523.8   
15449.438893	2.42578e+07	2.82029e+07	3.65813e+07	3.66893e+07	66318.5   	149578    	27797.4   	28530.6   	42680     
15543.071850	2.43321e+07	2.83198e+07	3.6793e+07	3.69015e+07	66512.5   	150731    	27894.9   	28631.3   	42836.2   
15636.704807	2.44063e+07	2.84368e+07	3.70047e+07	3.71138e+07	66706.5   	151884    	27992.4   	28732     	42992.4   
15730.337764	2.44806e+07	2.85537e+07	3.72165e+07	3.7326e+07	66900.5   	153036    	28090     	28832.7   	43148.6   
15823.970721	2.45548e+07	2.86706e+07	3.74282e+07	3.75383e+07	67094.5   	154189    	28187.5   	28933.5   	43304.8   
15917.603678	2.46291e+07	2.87876e+07	3.76399e+07	3.77506e+07	67288.5   	155342    	28285     	29034.2   	43461     
16011.236635	2.47027e+07	2.8904e+07	3.78515e+07	3.79627e+07	67481.6   	156498    	28382.3   	29134.6   	43616.7   
16104.869592	2.4772e+07	2.90164e+07	3.8062e+07	3.81737e+07	67668.1   	157675    	28477.8   	29232.6   	43768.7   
16198.502549	2.48413e+07	2.91288e+07	3.82725e+07	3.83847e+07	67854.7   	158852    	28573.2   	29330.5   	43920.7   
16292.135506	2.49106e+07	2.92412e+07	3.8483e+07	3.85957e+07	68041.3   	160029    	28668.7   	29428.5   	44072.8   
16385.768463	2.49799e+07	2.93536e+07	3.86935e+07	3.88067e+07	68227.8   	161206    	28764.2   	29526.5   	44224.8   
16479.401419	2.50491e+07	2.9466e+07	3.8904e+07	3.90178e+07	68414.4   	162384    	28859.7   	29624.4   	44376.8   
16573.034376	2.51184e+07	2.95784e+07	3.91145e+07	3.92288e+07	68600.9   	163561    	28955.2   	29722.4   	44528.9   
16666.667333	2.51877e+07	2.96908e+07	3.9325e+07	3.94398e+07	68787.5   	164738    	29050.7   	29820.4   	44680.9   
16760.300290	2.5257e+07	2.98032e+07	3.95354e+07	3.96508e+07	68974.1   	165915    	29146.2   	29918.4   	44832.9   
16853.933247	2.53263e+07	2.99156e+07	3.97459e+07	3.98618e+07	69160.6   	167092    	29241.7   	30016.3   	44985     
16947.566204	2.53956e+07	3.0028e+07	3.99564e+07	4.00728e+07	69347.2   	168270    	29337.2   	30114.3   	45137     
17041.199161	2.54629e+07	3.01386e+07	4.01664e+07	4.02834e+07	69530.8   	169457    	29431.9   	30211.2   	45287.4   
17134.832118	2.55277e+07	3.02468e+07	4.03758e+07	4.04932e+07	69710.6   	170657    	29525.6   	30306.7   	45435.8   
17228.465075	2.55925e+07	3.0355e+07	4.05851e+07	4.07031e+07	69890.5   	171857    	29619.3   	30402.3   	45584.1   
17322.098032	2.56573e+07	3.04633e+07	4.07945e+07	4.0913e+07	70070.3   	173057    	29713     	30497.8   	45732.5   
17415.730989	2.57222e+07	3.05715e+07	4.10039e+07	4.11228e+07	70250.2   	174258    	29806.7   	30593.4   	45880.9   
17509.363946	2.5787e+07	3.06797e+07	4.12132e+07	4.13327e+07	70430     	175458    	29900.5   	30688.9   	46029.2   
17602.996903	2.58518e+07	3.07879e+07	4.14226e+07	4.15426e+07	70609.9   	176658    	29994.2   	30784.4   	46177.6   
17696.629860	2.59166e+07	3.08961e+07	4.16319e+07	4.17524e+07	70789.8   	177858    	30087.9   	30880     	46326     
17790.262816	2.59814e+07	3.10043e+07	4.18413e+07	4.19623e+07	70969.6   	179058    	30181.6   	30975.5   	46474.3   
17883.895773	2.60462e+07	3.11125e+07	4.20506e+07	4.21722e+07	71149.5   	180259    	30275.3   	31071.1   	46622.7   
17977.528730	2.6111e+07	3.12208e+07	4.226e+07 	4.2382e+07	71329.3   	181459    	30369     	31166.6   	46771.1   
18071.161687	2.61728e+07	3.1326e+07	4.24685e+07	4.25911e+07	71504.5   	182676    	30461.6   	31260.5   	46917     
18164.794644	2.62335e+07	3.14304e+07	4.26768e+07	4.27999e+07	71678.3   	183898    	30553.7   	31353.9   	47062.1   
18258.427601	2.62943e+07	3.15347e+07	4.28851e+07	4.30087e+07	71852.1   	185119    	30645.9   	31447.3   	47207.2   
18352.060558	2.6355e+07	3.1639e+07	4.30934e+07	4.32174e+07	72025.9   	186341    	30738     	31540.7   	47352.3   
18445.693515	2.64158e+07	3.17434e+07	4.33017e+07	4.34262e+07	72199.6   	187563    	30830.2   	31634.1   	47497.4   
18539.326472	2.64765e+07	3.18477e+07	4.351e+07 	4.3635e+07	72373.4   	188785    	30922.3   	31727.4   	47642.5   
18632.959429	2.65373e+07	3.1952e+07	4.37182e+07	4.38438e+07	72547.2   	190007    	31014.5   	31820.8   	47787.6   
18726.592386	2.65981e+07	3.20564e+07	4.39265e+07	4.40526e+07	72721     	191229    	31106.6   	31914.2   	47932.7   
18820.225343	2.66588e+07	3.21607e+07	4.41348e+07	4.42614e+07	72894.7   	192451    	31198.8   	32007.6   	48077.9   
18913.858300	2.67196e+07	3.2265e+07	4.43431e+07	4.44702e+07	73068.5   	193673    	31290.9   	32101     	48223     
19007.491257	2.678e+07 	3.23691e+07	4.45513e+07	4.46789e+07	73241.8   	194897    	31383     	32194.2   	48367.9   
19101.124213	2.68371e+07	3.24698e+07	4.47586e+07	4.48867e+07	73410.1   	196139    	31473.7   	32285.7   	48510.1   
19194.757170	2.68942e+07	3.25705e+07	4.49659e+07	4.50944e+07	73578.3   	197382    	31564.5   	32377.2   	48652.3   
19288.390127	2.69513e+07	3.26712e+07	4.51732e+07	4.53022e+07	73746.5   	198625    	31655.3   	32468.6   	48794.5   
19382.023084	2.70083e+07	3.2772e+07	4.53804e+07	4.551e+07 	73914.8   	199867    	31746     	32560.1   	48936.7   
19475.656041	2.70654e+07	3.28727e+07	4.55877e+07	4.57178e+07	74083     	201110    	31836.8   	32651.6   	49078.9   
19569.288998	2.71225e+07	3.29734e+07	4.5795e+07	4.59256e+07	74251.2   	202353    	31927.5   	32743     	49221.1   
19662.921955	2.71796e+07	3.30741e+07	4.60023e+07	4.61333e+07	74419.5   	203595    	32018.3   	32834.5   	49363.4   
19756.554912	2.72366e+07	3.31748e+07	4.62096e+07	4.63411e+07	74587.7   	204838    	32109.1   	32926     	49505.6   
19850.187869	2.72937e+07	3.32756e+07	4.64169e+07	4.65489e+07	74755.9   	206080    	32199.8   	33017.4   	49647.8   
19943.820826	2.73508e+07	3.33763e+07	4.66241e+07	4.67567e+07	74924.2   	207323    	32290.6   	33108.9   	49790     
20037.453783	2.74065e+07	3.34757e+07	4.6831e+07	4.69641e+07	75090.4   	208574    	32380.8   	33199.7   	49931.2   
20131.086740	2.74602e+07	3.3573e+07	4.70374e+07	4.71709e+07	75253.5   	209836    	32470.3   	33289.4   	50070.8   
20224.719697	2.75139e+07	3.36704e+07	4.72437e+07	4.73777e+07	75416.7   	211099    	32559.8   	33379.2   	50210.4   
20318.352654	2.75677e+07	3.37678e+07	4.74501e+07	4.75846e+07	75579.8   	212361    	32649.3   	33468.9   	50350     
20411.985610	2.76214e+07	3.38651e+07	4.76564e+07	4.77914e+07	75743     	213624    	32738.8   	33558.6   	50489.6   
20505.618567	2.76751e+07	3.39625e+07	4.78627e+07	4.79982e+07	75906.1   	214887    	32828.3   	33648.4   	50629.2   
20599.251524	2.77288e+07	3.40598e+07	4.80691e+07	4.82051e+07	76069.3   	216149    	32917.8   	33738.1   	50768.8   
20692.884481	2.77825e+07	3.41572e+07	4.82754e+07	4.84119e+07	76232.5   	217412    	33007.3   	33827.8   	50908.3   
20786.517438	2.78362e+07	3.42546e+07	4.84818e+07	4.86187e+07	76395.6   	218674    	33096.8   	33917.6   	51047.9   
20880.150395	2.78899e+07	3.43519e+07	4.86881e+07	4.88255e+07	76558.8   	219937    	33186.3   	34007.3   	51187.5   
20973.783352	2.79437e+07	3.44493e+07	4.88944e+07	4.90324e+07	76721.9   	221200    	33275.8   	34097     	51327.1   
21067.416309	2.79952e+07	3.45444e+07	4.91001e+07	4.92386e+07	76881.7   	222477    	33364.4   	34185.7   	51465.1   
21161.049266	2.80458e+07	3.46386e+07	4.93056e+07	4.94445e+07	77040.2   	223760    	33452.8   	34273.8   	51602.3   
21254.682223	2.80965e+07	3.47328e+07	4.9511e+07	4.96504e+07	77198.7   	225043    	33541.1   	34362     	51739.6   
21348.315180	2.81471e+07	3.48271e+07	4.97165e+07	4.98564e+07	77357.2   	226326    	33629.5   	34450.2   	51876.8   
21441.948137	2.81977e+07	3.49213e+07	4.9922e+07	5.00623e+07	77515.7   	227610    	33717.8   	34538.4   	52014.1   
21535.581094	2.82484e+07	3.50155e+07	5.01274e+07	5.02682e+07	77674.2   	228893    	33806.2   	34626.6   	52151.3   
21629.214051	2.8299e+07	3.51097e+07	5.03329e+07	5.04742e+07	77832.7   	230176    	33894.5   	34714.7   	52288.5   
21722.847007	2.83497e+07	3.52039e+07	5.05383e+07	5.06801e+07	77991.2   	231459    	33982.9   	34802.9   	52425.8   
21816.479964	2.84003e+07	3.52982e+07	5.07438e+07	5.0886e+07	78149.7   	232742    	34071.2   	34891.1   	52563     
21910.112921	2.8451e+07	3.53924e+07	5.09492e+07	5.1092e+07	78308.2   	234026    	34159.6   	34979.3   	52700.3   
22003.745878	2.85015e+07	3.54865e+07	5.11546e+07	5.12979e+07	78466.5   	235310    	34247.9   	35067.4   	52837.5   
22097.378835	2.85493e+07	3.55778e+07	5.13593e+07	5.1503e+07	78620.7   	236613    	34335.2   	35154.2   	52972.6   
22191.011792	2.85972e+07	3.56691e+07	5.15639e+07	5.17081e+07	78774.9   	237917    	34422.5   	35240.9   	53107.7   
22284.644749	2.8645e+07	3.57603e+07	5.17685e+07	5.19131e+07	78929.1   	239221    	34509.8   	35327.7   	53242.8   
22378.277706	2.86928e+07	3.58516e+07	5.19731e+07	5.21182e+07	79083.3   	240525    	34597.1   	35414.5   	53377.9   
22471.910663	2.87406e+07	3.59429e+07	5.21778e+07	5.23233e+07	79237.5   	241829    	34684.4   	35501.2   	53513.1   
22565.543620	2.87885e+07	3.60342e+07	5.23824e+07	5.25284e+07	79391.8   	243133    	34771.7   	35588     	53648.2   
22659.176577	2.88363e+07	3.61255e+07	5.2587e+07	5.27335e+07	79546     	244436    	34859     	35674.8   	53783.3   
22752.809534	2.88841e+07	3.62168e+07	5.27916e+07	5.29386e+07	79700.2   	245740    	34946.4   	35761.5   	53918.4   
22846.442491	2.8932e+07	3.6308e+07	5.29963e+07	5.31437e+07	79854.4   	247044    	35033.7   	35848.3   	54053.5   
22940.075448	2.89798e+07	3.63993e+07	5.32009e+07	5.33488e+07	80008.6   	248348    	35121     	35935.1   	54188.7   
23033.708404	2.90267e+07	3.64896e+07	5.34052e+07	5.35536e+07	80161.3   	249659    	35207.9   	36021.4   	54323.1   
23127.341361	2.90719e+07	3.65781e+07	5.3609e+07	5.37579e+07	80311.6   	250982    	35294.3   	36106.8   	54456.2   
23220.974318	2.91172e+07	3.66667e+07	5.38129e+07	5.39621e+07	80461.8   	252305    	35380.6   	36192.3   	54589.4   
23314.607275	2.91624e+07	3.67552e+07	5.40167e+07	5.41664e+07	80612     	253628    	35466.9   	36277.8   	54722.6   
23408.240232	2.92077e+07	3.68437e+07	5.42205e+07	5.43707e+07	80762.2   	254951    	35553.3   	36363.2   	54855.8   
23501.873189	2.92529e+07	3.69322e+07	5.44244e+07	5.4575e+07	80912.4   	256275    	35639.6   	36448.7   	54988.9   
23595.506146	2.92981e+07	3.70208e+07	5.46282e+07	5.47793e+07	81062.7   	257598    	35725.9   	36534.2   	55122.1   
23689.139103	2.93434e+07	3.71093e+07	5.4832e+07	5.49836e+07	81212.9   	258921    	35812.3   	36619.6   	55255.3   
23782.772060	2.93886e+07	3.71978e+07	5.50359e+07	5.51879e+07	81363.1   	260244    	35898.6   	36705.1   	55388.4   
23876.405017	2.94339e+07	3.72863e+07	5.52397e+07	5.53921e+07	81513.3   	261567    	35984.9   	36790.6   	55521.6   
23970.037974	2.94791e+07	3.73749e+07	5.54435e+07	5.55964e+07	81663.5   	262891    	36071.3   	36876.1   	55654.8   
24063.670931	2.95227e+07	3.74616e+07	5.56469e+07	5.58002e+07	81811.2   	264226    	36157     	36960.7   	55786.7   
24157.303888	2.95656e+07	3.75476e+07	5.58499e+07	5.60037e+07	81957.7   	265568    	36242.4   	37045     	55918.1   
24250.936845	2.96084e+07	3.76335e+07	5.6053e+07	5.62073e+07	82104.3   	266910    	36327.8   	37129.3   	56049.5   
24344.569801	2.96513e+07	3.77194e+07	5.62561e+07	5.64108e+07	82250.8   	268252    	36413.3   	37213.6   	56180.9   
24438.202758	2.96942e+07	3.78054e+07	5.64592e+07	5.66143e+07	82397.3   	269594    	36498.7   	37297.9   	56312.3   
24531.835715	2.9737e+07	3.78913e+07	5.66623e+07	5.68178e+07	82543.8   	270936    	36584.1   	37382.1   	56443.7   
24625.468672	2.97799e+07	3.79772e+07	5.68653e+07	5.70214e+07	82690.3   	272278    	36669.6   	37466.4   	56575.1   
24719.101629	2.98227e+07	3.80632e+07	5.70684e+07	5.72249e+07	82836.8   	273620    	36755     	37550.7   	56706.4   
24812.734586	2.98656e+07	3.81491e+07	5.72715e+07	5.74284e+07	82983.3   	274961    	36840.4   	37635     	56837.8   
24906.367543	2.99084e+07	3.8235e+07	5.74746e+07	5.76319e+07	83129.8   	276303    	36925.8   	37719.3   	56969.2   
25000.000500	2.99513e+07	3.8321e+07	5.76777e+07	5.78355e+07	83276.3   	277645    	37011.3   	37803.6   	57100.6   
25093.633457	2.9992e+07	3.84045e+07	5.788e+07 	5.80383e+07	83419.4   	279005    	37095.9   	37886.8   	57230.4   
25187.266414	3.00326e+07	3.8488e+07	5.80824e+07	5.82411e+07	83562.4   	280366    	37180.4   	37969.9   	57360.1   
25280.899371	3.00733e+07	3.85715e+07	5.82848e+07	5.84439e+07	83705.5   	281726    	37265     	38053.1   	57489.8   
25374.532328	3.01139e+07	3.8655e+07	5.84872e+07	5.86467e+07	83848.5   	283086    	37349.6   	38136.3   	57619.6   
25468.165285	3.01546e+07	3.87385e+07	5.86895e+07	5.88495e+07	83991.6   	284447    	37434.2   	38219.5   	57749.3   
25561.798242	3.01952e+07	3.8822e+07	5.88919e+07	5.90523e+07	84134.6   	285807    	37518.8   	38302.7   	57879.1   
25655.431199	3.02359e+07	3.89054e+07	5.90943e+07	5.92551e+07	84277.7   	287167    	37603.3   	38385.9   	58008.8   
25749.064155	3.02766e+07	3.89889e+07	5.92966e+07	5.94579e+07	84420.7   	288527    	37687.9   	38469.1   	58138.5   
25842.697112	3.03172e+07	3.90724e+07	5.9499e+07	5.96607e+07	84563.8   	289888    	37772.5   	38552.2   	58268.3   
25936.330069	3.03579e+07	3.91559e+07	5.97014e+07	5.98635e+07	84706.9   	291248    	37857.1   	38635.4   	58398     
26029.963026	3.03979e+07	3.92387e+07	5.99035e+07	6.00661e+07	84848.9   	292614    	37941.4   	38718.3   	58527.3   
26123.595983	3.04365e+07	3.93199e+07	6.01052e+07	6.02682e+07	84988.7   	293992    	38025.2   	38800.5   	58655.5   
26217.228940	3.04751e+07	3.94011e+07	6.03069e+07	6.04703e+07	85128.5   	295371    	38109     	38882.6   	58783.7   
26310.861897	3.05137e+07	3.94823e+07	6.05086e+07	6.06724e+07	85268.3   	296749    	38192.7   	38964.8   	58912     
26404.494854	3.05524e+07	3.95635e+07	6.07103e+07	6.08745e+07	85408.1   	298128    	38276.5   	39047     	59040.2   
26498.127811	3.0591e+07	3.96447e+07	6.0912e+07	6.10766e+07	85548     	299506    	38360.3   	39129.1   	59168.4   
26591.760768	3.06296e+07	3.97259e+07	6.11137e+07	6.12787e+07	85687.8   	300884    	38444.1   	39211.3   	59296.6   
26685.393725	3.06682e+07	3.9807e+07	6.13153e+07	6.14808e+07	85827.6   	302263    	38527.9   	39293.5   	59424.9   
26779.026682	3.07068e+07	3.98882e+07	6.1517e+07	6.16829e+07	85967.4   	303641    	38611.6   	39375.7   	59553.1   
26872.659639	3.07455e+07	3.99694e+07	6.17187e+07	6.18851e+07	86107.2   	305020    	38695.4   	39457.8   	59681.3   
26966.292596	3.07841e+07	4.00506e+07	6.19204e+07	6.20872e+07	86247.1   	306398    	38779.2   	39540     	59809.5   
27059.925552	3.08215e+07	4.01304e+07	6.21217e+07	6.22889e+07	86384.9   	307788    	38862.5   	39621.6   	59936.8   
27153.558509	3.08582e+07	4.02095e+07	6.23227e+07	6.24903e+07	86521.7   	309184    	38945.5   	39702.8   	60063.7   
27247.191466	3.0895e+07	4.02885e+07	6.25238e+07	6.26918e+07	86658.5   	310580    	39028.5   	39784     	60190.5   
27340.824423	3.09317e+07	4.03675e+07	6.27248e+07	6.28932e+07	86795.3   	311977    	39111.5   	39865.2   	60317.3   
27434.457380	3.09684e+07	4.04465e+07	6.29259e+07	6.30947e+07	86932.1   	313373    	39194.6   	39946.5   	60444.1   
27528.090337	3.10051e+07	4.05255e+07	6.31269e+07	6.32961e+07	87068.9   	314769    	39277.6   	40027.7   	60570.9   
27621.723294	3.10419e+07	4.06045e+07	6.3328e+07	6.34976e+07	87205.7   	316166    	39360.6   	40108.9   	60697.7   
27715.356251	3.10786e+07	4.06836e+07	6.3529e+07	6.3699e+07	87342.5   	317562    	39443.6   	40190.1   	60824.5   
27808.989208	3.11153e+07	4.07626e+07	6.37301e+07	6.39005e+07	87479.3   	318958    	39526.6   	40271.4   	60951.3   
27902.622165	3.11521e+07	4.08416e+07	6.39311e+07	6.41019e+07	87616.1   	320355    	39609.6   	40352.6   	61078.1   
27996.255122	3.11888e+07	4.09206e+07	6.41322e+07	6.43034e+07	87752.8   	321751    	39692.6   	40433.8   	61204.9   
28089.888079	3.12238e+07	4.09977e+07	6.43326e+07	6.45042e+07	87886.9   	323164    	39775     	40514.2   	61330.5   
28183.521036	3.12588e+07	4.10746e+07	6.4533e+07	6.47051e+07	88020.8   	324578    	39857.3   	40594.5   	61456     
28277.153993	3.12938e+07	4.11516e+07	6.47335e+07	6.49059e+07	88154.8   	325992    	39939.6   	40674.9   	61581.5   
28370.786949	3.13288e+07	4.12285e+07	6.49339e+07	6.51067e+07	88288.7   	327406    	40021.8   	40755.2   	61707     
28464.419906	3.13637e+07	4.13055e+07	6.51343e+07	6.53075e+07	88422.7   	328820    	40104.1   	40835.5   	61832.5   
28558.052863	3.13987e+07	4.13825e+07	6.53348e+07	6.55083e+07	88556.6   	330234    	40186.4   	40915.9   	61958     
28651.685820	3.14337e+07	4.14594e+07	6.55352e+07	6.57092e+07	88690.5   	331648    	40268.7   	40996.2   	62083.5   
28745.318777	3.14687e+07	4.15364e+07	6.57356e+07	6.591e+07 	88824.5   	333062    	40351     	41076.6   	62209     
28838.951734	3.15037e+07	4.16134e+07	6.5936e+07	6.61108e+07	88958.4   	334476    	40433.3   	41156.9   	62334.4   
28932.584691	3.15386e+07	4.16903e+07	6.61365e+07	6.63116e+07	89092.3   	335890    	40515.6   	41237.2   	62459.9   
29026.217648	3.15731e+07	4.17667e+07	6.63367e+07	6.65123e+07	89225.5   	337309    	40597.7   	41317.3   	62585.1   
29119.850605	3.16065e+07	4.18417e+07	6.65366e+07	6.67125e+07	89356.8   	338741    	40679.3   	41396.9   	62709.3   
29213.483562	3.16398e+07	4.19167e+07	6.67364e+07	6.69127e+07	89488     	340172    	40760.9   	41476.4   	62833.6   
29307.116519	3.16732e+07	4.19918e+07	6.69362e+07	6.71129e+07	89619.3   	341604    	40842.5   	41555.9   	62957.9   
29400.749476	3.17065e+07	4.20668e+07	6.71361e+07	6.73132e+07	89750.5   	343036    	40924.1   	41635.4   	63082.1   
29494.382433	3.17399e+07	4.21418e+07	6.73359e+07	6.75134e+07	89881.8   	344467    	41005.7   	41714.9   	63206.4   
29588.015390	3.17732e+07	4.22168e+07	6.75357e+07	6.77136e+07	90013     	345899    	41087.2   	41794.4   	63330.6   
29681.648346	3.18065e+07	4.22918e+07	6.77356e+07	6.79138e+07	90144.3   	347330    	41168.8   	41873.9   	63454.9   
29775.281303	3.18399e+07	4.23668e+07	6.79354e+07	6.8114e+07	90275.5   	348762    	41250.4   	41953.4   	63579.2   
29868.914260	3.18732e+07	4.24418e+07	6.81353e+07	6.83142e+07	90406.8   	350193    	41332     	42032.9   	63703.4   
29962.547217	3.19066e+07	4.25168e+07	6.83351e+07	6.85145e+07	90538     	351625    	41413.6   	42112.4   	63827.7   
30056.180174	3.19386e+07	4.25902e+07	6.85344e+07	6.87142e+07	90667     	353072    	41494.6   	42191.2   	63950.9   
30149.813131	3.19697e+07	4.26625e+07	6.87334e+07	6.89135e+07	90794.5   	354529    	41575.2   	42269.6   	64073.4   
30243.446088	3.20008e+07	4.27348e+07	6.89324e+07	6.91129e+07	90922     	355986    	41655.8   	42347.9   	64196     
30337.079045	3.20319e+07	4.2807e+07	6.91314e+07	6.93122e+07	91049.5   	357443    	41736.4   	42426.3   	64318.5   
30430.712002	3.2063e+07	4.28793e+07	6.93304e+07	6.95116e+07	91177     	358900    	41817     	42504.6   	64441.1   
30524.344959	3.20941e+07	4.29516e+07	6.95294e+07	6.9711e+07	91304.5   	360358    	41897.5   	42583     	64563.6   
30617.977916	3.21252e+07	4.30239e+07	6.97284e+07	6.99103e+07	91432     	361815    	41978.1   	42661.3   	64686.1   
30711.610873	3.21563e+07	4.30962e+07	6.99274e+07	7.01097e+07	91559.5   	363272    	42058.7   	42739.6   	64808.7   
30805.243830	3.21874e+07	4.31684e+07	7.01264e+07	7.03091e+07	91687     	364729    	42139.3   	42818     	64931.2   
30898.876787	3.22185e+07	4.32407e+07	7.03254e+07	7.05084e+07	91814.5   	366186    	42219.9   	42896.3   	65053.8   
30992.509743	3.22497e+07	4.3313e+07	7.05244e+07	7.07078e+07	91942     	367643    	42300.5   	42974.7   	65176.3   
31086.142700	3.22808e+07	4.33853e+07	7.07234e+07	7.09071e+07	92069.6   	369100    	42381.1   	43053     	65298.8   
31179.775657	3.23119e+07	4.34575e+07	7.09224e+07	7.11065e+07	92197.1   	370557    	42461.6   	43131.4   	65421.4   
31273.408614	3.2343e+07	4.35298e+07	7.11214e+07	7.13059e+07	92324.6   	372014    	42542.2   	43209.7   	65543.9   
31367.041571	3.23741e+07	4.36021e+07	7.13203e+07	7.15052e+07	92452.1   	373472    	42622.8   	43288.1   	65666.5   
31460.674528	3.24052e+07	4.36744e+07	7.15193e+07	7.17046e+07	92579.6   	374929    	42703.4   	43366.4   	65789     
31554.307485	3.24363e+07	4.37467e+07	7.17183e+07	7.19039e+07	92707.1   	376386    	42784     	43444.7   	65911.5   
31647.940442	3.24674e+07	4.38189e+07	7.19173e+07	7.21033e+07	92834.6   	377843    	42864.6   	43523.1   	66034.1   
31741.573399	3.24985e+07	4.38912e+07	7.21163e+07	7.23027e+07	92962.1   	379300    	42945.2   	43601.4   	66156.6   
31835.206356	3.25296e+07	4.39635e+07	7.23153e+07	7.2502e+07	93089.6   	380757    	43025.8   	43679.8   	66279.2   
31928.839313	3.25607e+07	4.40358e+07	7.25143e+07	7.27014e+07	93217.1   	382214    	43106.3   	43758.1   	66401.7   
32022.472270	3.25912e+07	4.41072e+07	7.27131e+07	7.29005e+07	93343.5   	383679    	43186.6   	43836.1   	66523.7   
32116.105227	3.26197e+07	4.41762e+07	7.2911e+07	7.30988e+07	93466.4   	385169    	43265.9   	43913.1   	66644.2   
32209.738184	3.26481e+07	4.42451e+07	7.3109e+07	7.32971e+07	93589.4   	386658    	43345.3   	43990     	66764.6   
32303.371140	3.26765e+07	4.4314e+07	7.33069e+07	7.34954e+07	93712.3   	388148    	43424.6   	44066.9   	66885.1   
32397.004097	3.2705e+07	4.4383e+07	7.35049e+07	7.36937e+07	93835.2   	389637    	43503.9   	44143.8   	67005.5   
32490.637054	3.27334e+07	4.44519e+07	7.37028e+07	7.38919e+07	93958.2   	391127    	43583.2   	44220.7   	67126     
32584.270011	3.27619e+07	4.45208e+07	7.39007e+07	7.40902e+07	94081.1   	392616    	43662.5   	44297.7   	67246.4   
32677.902968	3.27903e+07	4.45897e+07	7.40987e+07	7.42885e+07	94204.1   	394105    	43741.8   	44374.6   	67366.9   
32771.535925	3.28188e+07	4.46587e+07	7.42966e+07	7.44868e+07	94327     	395595    	43821.1   	44451.5   	67487.3   
32865.168882	3.28472e+07	4.47276e+07	7.44946e+07	7.46851e+07	94449.9   	397084    	43900.5   	44528.4   	67607.8   
32958.801839	3.28756e+07	4.47965e+07	7.46925e+07	7.48834e+07	94572.9   	398574    	43979.8   	44605.4   	67728.2   
33052.434796	3.29041e+07	4.48654e+07	7.48905e+07	7.50817e+07	94695.8   	400063    	44059.1   	44682.3   	67848.7   
33146.067753	3.29325e+07	4.49344e+07	7.50884e+07	7.528e+07 	94818.7   	401553    	44138.4   	44759.2   	67969.1   
33239.700710	3.2961e+07	4.50033e+07	7.52864e+07	7.54783e+07	94941.7   	403042    	44217.7   	44836.1   	68089.6   
33333.333667	3.29894e+07	4.50722e+07	7.54843e+07	7.56766e+07	95064.6   	404532    	44297     	44913.1   	68210     
33426.966624	3.30179e+07	4.51411e+07	7.56823e+07	7.58749e+07	95187.6   	406021    	44376.4   	44990     	68330.5   
33520.599581	3.30463e+07	4.52101e+07	7.58802e+07	7.60731e+07	95310.5   	407511    	44455.7   	45066.9   	68450.9   
33614.232537	3.30747e+07	4.5279e+07	7.60782e+07	7.62714e+07	95433.4   	409000    	44535     	45143.8   	68571.4   
33707.865494	3.31032e+07	4.53479e+07	7.62761e+07	7.64697e+07	95556.4   	410490    	44614.3   	45220.8   	68691.8   
33801.498451	3.31316e+07	4.54168e+07	7.64741e+07	7.6668e+07	95679.3   	411979    	44693.6   	45297.7   	68812.3   
33895.131408	3.31601e+07	4.54858e+07	7.6672e+07	7.68663e+07	95802.2   	413469    	44772.9   	45374.6   	68932.7   
33988.764365	3.31885e+07	4.55547e+07	7.68699e+07	7.70646e+07	95925.2   	414958    	44852.3   	45451.5   	69053.2   
34082.397322	3.32149e+07	4.56209e+07	7.7067e+07	7.7262e+07	96044.5   	416475    	44930.5   	45527.3   	69172     
34176.030279	3.3241e+07	4.56868e+07	7.7264e+07	7.74593e+07	96163.3   	417995    	45008.6   	45602.9   	69290.5   
34269.663236	3.32671e+07	4.57527e+07	7.7461e+07	7.76566e+07	96282.1   	419515    	45086.7   	45678.6   	69409.1   
34363.296193	3.32932e+07	4.58186e+07	7.7658e+07	7.78539e+07	96400.9   	421035    	45164.8   	45754.2   	69527.6   
34456.929150	3.33193e+07	4.58844e+07	7.7855e+07	7.80512e+07	96519.8   	422555    	45242.9   	45829.8   	69646.2   
34550.562107	3.33454e+07	4.59503e+07	7.80519e+07	7.82485e+07	96638.6   	424075    	45321     	45905.4   	69764.7   
34644.195064	3.33715e+07	4.60162e+07	7.82489e+07	7.84458e+07	96757.4   	425595    	45399.1   	45981.1   	69883.3   
34737.828021	3.33976e+07	4.60821e+07	7.84459e+07	7.86431e+07	96876.2   	427115    	45477.2   	46056.7   	70001.8   
34831.460978	3.34237e+07	4.6148e+07	7.86429e+07	7.88404e+07	96995     	428635    	45555.3   	46132.3   	70120.4   
34925.093934	3.34498e+07	4.62138e+07	7.88398e+07	7.90377e+07	97113.9   	430155    	45633.5   	46208     	70238.9   
35018.726891	3.34759e+07	4.62797e+07	7.90368e+07	7.9235e+07	97232.7   	431675    	45711.6   	46283.6   	70357.5   
35112.359848	3.3502e+07	4.63456e+07	7.92338e+07	7.94323e+07	97351.5   	433196    	45789.7   	46359.2   	70476     
35205.992805	3.35281e+07	4.64115e+07	7.94308e+07	7.96296e+07	97470.3   	434716    	45867.8   	46434.8   	70594.6   
35299.625762	3.35542e+07	4.64774e+07	7.96278e+07	7.98269e+07	97589.1   	436236    	45945.9   	46510.5   	70713.1   
35393.258719	3.35803e+07	4.65432e+07	7.98247e+07	8.00242e+07	97707.9   	437756    	46024     	46586.1   	70831.6   
35486.891676	3.36064e+07	4.66091e+07	8.00217e+07	8.02215e+07	97826.8   	439276    	46102.1   	46661.7   	70950.2   
35580.524633	3.36325e+07	4.6675e+07	8.02187e+07	8.04188e+07	97945.6   	440796    	46180.2   	46737.3   	71068.7   
35674.157590	3.36586e+07	4.67409e+07	8.04157e+07	8.06161e+07	98064.4   	442316    	46258.3   	46813     	71187.3   
35767.790547	3.36847e+07	4.68067e+07	8.06126e+07	8.08134e+07	98183.2   	443836    	46336.4   	46888.6   	71305.8   
35861.423504	3.37108e+07	4.68726e+07	8.08096e+07	8.10107e+07	98302     	445356    	46414.5   	46964.2   	71424.4   
35955.056461	3.37369e+07	4.69385e+07	8.10066e+07	8.1208e+07	98420.8   	446876    	46492.6   	47039.8   	71542.9   
36048.689418	3.37619e+07	4.70029e+07	8.12031e+07	8.14048e+07	98537.7   	448412    	46570.1   	47114.8   	71660.6   
36142.322375	3.3786e+07	4.7066e+07	8.13992e+07	8.16012e+07	98652.8   	449961    	46647     	47189.3   	71777.4   
36235.955331	3.381e+07 	4.71291e+07	8.15953e+07	8.17975e+07	98767.9   	451511    	46724     	47263.7   	71894.1   
36329.588288	3.3834e+07	4.71922e+07	8.17913e+07	8.19939e+07	98882.9   	453060    	46800.9   	47338.1   	72010.9   
36423.221245	3.38581e+07	4.72553e+07	8.19874e+07	8.21903e+07	98998     	454610    	46877.8   	47412.5   	72127.7   
36516.854202	3.38821e+07	4.73184e+07	8.21835e+07	8.23866e+07	99113.1   	456159    	46954.7   	47486.9   	72244.5   
36610.487159	3.39061e+07	4.73815e+07	8.23796e+07	8.2583e+07	99228.1   	457709    	47031.6   	47561.3   	72361.3   
36704.120116	3.39302e+07	4.74446e+07	8.25756e+07	8.27794e+07	99343.2   	459258    	47108.6   	47635.7   	72478     
36797.753073	3.39542e+07	4.75077e+07	8.27717e+07	8.29758e+07	99458.3   	460808    	47185.5   	47710.1   	72594.8   
36891.386030	3.39782e+07	4.75708e+07	8.29678e+07	8.31721e+07	99573.4   	462357    	47262.4   	47784.5   	72711.6   
36985.018987	3.40023e+07	4.76339e+07	8.31639e+07	8.33685e+07	99688.4   	463907    	47339.3   	47859     	72828.4   
37078.651944	3.40263e+07	4.7697e+07	8.336e+07 	8.35649e+07	99803.5   	465456    	47416.3   	47933.4   	72945.1   
37172.284901	3.40503e+07	4.77601e+07	8.3556e+07	8.37612e+07	99918.6   	467006    	47493.2   	48007.8   	73061.9   
37265.917858	3.40744e+07	4.78232e+07	8.37521e+07	8.39576e+07	100034    	468555    	47570.1   	48082.2   	73178.7   
37359.550815	3.40984e+07	4.78863e+07	8.39482e+07	8.4154e+07	100149    	470105    	47647     	48156.6   	73295.5   
37453.183772	3.41224e+07	4.79494e+07	8.41443e+07	8.43504e+07	100264    	471654    	47724     	48231     	73412.3   
37546.816728	3.41464e+07	4.80125e+07	8.43403e+07	8.45467e+07	100379    	473204    	47800.9   	48305.4   	73529     
37640.449685	3.41705e+07	4.80756e+07	8.45364e+07	8.47431e+07	100494    	474753    	47877.8   	48379.8   	73645.8   
37734.082642	3.41945e+07	4.81387e+07	8.47325e+07	8.49395e+07	100609    	476303    	47954.7   	48454.2   	73762.6   
37827.715599	3.42185e+07	4.82018e+07	8.49286e+07	8.51359e+07	100724    	477852    	48031.6   	48528.7   	73879.4   
37921.348556	3.42426e+07	4.82648e+07	8.51247e+07	8.53322e+07	100839    	479402    	48108.6   	48603.1   	73996.2   
38014.981513	3.42663e+07	4.83275e+07	8.53206e+07	8.55285e+07	100954    	480956    	48185.3   	48677.3   	74112.7   
38108.614470	3.42885e+07	4.83881e+07	8.55158e+07	8.5724e+07	101065    	482534    	48261.1   	48750.6   	74227.8   
38202.247427	3.43107e+07	4.84486e+07	8.57111e+07	8.59195e+07	101177    	484112    	48336.9   	48823.8   	74342.9   
38295.880384	3.43329e+07	4.85092e+07	8.59063e+07	8.6115e+07	101289    	485690    	48412.7   	48897.1   	74458.1   
38389.513341	3.43551e+07	4.85697e+07	8.61015e+07	8.63105e+07	101400    	487268    	48488.4   	48970.4   	74573.2   
38483.146298	3.43773e+07	4.86303e+07	8.62968e+07	8.6506e+07	101512    	488846    	48564.2   	49043.7   	74688.3   
38576.779255	3.43995e+07	4.86908e+07	8.6492e+07	8.67015e+07	101624    	490424    	48640     	49116.9   	74803.4   
38670.412212	3.44217e+07	4.87514e+07	8.66872e+07	8.6897e+07	101735    	492002    	48715.8   	49190.2   	74918.6   
38764.045169	3.44439e+07	4.88119e+07	8.68825e+07	8.70925e+07	101847    	493580    	48791.6   	49263.5   	75033.7   
38857.678125	3.44661e+07	4.88724e+07	8.70777e+07	8.7288e+07	101959    	495158    	48867.3   	49336.7   	75148.8   
38951.311082	3.44883e+07	4.8933e+07	8.72729e+07	8.74835e+07	102070    	496736    	48943.1   	49410     	75264     
39044.944039	3.45104e+07	4.89935e+07	8.74682e+07	8.7679e+07	102182    	498314    	49018.9   	49483.3   	75379.1   
39138.576996	3.45326e+07	4.90541e+07	8.76634e+07	8.78745e+07	102293    	499892    	49094.7   	49556.6   	75494.2   
39232.209953	3.45548e+07	4.91146e+07	8.78587e+07	8.807e+07 	102405    	501470    	49170.4   	49629.8   	75609.4   
39325.842910	3.4577e+07	4.91752e+07	8.80539e+07	8.82655e+07	102517    	503048    	49246.2   	49703.1   	75724.5   
39419.475867	3.45992e+07	4.92357e+07	8.82491e+07	8.84611e+07	102628    	504626    	49322     	49776.4   	75839.6   
39513.108824	3.46214e+07	4.92963e+07	8.84444e+07	8.86566e+07	102740    	506204    	49397.8   	49849.7   	75954.7   
39606.741781	3.46436e+07	4.93568e+07	8.86396e+07	8.88521e+07	102852    	507782    	49473.6   	49922.9   	76069.9   
39700.374738	3.46658e+07	4.94174e+07	8.88348e+07	8.90476e+07	102963    	509360    	49549.3   	49996.2   	76185     
39794.007695	3.4688e+07	4.94779e+07	8.90301e+07	8.92431e+07	103075    	510938    	49625.1   	50069.5   	76300.1   
39887.640652	3.47102e+07	4.95384e+07	8.92253e+07	8.94386e+07	103187    	512516    	49700.9   	50142.8   	76415.3   
39981.273609	3.47324e+07	4.9599e+07	8.94205e+07	8.96341e+07	103298    	514094    	49776.7   	50216     	76530.4   
40074.906566	3.47533e+07	4.96577e+07	8.96151e+07	8.98289e+07	103407    	515694    	49851.6   	50288.4   	76644.3   
40168.539522	3.47738e+07	4.97159e+07	8.98096e+07	9.00236e+07	103516    	517299    	49926.3   	50360.6   	76757.9   
40262.172479	3.47944e+07	4.97741e+07	9.0004e+07	9.02183e+07	103625    	518905    	50000.9   	50432.8   	76871.4   
40355.805436	3.48149e+07	4.98323e+07	9.01985e+07	9.0413e+07	103733    	520510    	50075.6   	50505.1   	76985     
40449.438393	3.48355e+07	4.98904e+07	9.03929e+07	9.06077e+07	103842    	522116    	50150.3   	50577.3   	77098.6   
40543.071350	3.4856e+07	4.99486e+07	9.05874e+07	9.08024e+07	103950    	523722    	50225     	50649.5   	77212.2   
40636.704307	3.48766e+07	5.00068e+07	9.07818e+07	9.09971e+07	104059    	525327    	50299.6   	50721.7   	77325.8   
40730.337264	3.48972e+07	5.0065e+07	9.09763e+07	9.11918e+07	104167    	526933    	50374.3   	50793.9   	77439.3   
40823.970221	3.49177e+07	5.01232e+07	9.11707e+07	9.13865e+07	104276    	528538    	50449     	50866.1   	77552.9   
40917.603178	3.49383e+07	5.01814e+07	9.13652e+07	9.15812e+07	104384    	530144    	50523.7   	50938.3   	77666.5   
41011.236135	3.49588e+07	5.02396e+07	9.15596e+07	9.17759e+07	104493    	531749    	50598.3   	51010.5   	77780.1   
41104.869092	3.49794e+07	5.02978e+07	9.17541e+07	9.19706e+07	104601    	533355    	50673     	51082.7   	77893.7   
41198.502049	3.49999e+07	5.0356e+07	9.19485e+07	9.21653e+07	104710    	534960    	50747.7   	51154.9   	78007.3   
41292.135006	3.50205e+07	5.04142e+07	9.2143e+07	9.236e+07 	104818    	536566    	50822.4   	51227.1   	78120.8   
41385.767963	3.5041e+07	5.04724e+07	9.23374e+07	9.25547e+07	104927    	538171    	50897     	51299.3   	78234.4   
41479.400919	3.50616e+07	5.05306e+07	9.25319e+07	9.27494e+07	105035    	539777    	50971.7   	51371.5   	78348     
41573.033876	3.50821e+07	5.05888e+07	9.27263e+07	9.29441e+07	105144    	541383    	51046.4   	51443.7   	78461.6   
41666.666833	3.51027e+07	5.0647e+07	9.29207e+07	9.31387e+07	105252    	542988    	51121.1   	51515.9   	78575.2   
41760.299790	3.51233e+07	5.07052e+07	9.31152e+07	9.33334e+07	105361    	544594    	51195.7   	51588.1   	78688.8   
41853.932747	3.51438e+07	5.07634e+07	9.33096e+07	9.35281e+07	105469    	546199    	51270.4   	51660.3   	78802.3   
41947.565704	3.51644e+07	5.08216e+07	9.35041e+07	9.37228e+07	105578    	547805    	51345.1   	51732.5   	78915.9   
42041.198661	3.51843e+07	5.08789e+07	9.36982e+07	9.39172e+07	105685    	549422    	51419.3   	51804.3   	79028.9   
42134.831618	3.52034e+07	5.09349e+07	9.38919e+07	9.41111e+07	105790    	551054    	51492.9   	51875.4   	79141     
42228.464575	3.52224e+07	5.09909e+07	9.40856e+07	9.4305e+07	105896    	552686    	51566.5   	51946.6   	79253.1   
42322.097532	3.52415e+07	5.1047e+07	9.42793e+07	9.4499e+07	106002    	554318    	51640.1   	52017.8   	79365.2   
42415.730489	3.52606e+07	5.1103e+07	9.4473e+07	9.46929e+07	106107    	555951    	51713.7   	52089     	79477.3   
42509.363446	3.52797e+07	5.1159e+07	9.46667e+07	9.48868e+07	106213    	557583    	51787.3   	52160.2   	79589.4   
42602.996403	3.52988e+07	5.12151e+07	9.48604e+07	9.50808e+07	106319    	559215    	51860.9   	52231.4   	79701.6   
42696.629360	3.53179e+07	5.12711e+07	9.50542e+07	9.52747e+07	106424    	560847    	51934.5   	52302.6   	79813.7   
42790.262316	3.5337e+07	5.13271e+07	9.52479e+07	9.54686e+07	106530    	562479    	52008.1   	52373.8   	79925.8   
42883.895273	3.5356e+07	5.13832e+07	9.54416e+07	9.56625e+07	106635    	564111    	52081.7   	52444.9   	80037.9   
42977.528230	3.53751e+07	5.14392e+07	9.56353e+07	9.58565e+07	106741    	565743    	52155.3   	52516.1   	80150     
43071.161187	3.53942e+07	5.14952e+07	9.5829e+07	9.60504e+07	106847    	567376    	52228.9   	52587.3   	80262.2   
43164.794144	3.54133e+07	5.15512e+07	9.60227e+07	9.62443e+07	106952    	569008    	52302.5   	52658.5   	80374.3   
43258.427101	3.54324e+07	5.16073e+07	9.62164e+07	9.64383e+07	107058    	570640    	52376.1   	52729.7   	80486.4   
43352.060058	3.54515e+07	5.16633e+07	9.64101e+07	9.66322e+07	107163    	572272    	52449.7   	52800.9   	80598.5   
43445.693015	3.54706e+07	5.17193e+07	9.66038e+07	9.68261e+07	107269    	573904    	52523.3   	52872.1   	80710.6   
43539.325972	3.54896e+07	5.17754e+07	9.67975e+07	9.70201e+07	107375    	575536    	52596.9   	52943.3   	80822.7   
43632.958929	3.55087e+07	5.18314e+07	9.69912e+07	9.7214e+07	107480    	577169    	52670.5   	53014.4   	80934.9   
43726.591886	3.55278e+07	5.18874e+07	9.71849e+07	9.74079e+07	107586    	578801    	52744.1   	53085.6   	81047     
43820.224843	3.55469e+07	5.19435e+07	9.73786e+07	9.76018e+07	107691    	580433    	52817.7   	53156.8   	81159.1   
43913.857800	3.5566e+07	5.19995e+07	9.75723e+07	9.77958e+07	107797    	582065    	52891.3   	53228     	81271.2   
44007.490757	3.5585e+07	5.20554e+07	9.7766e+07	9.79896e+07	107902    	583699    	52964.8   	53299.1   	81383.2   
44101.123713	3.56027e+07	5.21094e+07	9.7959e+07	9.81828e+07	108005    	585357    	53037.4   	53369.3   	81493.9   
44194.756670	3.56205e+07	5.21634e+07	9.8152e+07	9.83761e+07	108108    	587015    	53109.9   	53439.5   	81604.7   
44288.389627	3.56383e+07	5.22174e+07	9.8345e+07	9.85693e+07	108211    	588673    	53182.5   	53509.8   	81715.4   
44382.022584	3.5656e+07	5.22715e+07	9.8538e+07	9.87625e+07	108314    	590331    	53255     	53580     	81826.1   
44475.655541	3.56738e+07	5.23255e+07	9.8731e+07	9.89557e+07	108417    	591989    	53327.6   	53650.2   	81936.8   
44569.288498	3.56916e+07	5.23795e+07	9.8924e+07	9.91489e+07	108520    	593646    	53400.1   	53720.4   	82047.5   
44662.921455	3.57093e+07	5.24335e+07	9.9117e+07	9.93421e+07	108623    	595304    	53472.7   	53790.6   	82158.3   
44756.554412	3.57271e+07	5.24876e+07	9.93101e+07	9.95353e+07	108726    	596962    	53545.2   	53860.8   	82269     
44850.187369	3.57449e+07	5.25416e+07	9.95031e+07	9.97285e+07	108829    	598620    	53617.8   	53931     	82379.7   
44943.820326	3.57626e+07	5.25956e+07	9.96961e+07	9.99217e+07	108932    	600278    	53690.3   	54001.3   	82490.4   
45037.453283	3.57804e+07	5.26496e+07	9.98891e+07	1.00115e+08	109035    	601936    	53762.9   	54071.5   	82601.1   
45131.086240	3.57982e+07	5.27037e+07	1.00082e+08	1.00308e+08	109138    	603594    	53835.4   	54141.7   	82711.9   
45224.719197	3.58159e+07	5.27577e+07	1.00275e+08	1.00501e+08	109240    	605252    	53908     	54211.9   	82822.6   
45318.352154	3.58337e+07	5.28117e+07	1.00468e+08	1.00695e+08	109343    	606909    	53980.5   	54282.1   	82933.3   
45411.985110	3.58514e+07	5.28657e+07	1.00661e+08	1.00888e+08	109446    	608567    	54053.1   	54352.3   	83044     
45505.618067	3.58692e+07	5.29198e+07	1.00854e+08	1.01081e+08	109549    	610225    	54125.6   	54422.5   	83154.7   
45599.251024	3.5887e+07	5.29738e+07	1.01047e+08	1.01274e+08	109652    	611883    	54198.2   	54492.8   	83265.5   
45692.883981	3.59047e+07	5.30278e+07	1.0124e+08	1.01467e+08	109755    	613541    	54270.7   	54563     	83376.2   
45786.516938	3.59225e+07	5.30818e+07	1.01433e+08	1.01661e+08	109858    	615199    	54343.3   	54633.2   	83486.9   
45880.149895	3.59403e+07	5.31359e+07	1.01626e+08	1.01854e+08	109961    	616857    	54415.8   	54703.4   	83597.6   
45973.782852	3.5958e+07	5.31899e+07	1.01819e+08	1.02047e+08	110064    	618515    	54488.4   	54773.6   	83708.3   
46067.415809	3.59749e+07	5.32426e+07	1.02012e+08	1.0224e+08	110165    	620190    	54560.2   	54843.2   	83818.1   
46161.048766	3.59915e+07	5.32947e+07	1.02204e+08	1.02432e+08	110265    	621873    	54631.7   	54912.4   	83927.5   
46254.681723	3.60081e+07	5.33469e+07	1.02396e+08	1.02625e+08	110366    	623556    	54703.2   	54981.7   	84036.8   
46348.314680	3.60247e+07	5.33991e+07	1.02589e+08	1.02817e+08	110466    	625239    	54774.7   	55051     	84146.2   
46441.947637	3.60412e+07	5.34512e+07	1.02781e+08	1.0301e+08	110567    	626922    	54846.3   	55120.3   	84255.6   
46535.580594	3.60578e+07	5.35034e+07	1.02973e+08	1.03202e+08	110667    	628604    	54917.8   	55189.6   	84365     
46629.213551	3.60744e+07	5.35555e+07	1.03166e+08	1.03395e+08	110768    	630287    	54989.3   	55258.8   	84474.3   
46722.846507	3.6091e+07	5.36077e+07	1.03358e+08	1.03587e+08	110868    	631970    	55060.8   	55328.1   	84583.7   
46816.479464	3.61075e+07	5.36599e+07	1.0355e+08	1.0378e+08	110968    	633653    	55132.4   	55397.4   	84693.1   
46910.112421	3.61241e+07	5.3712e+07	1.03743e+08	1.03972e+08	111069    	635335    	55203.9   	55466.7   	84802.5   
47003.745378	3.61407e+07	5.37642e+07	1.03935e+08	1.04165e+08	111169    	637018    	55275.4   	55536     	84911.8   
47097.378335	3.61572e+07	5.38163e+07	1.04128e+08	1.04357e+08	111270    	638701    	55346.9   	55605.2   	85021.2   
47191.011292	3.61738e+07	5.38685e+07	1.0432e+08	1.0455e+08	111370    	640384    	55418.5   	55674.5   	85130.6   
47284.644249	3.61904e+07	5.39207e+07	1.04512e+08	1.04743e+08	111471    	642067    	55490     	55743.8   	85240     
47378.277206	3.6207e+07	5.39728e+07	1.04705e+08	1.04935e+08	111571    	643749    	55561.5   	55813.1   	85349.4   
47471.910163	3.62235e+07	5.4025e+07	1.04897e+08	1.05128e+08	111671    	645432    	55633     	55882.4   	85458.7   
47565.543120	3.62401e+07	5.40771e+07	1.05089e+08	1.0532e+08	111772    	647115    	55704.6   	55951.6   	85568.1   
47659.176077	3.62567e+07	5.41293e+07	1.05282e+08	1.05513e+08	111872    	648798    	55776.1   	56020.9   	85677.5   
47752.809034	3.62732e+07	5.41815e+07	1.05474e+08	1.05705e+08	111973    	650481    	55847.6   	56090.2   	85786.9   
47846.441991	3.62898e+07	5.42336e+07	1.05666e+08	1.05898e+08	112073    	652163    	55919.1   	56159.5   	85896.2   
47940.074948	3.63064e+07	5.42858e+07	1.05859e+08	1.0609e+08	112174    	653846    	55990.7   	56228.7   	86005.6   
48033.707904	3.63226e+07	5.43373e+07	1.06051e+08	1.06282e+08	112273    	655538    	56061.8   	56297.7   	86114.5   
48127.340861	3.63381e+07	5.43877e+07	1.06243e+08	1.06474e+08	112371    	657244    	56132.4   	56366.1   	86222.6   
48220.973818	3.63536e+07	5.44382e+07	1.06434e+08	1.06666e+08	112469    	658951    	56202.9   	56434.5   	86330.7   
48314.606775	3.63691e+07	5.44886e+07	1.06626e+08	1.06858e+08	112568    	660658    	56273.4   	56502.8   	86438.8   
48408.239732	3.63845e+07	5.4539e+07	1.06818e+08	1.0705e+08	112666    	662365    	56343.9   	56571.2   	86546.9   
48501.872689	3.64e+07  	5.45894e+07	1.07009e+08	1.07242e+08	112764    	664072    	56414.5   	56639.6   	86655     
48595.505646	3.64155e+07	5.46399e+07	1.07201e+08	1.07434e+08	112862    	665779    	56485     	56708     	86763.1   
48689.138603	3.6431e+07	5.46903e+07	1.07393e+08	1.07626e+08	112960    	667486    	56555.5   	56776.4   	86871.1   
48782.771560	3.64465e+07	5.47407e+07	1.07585e+08	1.07817e+08	113058    	669193    	56626     	56844.7   	86979.2   
48876.404517	3.6462e+07	5.47911e+07	1.07776e+08	1.08009e+08	113156    	670899    	56696.6   	56913.1   	87087.3   
48970.037474	3.64775e+07	5.48416e+07	1.07968e+08	1.08201e+08	113254    	672606    	56767.1   	56981.5   	87195.4   
49063.670431	3.6493e+07	5.4892e+07	1.0816e+08	1.08393e+08	113352    	674313    	56837.6   	57049.9   	87303.5   
49157.303388	3.65085e+07	5.49424e+07	1.08351e+08	1.08585e+08	113451    	676020    	56908.1   	57118.3   	87411.6   
49250.936345	3.6524e+07	5.49928e+07	1.08543e+08	1.08777e+08	113549    	677727    	56978.7   	57186.7   	87519.7   
49344.569301	3.65395e+07	5.50433e+07	1.08735e+08	1.08969e+08	113647    	679434    	57049.2   	57255     	87627.8   
49438.202258	3.6555e+07	5.50937e+07	1.08927e+08	1.09161e+08	113745    	681141    	57119.7   	57323.4   	87735.8   
49531.835215	3.65705e+07	5.51441e+07	1.09118e+08	1.09352e+08	113843    	682848    	57190.2   	57391.8   	87843.9   
49625.468172	3.6586e+07	5.51945e+07	1.0931e+08	1.09544e+08	113941    	684554    	57260.8   	57460.2   	87952     
49719.101129	3.66014e+07	5.52449e+07	1.09502e+08	1.09736e+08	114039    	686261    	57331.3   	57528.6   	88060.1   
49812.734086	3.66169e+07	5.52954e+07	1.09694e+08	1.09928e+08	114137    	687968    	57401.8   	57596.9   	88168.2   
49906.367043	3.66324e+07	5.53458e+07	1.09885e+08	1.1012e+08	114235    	689675    	57472.3   	57665.3   	88276.3   
50000.000000	3.66479e+07	5.53962e+07	1.10077e+08	1.10312e+08	114333    	691382    	57542.9   	57733.7   	88384.4   
