Energy (MeV/u)1	0 - [He-base] F.Hubert et al, AD&ND Tables 46(1990)1	Energy (MeV/u)2	1 - [H -base] J.F.Ziegler et al, Pergamon Press, NY (low energy)	Energy (MeV/u)3	2 - ATIMA 1.2  LS-theory (recommended for high energy)	Energy (MeV/u)4	3 - ATIMA 1.2  without LS-correction	Energy (MeV/u)5	4 - electrical component of [1] - J.F.Ziegler et al	Energy (MeV/u)6	5 - nuclear component of [1] - J.F.Ziegler et al	
0.001000	0.669896  	0.001000	0.132357  	0.001000	0.100206  	0.001000	0.100206  	0.001000	0.0991209 	0.001000	0.0332361 	
0.002000	0.739244  	0.002000	0.169372  	0.002000	0.126788  	0.002000	0.126788  	0.002000	0.137293  	0.002000	0.0320786 	
0.005000	0.908732  	0.005000	0.237757  	0.005000	0.176311  	0.005000	0.176311  	0.005000	0.211194  	0.005000	0.0265634 	
0.008000	1.04048   	0.008000	0.285995  	0.008000	0.212011  	0.008000	0.212011  	0.008000	0.263401  	0.008000	0.0225937 	
0.010000	1.11539   	0.010000	0.313145  	0.010000	0.232393  	0.010000	0.232393  	0.010000	0.292526  	0.010000	0.0206182 	
0.015000	1.30304   	0.015000	0.371015  	0.015000	0.276447  	0.015000	0.276447  	0.015000	0.353939  	0.015000	0.0170766 	
0.020000	1.4515    	0.020000	0.419885  	0.020000	0.314199  	0.020000	0.314199  	0.020000	0.405181  	0.020000	0.0147036 	
0.025000	1.6142    	0.025000	0.463881  	0.025000	0.350399  	0.025000	0.350399  	0.025000	0.450896  	0.025000	0.0129857 	
0.030000	1.75113   	0.030000	0.504649  	0.030000	0.420959  	0.030000	0.420959  	0.030000	0.492974  	0.030000	0.011675  	
0.035000	1.84836   	0.035000	0.543414  	0.035000	0.469928  	0.035000	0.469928  	0.035000	0.532778  	0.035000	0.0106366 	
0.040000	1.92056   	0.040000	0.579474  	0.040000	0.506507  	0.040000	0.506507  	0.040000	0.569684  	0.040000	0.00979039	
0.045000	1.97087   	0.045000	0.606975  	0.045000	0.5374    	0.045000	0.5374    	0.045000	0.597889  	0.045000	0.00908531	
0.050000	2.00099   	0.050000	0.630383  	0.050000	0.565469  	0.050000	0.565469  	0.050000	0.621895  	0.050000	0.00848734	
0.055000	2.07588   	0.055000	0.651902  	0.055000	0.591694  	0.055000	0.591694  	0.055000	0.643929  	0.055000	0.00797279	
0.060000	2.13841   	0.060000	0.671686  	0.060000	0.616362  	0.060000	0.616362  	0.060000	0.664161  	0.060000	0.00752461	
0.070000	2.23049   	0.070000	0.706623  	0.070000	0.661266  	0.070000	0.661266  	0.070000	0.699843  	0.070000	0.00678003	
0.080000	2.33269   	0.080000	0.736197  	0.080000	0.70043   	0.080000	0.70043   	0.080000	0.730012  	0.080000	0.00618456	
0.090000	2.40895   	0.090000	0.761203  	0.090000	0.734202  	0.090000	0.734202  	0.090000	0.755507  	0.090000	0.00569596	
0.100000	2.46615   	0.100000	0.782238  	0.100000	0.763019  	0.100000	0.763019  	0.100000	0.777     	0.100000	0.00523733	
0.120000	2.48599   	0.120000	0.814744  	0.120000	0.808191  	0.120000	0.808191  	0.120000	0.810147  	0.120000	0.0045963 	
0.140000	2.49969   	0.140000	0.841152  	0.140000	0.839986  	0.140000	0.839986  	0.140000	0.837044  	0.140000	0.00410771	
0.160000	2.50555   	0.160000	0.861272  	0.160000	0.861865  	0.160000	0.861865  	0.160000	0.857551  	0.160000	0.0037216 	
0.180000	2.51176   	0.180000	0.874398  	0.180000	0.876534  	0.180000	0.876534  	0.180000	0.87099   	0.180000	0.00340795	
0.200000	2.52106   	0.200000	0.882552  	0.200000	0.886024  	0.200000	0.886024  	0.200000	0.879404  	0.200000	0.00314754	
0.250000	2.49131   	0.250000	0.894827  	0.250000	0.895842  	0.250000	0.895842  	0.250000	0.892173  	0.250000	0.00265424	
0.300000	2.4816    	0.300000	0.900392  	0.300000	0.895297  	0.300000	0.895297  	0.300000	0.898087  	0.300000	0.00230461	
0.350000	2.47473   	0.350000	0.903927  	0.350000	0.890241  	0.350000	0.890241  	0.350000	0.901885  	0.350000	0.00204259	
0.400000	2.48681   	0.400000	0.911117  	0.400000	0.891284  	0.400000	0.891284  	0.400000	0.909278  	0.400000	0.00183821	
0.450000	2.49183   	0.450000	0.919689  	0.450000	0.888988  	0.450000	0.888988  	0.450000	0.918015  	0.450000	0.00167391	
0.500000	2.48868   	0.500000	0.924328  	0.500000	0.884135  	0.500000	0.884135  	0.500000	0.922789  	0.500000	0.00153867	
0.600000	2.38738   	0.600000	0.936787  	0.600000	0.869029  	0.600000	0.869029  	0.600000	0.935458  	0.600000	0.0013286 	
0.700000	2.24171   	0.700000	0.929951  	0.700000	0.849096  	0.700000	0.849096  	0.700000	0.928778  	0.700000	0.0011724 	
0.800000	2.15826   	0.800000	0.904241  	0.800000	0.828691  	0.800000	0.828691  	0.800000	0.903189  	0.800000	0.00105133	
0.900000	2.07531   	0.900000	0.878101  	0.900000	0.808333  	0.900000	0.808333  	0.900000	0.877147  	0.900000	0.000954483	
1.000000	1.99378   	1.000000	0.851536  	1.000000	0.788304  	1.000000	0.788304  	1.000000	0.850661  	1.000000	0.000875113	
1.250000	1.80327   	1.250000	0.788756  	1.250000	0.738316  	1.250000	0.738316  	1.250000	0.788028  	1.250000	0.000727332	
1.500000	1.63647   	1.500000	0.7306    	1.500000	0.692197  	1.500000	0.692197  	1.500000	0.729976  	1.500000	0.000624658	
1.750000	1.49149   	1.750000	0.676908  	1.750000	0.652116  	1.750000	0.652116  	1.750000	0.67636   	1.750000	0.000548864	
2.000000	1.37152   	2.000000	0.63305   	2.000000	0.616576  	2.000000	0.616576  	2.000000	0.63256   	2.000000	0.000490444	
2.250000	1.27221   	2.250000	0.596001  	2.250000	0.584759  	2.250000	0.584759  	2.250000	0.595557  	2.250000	0.000443939	
2.500000	1.16633   	2.500000	0.563828  	2.500000	0.556109  	2.500000	0.556109  	2.500000	0.563422  	2.500000	0.000405976	
3.000000	1.03444   	3.000000	0.507737  	3.000000	0.506696  	3.000000	0.506696  	3.000000	0.50739   	3.000000	0.000347588	
3.500000	0.930712  	3.500000	0.465029  	3.500000	0.465734  	3.500000	0.465734  	3.500000	0.464724  	3.500000	0.000304654	
4.000000	0.846941  	4.000000	0.430516  	4.000000	0.431334  	4.000000	0.431334  	4.000000	0.430244  	4.000000	0.000271666	
4.500000	0.777818  	4.500000	0.401677  	4.500000	0.40209   	4.500000	0.40209   	4.500000	0.401432  	4.500000	0.000245475	
5.000000	0.719769  	5.000000	0.377062  	5.000000	0.376949  	5.000000	0.376949  	5.000000	0.376838  	5.000000	0.000224143	
5.500000	0.670298  	5.500000	0.355733  	5.500000	0.355104  	5.500000	0.355104  	5.500000	0.355527  	5.500000	0.000206411	
6.000000	0.62761   	6.000000	0.337034  	6.000000	0.335945  	6.000000	0.335945  	6.000000	0.336843  	6.000000	0.000191423	
6.500000	0.590382  	6.500000	0.320484  	6.500000	0.319     	6.500000	0.319     	6.500000	0.320306  	6.500000	0.000178578	
7.000000	0.557615  	7.000000	0.305718  	7.000000	0.3039    	7.000000	0.3039    	7.000000	0.305551  	7.000000	0.000167438	
7.500000	0.528542  	7.500000	0.292451  	7.500000	0.290353  	7.500000	0.290353  	7.500000	0.292294  	7.500000	0.000157679	
8.000000	0.502562  	8.000000	0.280458  	8.000000	0.278124  	8.000000	0.278124  	8.000000	0.280309  	8.000000	0.000149055	
8.500000	0.479199  	8.500000	0.269556  	8.500000	0.267024  	8.500000	0.267024  	8.500000	0.269415  	8.500000	0.000141376	
9.000000	0.458072  	9.000000	0.259598  	9.000000	0.256899  	9.000000	0.256899  	9.000000	0.259464  	9.000000	0.00013449	
9.500000	0.43887   	9.500000	0.250462  	9.500000	0.247621  	9.500000	0.247621  	9.500000	0.250334  	9.500000	0.000128281	
10.000000	0.421336  	10.000000	0.243651  	10.000000	0.239085  	10.000000	0.239085  	10.000000	0.243528  	10.000000	0.000122649	
11.000000	0.390463  	11.000000	0.230018  	11.000000	0.224629  	11.000000	0.224798  	11.000000	0.229905  	11.000000	0.000112822	
12.000000	0.364135  	12.000000	0.217762  	12.000000	0.212065  	12.000000	0.212343  	12.000000	0.217658  	12.000000	0.000104526	
13.000000	0.341404  	13.000000	0.206731  	13.000000	0.201033  	13.000000	0.20138   	13.000000	0.206633  	13.000000	9.74254e-05	
14.000000	0.321571  	14.000000	0.196776  	14.000000	0.191257  	14.000000	0.191649  	14.000000	0.196685  	14.000000	9.12742e-05	
15.000000	0.304105  	15.000000	0.187763  	15.000000	0.182528  	15.000000	0.182946  	15.000000	0.187678  	15.000000	8.58912e-05	
16.000000	0.288602  	16.000000	0.179575  	16.000000	0.174681  	16.000000	0.175111  	16.000000	0.179494  	16.000000	8.11385e-05	
17.000000	0.274743  	17.000000	0.172109  	17.000000	0.167582  	17.000000	0.168018  	17.000000	0.172032  	17.000000	7.69099e-05	
18.000000	0.262275  	18.000000	0.165277  	18.000000	0.161133  	18.000000	0.161562  	18.000000	0.165204  	18.000000	7.31217e-05	
19.000000	0.250997  	19.000000	0.159005  	19.000000	0.155242  	19.000000	0.155659  	19.000000	0.158936  	19.000000	6.97074e-05	
20.000000	0.240743  	20.000000	0.153228  	20.000000	0.149834  	20.000000	0.150238  	20.000000	0.153162  	20.000000	6.66134e-05	
21.000000	0.231377  	21.000000	0.147891  	21.000000	0.144834  	21.000000	0.145224  	21.000000	0.147827  	21.000000	6.37959e-05	
22.000000	0.222787  	22.000000	0.142946  	22.000000	0.140214  	22.000000	0.140583  	22.000000	0.142885  	22.000000	6.12188e-05	
23.000000	0.214879  	23.000000	0.138351  	23.000000	0.135947  	23.000000	0.136294  	23.000000	0.138293  	23.000000	5.8852e-05	
24.000000	0.207574  	24.000000	0.134072  	24.000000	0.131975  	24.000000	0.132302  	24.000000	0.134015  	24.000000	5.66705e-05	
25.000000	0.200803  	25.000000	0.130076  	25.000000	0.128267  	25.000000	0.128576  	25.000000	0.130022  	25.000000	5.46528e-05	
27.000000	0.188643  	27.000000	0.122831  	27.000000	0.12155   	27.000000	0.121822  	27.000000	0.12278   	27.000000	5.10395e-05	
29.000000	0.178028  	29.000000	0.116433  	29.000000	0.115634  	29.000000	0.115858  	29.000000	0.116385  	29.000000	4.78955e-05	
31.000000	0.168676  	31.000000	0.110743  	31.000000	0.110194  	31.000000	0.110368  	31.000000	0.110698  	31.000000	4.51338e-05	
33.000000	0.160371  	33.000000	0.105649  	33.000000	0.105159  	33.000000	0.105291  	33.000000	0.105606  	33.000000	4.26875e-05	
35.000000	0.152943  	35.000000	0.101061  	35.000000	0.10065   	35.000000	0.10073   	35.000000	0.10102   	35.000000	4.05048e-05	
38.000000	0.14316   	38.000000	0.0949728 	38.000000	0.0946647 	38.000000	0.0946931 	38.000000	0.0949352 	38.000000	3.76373e-05	
41.000000	0.134705  	41.000000	0.0896721 	41.000000	0.089455  	41.000000	0.0894456 	41.000000	0.0896369 	41.000000	3.51662e-05	
44.000000	0.127322  	44.000000	0.0850139 	44.000000	0.0848658 	44.000000	0.0848384 	44.000000	0.0849809 	44.000000	3.30134e-05	
47.000000	0.120814  	47.000000	0.0808869 	47.000000	0.0808064 	47.000000	0.0807583 	47.000000	0.0808558 	47.000000	3.11203e-05	
50.000000	0.115033  	50.000000	0.0772045 	50.000000	0.0771917 	50.000000	0.0771174 	50.000000	0.077175  	50.000000	2.94419e-05	
55.000000	0.106703  	55.000000	0.0718739 	55.000000	0.0719368 	55.000000	0.0718446 	55.000000	0.0718468 	55.000000	2.70298e-05	
60.000000	0.0996682 	60.000000	0.0673508 	60.000000	0.0674701 	60.000000	0.067366  	60.000000	0.0673258 	60.000000	2.49987e-05	
65.000000	0.0936431 	65.000000	0.0634629 	65.000000	0.0636328 	65.000000	0.0635114 	65.000000	0.0634397 	65.000000	2.32636e-05	
70.000000	0.0884208 	70.000000	0.060084  	70.000000	0.0602803 	70.000000	0.0601564 	70.000000	0.0600622 	70.000000	2.17635e-05	
75.000000	0.0838478 	75.000000	0.0571191 	75.000000	0.0573466 	75.000000	0.0572083 	75.000000	0.0570987 	75.000000	2.0453e-05	
80.000000	0.0798079 	80.000000	0.054496  	80.000000	0.0547379 	80.000000	0.054596  	80.000000	0.0544767 	80.000000	1.92978e-05	
85.000000	0.076211  	85.000000	0.0521581 	85.000000	0.0524083 	85.000000	0.0522643 	85.000000	0.0521398 	85.000000	1.82714e-05	
90.000000	0.0729865 	90.000000	0.0500609 	90.000000	0.0503153 	90.000000	0.0501697 	90.000000	0.0500436 	90.000000	1.73533e-05	
95.000000	0.0700783 	95.000000	0.0481687 	95.000000	0.0484241 	95.000000	0.0482772 	95.000000	0.0481522 	95.000000	1.65268e-05	
100.000000	0.0674408 	100.000000	0.0464526 	100.000000	0.0467064 	100.000000	0.0465586 	100.000000	0.0464368 	100.000000	1.57787e-05	
105.000000	0.0650372 	105.000000	0.0448888 	105.000000	0.0451392 	105.000000	0.0449906 	105.000000	0.0448737 	105.000000	1.50983e-05	
110.000000	0.062837  	110.000000	0.0434578 	110.000000	0.043703  	110.000000	0.0435541 	110.000000	0.0434433 	110.000000	1.44765e-05	
115.000000	0.0608148 	115.000000	0.0421432 	115.000000	0.0423832 	115.000000	0.042233  	115.000000	0.0421293 	115.000000	1.39061e-05	
120.000000	0.0589492 	120.000000	0.0409313 	120.000000	0.0411611 	120.000000	0.0410139 	120.000000	0.0409179 	120.000000	1.33808e-05	
125.000000	0.0572224 	125.000000	0.0398103 	125.000000	0.040028  	125.000000	0.0398852 	125.000000	0.0397974 	125.000000	1.28954e-05	
130.000000	0.0556191 	130.000000	0.0387704 	130.000000	0.0389807 	130.000000	0.0388371 	130.000000	0.0387579 	130.000000	1.24455e-05	
135.000000	0.054126  	135.000000	0.037803  	135.000000	0.0380053 	135.000000	0.0378614 	135.000000	0.0377909 	135.000000	1.20272e-05	
140.000000	0.052732  	140.000000	0.0369007 	140.000000	0.0370945 	140.000000	0.0369506 	140.000000	0.036889  	140.000000	1.16373e-05	
145.000000	0.0514272 	145.000000	0.0360571 	145.000000	0.0362425 	145.000000	0.0360986 	145.000000	0.0360458 	145.000000	1.12729e-05	
150.000000	0.0502032 	150.000000	0.0352666 	150.000000	0.0354435 	150.000000	0.0352997 	150.000000	0.0352557 	150.000000	1.09317e-05	
155.000000	0.0484797 	155.000000	0.0345244 	155.000000	0.0346935 	155.000000	0.0345491 	155.000000	0.0345138 	155.000000	1.06113e-05	
160.000000	0.0474694 	160.000000	0.0338262 	160.000000	0.0339858 	160.000000	0.0338426 	160.000000	0.0338159 	160.000000	1.031e-05 	
165.000000	0.0465168 	165.000000	0.0331681 	165.000000	0.0333159 	165.000000	0.0331764 	165.000000	0.0331581 	165.000000	1.0026e-05	
170.000000	0.0456169 	170.000000	0.0325467 	170.000000	0.032685  	170.000000	0.0325472 	170.000000	0.032537  	170.000000	9.75793e-06	
175.000000	0.0447654 	175.000000	0.0319592 	175.000000	0.0320901 	175.000000	0.0319519 	175.000000	0.0319496 	175.000000	9.50441e-06	
180.000000	0.0439584 	180.000000	0.0314026 	180.000000	0.031526  	180.000000	0.0313879 	180.000000	0.0313934 	180.000000	9.26428e-06	
185.000000	0.0431926 	185.000000	0.0308748 	185.000000	0.0309908 	185.000000	0.0308528 	185.000000	0.0308657 	185.000000	9.03649e-06	
190.000000	0.0424647 	190.000000	0.0303734 	190.000000	0.0304827 	190.000000	0.0303444 	190.000000	0.0303646 	190.000000	8.82011e-06	
195.000000	0.041772  	195.000000	0.0298967 	195.000000	0.0299975 	195.000000	0.0298608 	195.000000	0.029888  	195.000000	8.61428e-06	
200.000000	0.041112  	200.000000	0.0294427 	200.000000	0.0295341 	200.000000	0.0294003 	200.000000	0.0294343 	200.000000	8.41824e-06	
210.000000	0.0398811 	210.000000	0.0285969 	210.000000	0.0286747 	210.000000	0.0285421 	210.000000	0.0285888 	210.000000	8.05283e-06	
220.000000	0.0387562 	220.000000	0.0278249 	220.000000	0.0278911 	220.000000	0.0277587 	220.000000	0.0278172 	220.000000	7.71906e-06	
230.000000	0.0377239 	230.000000	0.0271176 	230.000000	0.0271733 	230.000000	0.0270409 	230.000000	0.0271102 	230.000000	7.41294e-06	
240.000000	0.0367732 	240.000000	0.0264671 	240.000000	0.0265099 	240.000000	0.0263808 	240.000000	0.02646   	240.000000	7.13113e-06	
250.000000	0.0358949 	250.000000	0.0258669 	250.000000	0.025899  	250.000000	0.0257719 	250.000000	0.0258601 	250.000000	6.8708e-06	
260.000000	0.0350808 	260.000000	0.0253115 	260.000000	0.0253358 	260.000000	0.0252085 	260.000000	0.0253049 	260.000000	6.62956e-06	
270.000000	0.0343241 	270.000000	0.0247961 	270.000000	0.0248126 	270.000000	0.0246859 	270.000000	0.0247897 	270.000000	6.40535e-06	
280.000000	0.0336191 	280.000000	0.0243165 	280.000000	0.0243253 	280.000000	0.0241998 	280.000000	0.0243103 	280.000000	6.19641e-06	
290.000000	0.0329606 	290.000000	0.0238691 	290.000000	0.02387   	290.000000	0.0237466 	290.000000	0.0238631 	290.000000	6.00121e-06	
300.000000	0.0323441 	300.000000	0.023451  	300.000000	0.0234454 	300.000000	0.0233232 	300.000000	0.0234452 	300.000000	5.81841e-06	
310.000000	0.0317658 	310.000000	0.0230593 	310.000000	0.0230492 	310.000000	0.0229269 	310.000000	0.0230536 	310.000000	5.64686e-06	
320.000000	0.0312223 	320.000000	0.0226917 	320.000000	0.0226774 	320.000000	0.0225552 	320.000000	0.0226862 	320.000000	5.48554e-06	
330.000000	0.0307105 	330.000000	0.022346  	330.000000	0.0223262 	330.000000	0.0222059 	330.000000	0.0223407 	330.000000	5.33354e-06	
340.000000	0.0302278 	340.000000	0.0220204 	340.000000	0.0219954 	340.000000	0.0218773 	340.000000	0.0220152 	340.000000	5.19007e-06	
350.000000	0.0297718 	350.000000	0.0217133 	350.000000	0.0216852 	350.000000	0.0215674 	350.000000	0.0217082 	350.000000	5.05442e-06	
360.000000	0.0293404 	360.000000	0.0214231 	360.000000	0.021393  	360.000000	0.021275  	360.000000	0.0214181 	360.000000	4.92596e-06	
370.000000	0.0289316 	370.000000	0.0211485 	370.000000	0.0211163 	370.000000	0.0209985 	370.000000	0.0211437 	370.000000	4.80413e-06	
380.000000	0.0285439 	380.000000	0.0208884 	380.000000	0.0208531 	380.000000	0.0207369 	380.000000	0.0208837 	380.000000	4.68841e-06	
390.000000	0.0281756 	390.000000	0.0206416 	390.000000	0.0206033 	390.000000	0.0204889 	390.000000	0.020637  	390.000000	4.57836e-06	
400.000000	0.0278254 	400.000000	0.0204072 	400.000000	0.0203673 	400.000000	0.0202537 	400.000000	0.0204027 	400.000000	4.47356e-06	
410.000000	0.0274919 	410.000000	0.0201844 	410.000000	0.020144  	410.000000	0.0200302 	410.000000	0.02018   	410.000000	4.37364e-06	
420.000000	0.0271741 	420.000000	0.0199722 	420.000000	0.0199317 	420.000000	0.0198177 	420.000000	0.019968  	420.000000	4.27826e-06	
430.000000	0.026871  	430.000000	0.0197701 	430.000000	0.0197291 	430.000000	0.0196155 	430.000000	0.0197659 	430.000000	4.18712e-06	
440.000000	0.0265815 	440.000000	0.0195773 	440.000000	0.019535  	440.000000	0.0194229 	440.000000	0.0195732 	440.000000	4.09993e-06	
450.000000	0.0263048 	450.000000	0.0193933 	450.000000	0.0193499 	450.000000	0.0192392 	450.000000	0.0193893 	450.000000	4.01644e-06	
460.000000	0.0260401 	460.000000	0.0192174 	460.000000	0.019174  	460.000000	0.0190638 	460.000000	0.0192135 	460.000000	3.93642e-06	
470.000000	0.0257867 	470.000000	0.0190492 	470.000000	0.0190066 	470.000000	0.0188964 	470.000000	0.0190454 	470.000000	3.85965e-06	
480.000000	0.0255439 	480.000000	0.0188883 	480.000000	0.0188465 	480.000000	0.0187368 	480.000000	0.0188845 	480.000000	3.78593e-06	
490.000000	0.0253111 	490.000000	0.0187341 	490.000000	0.0186929 	490.000000	0.0185844 	490.000000	0.0187304 	490.000000	3.71509e-06	
500.000000	0.0250877 	500.000000	0.0185864 	500.000000	0.0185458 	500.000000	0.0184385 	500.000000	0.0185827 	500.000000	3.64695e-06	
520.000000	0.0246672 	520.000000	0.0183086 	520.000000	0.0182714 	520.000000	0.0181647 	520.000000	0.0183051 	520.000000	3.5182e-06	
540.000000	0.0242785 	540.000000	0.0180524 	540.000000	0.0180196 	540.000000	0.0179126 	540.000000	0.018049  	540.000000	3.39856e-06	
560.000000	0.0239185 	560.000000	0.0178155 	560.000000	0.0177863 	560.000000	0.0176801 	560.000000	0.0178122 	560.000000	3.28709e-06	
580.000000	0.0235842 	580.000000	0.017596  	580.000000	0.0175694 	580.000000	0.017465  	580.000000	0.0175928 	580.000000	3.18298e-06	
600.000000	0.0232734 	600.000000	0.0173922 	600.000000	0.0173691 	600.000000	0.0172658 	600.000000	0.0173891 	600.000000	3.0855e-06	
620.000000	0.0229837 	620.000000	0.0172026 	620.000000	0.0171842 	620.000000	0.0170808 	620.000000	0.0171996 	620.000000	2.99404e-06	
640.000000	0.0227134 	640.000000	0.0170259 	640.000000	0.0170123 	640.000000	0.0169088 	640.000000	0.017023  	640.000000	2.90804e-06	
660.000000	0.0224607 	660.000000	0.0168611 	660.000000	0.0168515 	660.000000	0.0167486 	660.000000	0.0168582 	660.000000	2.82704e-06	
680.000000	0.0222243 	680.000000	0.0167069 	680.000000	0.0167007 	680.000000	0.0165992 	680.000000	0.0167042 	680.000000	2.75059e-06	
700.000000	0.0220027 	700.000000	0.0165627 	700.000000	0.0165601 	700.000000	0.0164596 	700.000000	0.01656   	700.000000	2.67832e-06	
720.000000	0.0217948 	720.000000	0.0164276 	720.000000	0.0164293 	720.000000	0.0163291 	720.000000	0.0164249 	720.000000	2.60989e-06	
740.000000	0.0215995 	740.000000	0.0163008 	740.000000	0.0163072 	740.000000	0.0162069 	740.000000	0.0162982 	740.000000	2.545e-06 	
760.000000	0.021416  	760.000000	0.0161817 	760.000000	0.0161927 	760.000000	0.0160923 	760.000000	0.0161792 	760.000000	2.48339e-06	
780.000000	0.0212433 	780.000000	0.0160697 	780.000000	0.0160849 	780.000000	0.0159848 	780.000000	0.0160673 	780.000000	2.42479e-06	
800.000000	0.0210806 	800.000000	0.0159644 	800.000000	0.0159831 	800.000000	0.0158838 	800.000000	0.0159621 	800.000000	2.369e-06 	
820.000000	0.0209274 	820.000000	0.0158653 	820.000000	0.0158871 	820.000000	0.0157889 	820.000000	0.0158629 	820.000000	2.31582e-06	
840.000000	0.0207829 	840.000000	0.0157718 	840.000000	0.0157971 	840.000000	0.0156996 	840.000000	0.0157695 	840.000000	2.26505e-06	
860.000000	0.0206466 	860.000000	0.0156837 	860.000000	0.0157129 	860.000000	0.0156155 	860.000000	0.0156815 	860.000000	2.21655e-06	
880.000000	0.0205179 	880.000000	0.0156005 	880.000000	0.0156337 	880.000000	0.0155362 	880.000000	0.0155984 	880.000000	2.17016e-06	
900.000000	0.0203964 	900.000000	0.0155221 	900.000000	0.0155586 	900.000000	0.0154615 	900.000000	0.0155199 	900.000000	2.12575e-06	
920.000000	0.0202817 	920.000000	0.0154479 	920.000000	0.0154874 	920.000000	0.015391  	920.000000	0.0154458 	920.000000	2.08318e-06	
940.000000	0.0201732 	940.000000	0.0153779 	940.000000	0.01542   	940.000000	0.0153244 	940.000000	0.0153758 	940.000000	2.04235e-06	
960.000000	0.0200707 	960.000000	0.0153117 	960.000000	0.0153565 	960.000000	0.0152615 	960.000000	0.0153097 	960.000000	2.00315e-06	
980.000000	0.0199738 	980.000000	0.0152491 	980.000000	0.0152968 	980.000000	0.0152021 	980.000000	0.0152471 	980.000000	1.96548e-06	
1000.000000	0.0198823 	1000.000000	0.0151899 	1000.000000	0.0152406 	1000.000000	0.0151459 	1000.000000	0.0151879 	1000.000000	1.92925e-06	
1020.000000	0.0197957 	1020.000000	0.0151339 	1020.000000	0.0151875 	1020.000000	0.0150928 	1020.000000	0.015132  	1020.000000	1.89439e-06	
1040.000000	0.0197138 	1040.000000	0.0150809 	1040.000000	0.0151373 	1040.000000	0.0150425 	1040.000000	0.015079  	1040.000000	1.86081e-06	
1060.000000	0.0196364 	1060.000000	0.0150308 	1060.000000	0.0150898 	1060.000000	0.0149949 	1060.000000	0.0150289 	1060.000000	1.82844e-06	
1080.000000	0.0195633 	1080.000000	0.0149833 	1080.000000	0.0150447 	1080.000000	0.0149498 	1080.000000	0.0149815 	1080.000000	1.79722e-06	
1100.000000	0.0194941 	1100.000000	0.0149385 	1100.000000	0.0150018 	1100.000000	0.0149072 	1100.000000	0.0149367 	1100.000000	1.76709e-06	
1120.000000	0.0194288 	1120.000000	0.014896  	1120.000000	0.014961  	1120.000000	0.0148667 	1120.000000	0.0148943 	1120.000000	1.73799e-06	
1140.000000	0.0193672 	1140.000000	0.0148558 	1140.000000	0.0149223 	1140.000000	0.0148284 	1140.000000	0.0148541 	1140.000000	1.70987e-06	
1160.000000	0.019309  	1160.000000	0.0148179 	1160.000000	0.0148855 	1160.000000	0.0147922 	1160.000000	0.0148162 	1160.000000	1.68267e-06	
1180.000000	0.0192541 	1180.000000	0.0147819 	1180.000000	0.0148506 	1180.000000	0.0147578 	1180.000000	0.0147803 	1180.000000	1.65636e-06	
1200.000000	0.0192023 	1200.000000	0.014748  	1200.000000	0.0148177 	1200.000000	0.0147252 	1200.000000	0.0147464 	1200.000000	1.6309e-06	
1220.000000	0.0191535 	1220.000000	0.0147159 	1220.000000	0.0147866 	1220.000000	0.0146944 	1220.000000	0.0147143 	1220.000000	1.60623e-06	
1240.000000	0.0191076 	1240.000000	0.0146857 	1240.000000	0.0147574 	1240.000000	0.0146651 	1240.000000	0.0146841 	1240.000000	1.58232e-06	
1260.000000	0.0190644 	1260.000000	0.0146571 	1260.000000	0.0147297 	1260.000000	0.0146374 	1260.000000	0.0146555 	1260.000000	1.55914e-06	
1280.000000	0.0190239 	1280.000000	0.0146301 	1280.000000	0.0147034 	1280.000000	0.0146111 	1280.000000	0.0146286 	1280.000000	1.53666e-06	
1300.000000	0.0189858 	1300.000000	0.0146047 	1300.000000	0.0146785 	1300.000000	0.0145863 	1300.000000	0.0146032 	1300.000000	1.51484e-06	
1320.000000	0.0189502 	1320.000000	0.0145808 	1320.000000	0.0146548 	1320.000000	0.0145627 	1320.000000	0.0145793 	1320.000000	1.49365e-06	
1340.000000	0.0189168 	1340.000000	0.0145583 	1340.000000	0.0146322 	1340.000000	0.0145404 	1340.000000	0.0145568 	1340.000000	1.47307e-06	
1360.000000	0.0188856 	1360.000000	0.0145371 	1360.000000	0.0146107 	1360.000000	0.0145193 	1360.000000	0.0145357 	1360.000000	1.45307e-06	
1380.000000	0.0188566 	1380.000000	0.0145173 	1380.000000	0.0145904 	1380.000000	0.0144993 	1380.000000	0.0145158 	1380.000000	1.43363e-06	
1400.000000	0.0188296 	1400.000000	0.0144987 	1400.000000	0.0145711 	1400.000000	0.0144803 	1400.000000	0.0144972 	1400.000000	1.41471e-06	
1420.000000	0.0188045 	1420.000000	0.0144812 	1420.000000	0.0145529 	1420.000000	0.0144625 	1420.000000	0.0144798 	1420.000000	1.39631e-06	
1440.000000	0.0187813 	1440.000000	0.014465  	1440.000000	0.0145357 	1440.000000	0.0144455 	1440.000000	0.0144636 	1440.000000	1.3784e-06	
1460.000000	0.0187599 	1460.000000	0.0144498 	1460.000000	0.0145196 	1460.000000	0.0144296 	1460.000000	0.0144484 	1460.000000	1.36096e-06	
1480.000000	0.0187402 	1480.000000	0.0144356 	1480.000000	0.0145044 	1480.000000	0.0144145 	1480.000000	0.0144343 	1480.000000	1.34397e-06	
1500.000000	0.0187223 	1500.000000	0.0144225 	1500.000000	0.0144901 	1500.000000	0.0144003 	1500.000000	0.0144212 	1500.000000	1.32742e-06	
1520.000000	0.0187059 	1520.000000	0.0144104 	1520.000000	0.0144766 	1520.000000	0.0143868 	1520.000000	0.014409  	1520.000000	1.31128e-06	
1540.000000	0.0186911 	1540.000000	0.0143991 	1540.000000	0.014464  	1540.000000	0.0143742 	1540.000000	0.0143978 	1540.000000	1.29555e-06	
1560.000000	0.0186778 	1560.000000	0.0143888 	1560.000000	0.0144521 	1560.000000	0.0143623 	1560.000000	0.0143875 	1560.000000	1.2802e-06	
1580.000000	0.0186659 	1580.000000	0.0143794 	1580.000000	0.0144409 	1580.000000	0.0143511 	1580.000000	0.0143781 	1580.000000	1.26523e-06	
1600.000000	0.0186554 	1600.000000	0.0143707 	1600.000000	0.0144305 	1600.000000	0.0143406 	1600.000000	0.0143695 	1600.000000	1.25061e-06	
1620.000000	0.0186463 	1620.000000	0.0143629 	1620.000000	0.0144206 	1620.000000	0.0143307 	1620.000000	0.0143617 	1620.000000	1.23634e-06	
1640.000000	0.0186384 	1640.000000	0.0143559 	1640.000000	0.0144114 	1640.000000	0.0143215 	1640.000000	0.0143546 	1640.000000	1.22241e-06	
1660.000000	0.0186319 	1660.000000	0.0143496 	1660.000000	0.0144028 	1660.000000	0.0143129 	1660.000000	0.0143483 	1660.000000	1.20879e-06	
1680.000000	0.0186265 	1680.000000	0.014344  	1680.000000	0.0143947 	1680.000000	0.0143048 	1680.000000	0.0143428 	1680.000000	1.19549e-06	
1700.000000	0.0186224 	1700.000000	0.0143391 	1700.000000	0.0143872 	1700.000000	0.0142973 	1700.000000	0.0143379 	1700.000000	1.18249e-06	
1750.000000	0.0186169 	1750.000000	0.0143297 	1750.000000	0.0143706 	1750.000000	0.0142807 	1750.000000	0.0143286 	1750.000000	1.15123e-06	
1800.000000	0.018618  	1800.000000	0.0143242 	1800.000000	0.0143567 	1800.000000	0.0142671 	1800.000000	0.0143231 	1800.000000	1.12164e-06	
1850.000000	0.0186252 	1850.000000	0.0143223 	1850.000000	0.0143454 	1850.000000	0.0142562 	1850.000000	0.0143212 	1850.000000	1.09358e-06	
1900.000000	0.0186382 	1900.000000	0.0143236 	1900.000000	0.0143364 	1900.000000	0.0142477 	1900.000000	0.0143225 	1900.000000	1.06695e-06	
1950.000000	0.0186564 	1950.000000	0.0143279 	1950.000000	0.0143296 	1950.000000	0.0142413 	1950.000000	0.0143268 	1950.000000	1.04162e-06	
2000.000000	0.0186795 	2000.000000	0.0143349 	2000.000000	0.0143249 	2000.000000	0.014237  	2000.000000	0.0143339 	2000.000000	1.01751e-06	
2100.000000	0.0187393 	2100.000000	0.0143567 	2100.000000	0.0143211 	2100.000000	0.0142335 	2100.000000	0.0143557 	2100.000000	9.72607e-07	
2200.000000	0.0188154 	2200.000000	0.0143874 	2200.000000	0.0143235 	2200.000000	0.0142359 	2200.000000	0.0143864 	2200.000000	9.31624e-07	
2300.000000	0.0189058 	2300.000000	0.0144258 	2300.000000	0.0143309 	2300.000000	0.0142433 	2300.000000	0.0144249 	2300.000000	8.94068e-07	
2400.000000	0.0190089 	2400.000000	0.0144711 	2400.000000	0.0143422 	2400.000000	0.0142548 	2400.000000	0.0144702 	2400.000000	8.59521e-07	
2500.000000	0.0191236 	2500.000000	0.0145223 	2500.000000	0.0143569 	2500.000000	0.0142699 	2500.000000	0.0145215 	2500.000000	8.27632e-07	
2600.000000	0.0192485 	2600.000000	0.0145788 	2600.000000	0.014376  	2600.000000	0.0142893 	2600.000000	0.014578  	2600.000000	7.98102e-07	
2700.000000	0.0193829 	2700.000000	0.01464   	2700.000000	0.0143973 	2700.000000	0.0143111 	2700.000000	0.0146393 	2700.000000	7.70676e-07	
2800.000000	0.0195257 	2800.000000	0.0147054 	2800.000000	0.0144207 	2800.000000	0.0143348 	2800.000000	0.0147047 	2800.000000	7.45134e-07	
2900.000000	0.0196764 	2900.000000	0.0147745 	2900.000000	0.0144458 	2900.000000	0.0143601 	2900.000000	0.0147738 	2900.000000	7.21286e-07	
3000.000000	0.0198342 	3000.000000	0.014847  	3000.000000	0.0144723 	3000.000000	0.0143868 	3000.000000	0.0148463 	3000.000000	6.98968e-07	
3200.000000	0.0201692 	3200.000000	0.0150008 	3200.000000	0.0145287 	3200.000000	0.0144432 	3200.000000	0.0150002 	3200.000000	6.5836e-07	
3400.000000	0.0205271 	3400.000000	0.0151645 	3400.000000	0.014588  	3400.000000	0.0145025 	3400.000000	0.0151639 	3400.000000	6.22354e-07	
3600.000000	0.0209049 	3600.000000	0.0153365 	3600.000000	0.0146492 	3600.000000	0.0145637 	3600.000000	0.0153359 	3600.000000	5.90202e-07	
3800.000000	0.0213004 	3800.000000	0.0155154 	3800.000000	0.0147114 	3800.000000	0.0146261 	3800.000000	0.0155148 	3800.000000	5.6131e-07	
4000.000000	0.0217117 	4000.000000	0.0157    	4000.000000	0.0147741 	4000.000000	0.0146889 	4000.000000	0.0156995 	4000.000000	5.35201e-07	
4200.000000	0.0221374 	4200.000000	0.0158896 	4200.000000	0.0148368 	4200.000000	0.0147518 	4200.000000	0.0158891 	4200.000000	5.11488e-07	
4400.000000	0.022576  	4400.000000	0.0160834 	4400.000000	0.0148992 	4400.000000	0.0148145 	4400.000000	0.0160829 	4400.000000	4.89852e-07	
4600.000000	0.0230268 	4600.000000	0.0162809 	4600.000000	0.0149612 	4600.000000	0.0148766 	4600.000000	0.0162804 	4600.000000	4.70029e-07	
4800.000000	0.0234886 	4800.000000	0.0164814 	4800.000000	0.0150225 	4800.000000	0.0149382 	4800.000000	0.016481  	4800.000000	4.51797e-07	
5000.000000	0.0239609 	5000.000000	0.0166847 	5000.000000	0.015083  	5000.000000	0.0149989 	5000.000000	0.0166842 	5000.000000	4.34971e-07	
5250.000000	0.0245649 	5250.000000	0.016942  	5250.000000	0.0151575 	5250.000000	0.0150735 	5250.000000	0.0169416 	5250.000000	4.15677e-07	
5500.000000	0.0251832 	5500.000000	0.0172026 	5500.000000	0.0152305 	5500.000000	0.0151467 	5500.000000	0.0172022 	5500.000000	3.98073e-07	
6000.000000	0.0264594 	6000.000000	0.0177312 	6000.000000	0.0153718 	6000.000000	0.0152883 	6000.000000	0.0177309 	6000.000000	3.67113e-07	
6500.000000	0.027784  	6500.000000	0.0182678 	6500.000000	0.0155067 	6500.000000	0.0154234 	6500.000000	0.0182674 	6500.000000	3.40753e-07	
7000.000000	0.0291532 	7000.000000	0.0188102 	7000.000000	0.0156353 	7000.000000	0.0155521 	7000.000000	0.0188099 	7000.000000	3.18029e-07	
7500.000000	0.0305643 	7500.000000	0.019357  	7500.000000	0.0157578 	7500.000000	0.0156748 	7500.000000	0.0193567 	7500.000000	2.98231e-07	
8000.000000	0.032015  	8000.000000	0.0199072 	8000.000000	0.0158746 	8000.000000	0.0157916 	8000.000000	0.0199069 	8000.000000	2.80823e-07	
8500.000000	0.0335037 	8500.000000	0.0204598 	8500.000000	0.0159859 	8500.000000	0.0159031 	8500.000000	0.0204596 	8500.000000	2.65392e-07	
9000.000000	0.0350291 	9000.000000	0.0210144 	9000.000000	0.0160919 	9000.000000	0.0160095 	9000.000000	0.0210141 	9000.000000	2.51617e-07	
9500.000000	0.0365902 	9500.000000	0.0215704 	9500.000000	0.0161934 	9500.000000	0.0161111 	9500.000000	0.0215701 	9500.000000	2.39243e-07	
10000.000000	0.0381862 	10000.000000	0.0221273 	10000.000000	0.0162906 	10000.000000	0.0162084 	10000.000000	0.0221271 	10000.000000	2.28063e-07	
11000.000000	0.0414804 	11000.000000	0.0232433 	11000.000000	0.016473  	11000.000000	0.0163909 	11000.000000	0.0232431 	11000.000000	2.08652e-07	
12000.000000	0.0449079 	12000.000000	0.0243606 	12000.000000	0.0166411 	12000.000000	0.0165593 	12000.000000	0.0243604 	12000.000000	1.92371e-07	
13000.000000	0.0484661 	13000.000000	0.0254781 	13000.000000	0.0167964 	13000.000000	0.0167152 	13000.000000	0.0254779 	13000.000000	1.78513e-07	
14000.000000	0.0521533 	14000.000000	0.026595  	14000.000000	0.0169405 	14000.000000	0.0168602 	14000.000000	0.0265948 	14000.000000	1.6657e-07	
15000.000000	0.0559683 	15000.000000	0.0277109 	15000.000000	0.017075  	15000.000000	0.0169957 	15000.000000	0.0277108 	15000.000000	1.56167e-07	
16000.000000	0.0599104 	16000.000000	0.0288255 	16000.000000	0.017201  	16000.000000	0.0171226 	16000.000000	0.0288254 	16000.000000	1.47022e-07	
17000.000000	0.0639791 	17000.000000	0.0299386 	17000.000000	0.0173197 	17000.000000	0.017242  	17000.000000	0.0299385 	17000.000000	1.38918e-07	
18000.000000	0.0681743 	18000.000000	0.03105   	18000.000000	0.0174318 	18000.000000	0.0173546 	18000.000000	0.0310498 	18000.000000	1.31685e-07	
19000.000000	0.0724959 	19000.000000	0.0321595 	19000.000000	0.0175379 	19000.000000	0.0174611 	19000.000000	0.0321594 	19000.000000	1.25188e-07	
20000.000000	0.076944  	20000.000000	0.0332673 	20000.000000	0.0176387 	20000.000000	0.0175621 	20000.000000	0.0332672 	20000.000000	1.1932e-07	
21000.000000	0.0815187 	21000.000000	0.0343732 	21000.000000	0.0177342 	21000.000000	0.0176581 	21000.000000	0.0343731 	21000.000000	1.13993e-07	
22000.000000	0.0862203 	22000.000000	0.0354773 	22000.000000	0.0178245 	22000.000000	0.0177495 	22000.000000	0.0354772 	22000.000000	1.09134e-07	
23000.000000	0.0910492 	23000.000000	0.0365795 	23000.000000	0.0179107 	23000.000000	0.0178367 	23000.000000	0.0365794 	23000.000000	1.04684e-07	
24000.000000	0.0960057 	24000.000000	0.0376798 	24000.000000	0.0179932 	24000.000000	0.0179201 	24000.000000	0.0376797 	24000.000000	1.00593e-07	
25000.000000	0.10109   	25000.000000	0.0387784 	25000.000000	0.0180721 	25000.000000	0.0179999 	25000.000000	0.0387783 	25000.000000	9.68184e-08	
26000.000000	0.106303  	26000.000000	0.0398752 	26000.000000	0.0181478 	26000.000000	0.0180765 	26000.000000	0.0398751 	26000.000000	9.33248e-08	
27000.000000	0.111645  	27000.000000	0.0409703 	27000.000000	0.0182206 	27000.000000	0.01815   	27000.000000	0.0409702 	27000.000000	9.00817e-08	
28000.000000	0.117117  	28000.000000	0.0420636 	28000.000000	0.0182906 	28000.000000	0.0182208 	28000.000000	0.0420635 	28000.000000	8.70627e-08	
29000.000000	0.122719  	29000.000000	0.0431553 	29000.000000	0.0183579 	29000.000000	0.0182889 	29000.000000	0.0431552 	29000.000000	8.42452e-08	
30000.000000	0.128451  	30000.000000	0.0442453 	30000.000000	0.0184226 	30000.000000	0.0183546 	30000.000000	0.0442452 	30000.000000	8.16094e-08	
32000.000000	0.140311  	32000.000000	0.0464206 	32000.000000	0.018545  	32000.000000	0.0184793 	32000.000000	0.0464205 	32000.000000	7.68166e-08	
34000.000000	0.1527    	34000.000000	0.0485898 	34000.000000	0.018659  	34000.000000	0.018596  	34000.000000	0.0485897 	34000.000000	7.25701e-08	
36000.000000	0.165625  	36000.000000	0.050753  	36000.000000	0.018766  	36000.000000	0.0187055 	36000.000000	0.050753  	36000.000000	6.87807e-08	
38000.000000	0.179091  	38000.000000	0.0529107 	38000.000000	0.0188667 	38000.000000	0.0188088 	38000.000000	0.0529107 	38000.000000	6.53778e-08	
40000.000000	0.193103  	40000.000000	0.0550631 	40000.000000	0.0189617 	40000.000000	0.0189064 	40000.000000	0.055063  	40000.000000	6.23046e-08	
42000.000000	0.207667  	42000.000000	0.0572103 	42000.000000	0.0190514 	42000.000000	0.0189988 	42000.000000	0.0572102 	42000.000000	5.9515e-08	
44000.000000	0.222788  	44000.000000	0.0593526 	44000.000000	0.0191364 	44000.000000	0.0190867 	44000.000000	0.0593525 	44000.000000	5.69711e-08	
46000.000000	0.238472  	46000.000000	0.0614902 	46000.000000	0.019217  	46000.000000	0.0191703 	46000.000000	0.0614901 	46000.000000	5.46416e-08	
48000.000000	0.254726  	48000.000000	0.0636233 	48000.000000	0.0192936 	48000.000000	0.0192501 	48000.000000	0.0636232 	48000.000000	5.25001e-08	
50000.000000	0.271555  	50000.000000	0.065752  	50000.000000	0.0193666 	50000.000000	0.0193264 	50000.000000	0.0657519 	50000.000000	5.05247e-08	
