Energy (MeV/u)1	0 - [He-base] F.Hubert et al, AD&ND Tables 46(1990)1	Energy (MeV/u)2	1 - [H -base] J.F.Ziegler et al, Pergamon Press, NY (low energy)	Energy (MeV/u)3	2 - ATIMA 1.2  LS-theory (recommended for high energy)	Energy (MeV/u)4	3 - ATIMA 1.2  without LS-correction	Energy (MeV/u)5	4 - electrical component of [1] - J.F.Ziegler et al	Energy (MeV/u)6	5 - nuclear component of [1] - J.F.Ziegler et al	
0.001000	0.253332  	0.001000	0.231769  	0.001000	0.231322  	0.001000	0.231322  	0.001000	0.123035  	0.001000	0.108734  	
0.002000	0.274998  	0.002000	0.243647  	0.002000	0.243423  	0.002000	0.243423  	0.002000	0.161214  	0.002000	0.0824324 	
0.005000	0.331491  	0.005000	0.281298  	0.005000	0.28226   	0.005000	0.28226   	0.005000	0.230652  	0.005000	0.0506459 	
0.008000	0.376866  	0.008000	0.3151    	0.008000	0.317382  	0.008000	0.317382  	0.008000	0.277287  	0.008000	0.037813  	
0.010000	0.402942  	0.010000	0.3353    	0.010000	0.338464  	0.010000	0.338464  	0.010000	0.302651  	0.010000	0.032649  	
0.015000	0.469205  	0.015000	0.379172  	0.015000	0.384667  	0.015000	0.384667  	0.015000	0.35449   	0.015000	0.0246823 	
0.020000	0.522191  	0.020000	0.416434  	0.020000	0.431555  	0.020000	0.431555  	0.020000	0.396488  	0.020000	0.0199465 	
0.025000	0.580704  	0.025000	0.459612  	0.025000	0.477687  	0.025000	0.477687  	0.025000	0.442668  	0.025000	0.0169435 	
0.030000	0.630307  	0.030000	0.500285  	0.030000	0.518083  	0.030000	0.518083  	0.030000	0.485494  	0.030000	0.0147912 	
0.035000	0.67109   	0.035000	0.538504  	0.035000	0.556664  	0.035000	0.556664  	0.035000	0.525339  	0.035000	0.0131649 	
0.040000	0.703233  	0.040000	0.574301  	0.040000	0.593454  	0.040000	0.593454  	0.040000	0.562413  	0.040000	0.0118882 	
0.045000	0.727075  	0.045000	0.607701  	0.045000	0.628481  	0.045000	0.628481  	0.045000	0.596845  	0.045000	0.0108565 	
0.050000	0.743103  	0.050000	0.638729  	0.050000	0.661773  	0.050000	0.661773  	0.050000	0.628725  	0.050000	0.0100037 	
0.055000	0.77545   	0.055000	0.672909  	0.055000	0.693361  	0.055000	0.693361  	0.055000	0.663623  	0.055000	0.00928577	
0.060000	0.803002  	0.060000	0.705251  	0.060000	0.72328   	0.060000	0.72328   	0.060000	0.696579  	0.060000	0.00867221	
0.070000	0.84509   	0.070000	0.764443  	0.070000	0.778262  	0.070000	0.778262  	0.070000	0.756766  	0.070000	0.00767667	
0.080000	0.890253  	0.080000	0.815605  	0.080000	0.827058  	0.080000	0.827058  	0.080000	0.808704  	0.080000	0.00690154	
0.090000	0.925734  	0.090000	0.860341  	0.090000	0.870052  	0.090000	0.870052  	0.090000	0.854061  	0.090000	0.00627932	
0.100000	0.95419   	0.100000	0.899975  	0.100000	0.907663  	0.100000	0.907663  	0.100000	0.894207  	0.100000	0.00576781	
0.120000	0.971471  	0.120000	0.96378   	0.120000	0.968483  	0.120000	0.968483  	0.120000	0.958805  	0.120000	0.00497441	
0.140000	0.978337  	0.140000	1.00866   	0.140000	1.01299   	0.140000	1.01299   	0.140000	1.00428   	0.140000	0.00438545	
0.160000	0.980765  	0.160000	1.0382    	0.160000	1.0444    	0.160000	1.0444    	0.160000	1.03427   	0.160000	0.0039295 	
0.180000	0.980556  	0.180000	1.05347   	0.180000	1.06552   	0.180000	1.06552   	0.180000	1.04991   	0.180000	0.00356519	
0.200000	0.982698  	0.200000	1.06251   	0.200000	1.07869   	0.200000	1.07869   	0.200000	1.05924   	0.200000	0.00326689	
0.250000	0.96476   	0.250000	1.0628    	0.250000	1.08836   	0.250000	1.08836   	0.250000	1.06009   	0.250000	0.00271215	
0.300000	0.96872   	0.300000	1.0683    	0.300000	1.07925   	0.300000	1.07925   	0.300000	1.06597   	0.300000	0.00232728	
0.350000	0.975977  	0.350000	1.07284   	0.350000	1.06185   	0.350000	1.06185   	0.350000	1.0708    	0.350000	0.00204348	
0.400000	0.974272  	0.400000	1.06688   	0.400000	1.04288   	0.400000	1.04288   	0.400000	1.06505   	0.400000	0.00182494	
0.450000	0.968894  	0.450000	1.05815   	0.450000	1.03007   	0.450000	1.03007   	0.450000	1.05649   	0.450000	0.00165109	
0.500000	0.966177  	0.500000	1.05414   	0.500000	1.01495   	0.500000	1.01495   	0.500000	1.05263   	0.500000	0.00150927	
0.600000	0.923243  	0.600000	1.02007   	0.600000	0.982333  	0.600000	0.982333  	0.600000	1.01878   	0.600000	0.0012913 	
0.700000	0.875015  	0.700000	0.985862  	0.700000	0.947312  	0.700000	0.947312  	0.700000	0.984731  	0.700000	0.00113116	
0.800000	0.8564    	0.800000	0.951254  	0.800000	0.913963  	0.800000	0.913963  	0.800000	0.950245  	0.800000	0.00100821	
0.900000	0.835836  	0.900000	0.917407  	0.900000	0.882998  	0.900000	0.882998  	0.900000	0.916497  	0.900000	0.000910651	
1.000000	0.814216  	1.000000	0.884493  	1.000000	0.854132  	1.000000	0.854132  	1.000000	0.883662  	1.000000	0.000831229	
1.250000	0.752492  	1.250000	0.821901  	1.250000	0.788419  	1.250000	0.788419  	1.250000	0.821216  	1.250000	0.00068471	
1.500000	0.68894   	1.500000	0.757873  	1.500000	0.729619  	1.500000	0.729619  	1.500000	0.757289  	1.500000	0.000584023	
1.750000	0.634707  	1.750000	0.704128  	1.750000	0.680095  	1.750000	0.680095  	1.750000	0.703618  	1.750000	0.000510325	
2.000000	0.584248  	2.000000	0.653763  	2.000000	0.637273  	2.000000	0.637273  	2.000000	0.653309  	2.000000	0.000453913	
2.250000	0.542276  	2.250000	0.607439  	2.250000	0.599674  	2.250000	0.599674  	2.250000	0.60703   	2.250000	0.000409263	
2.500000	0.505024  	2.500000	0.56844   	2.500000	0.566321  	2.500000	0.566321  	2.500000	0.568067  	2.500000	0.000372994	
3.000000	0.450047  	3.000000	0.505586  	3.000000	0.509707  	3.000000	0.509707  	3.000000	0.505268  	3.000000	0.000317544	
3.500000	0.406369  	3.500000	0.456245  	3.500000	0.463475  	3.500000	0.463475  	3.500000	0.455967  	3.500000	0.000277047	
4.000000	0.370825  	4.000000	0.416336  	4.000000	0.425043  	4.000000	0.425043  	4.000000	0.41609   	4.000000	0.000246105	
4.500000	0.34132   	4.500000	0.38326   	4.500000	0.392617  	4.500000	0.392617  	4.500000	0.383039  	4.500000	0.000221653	
5.000000	0.316423  	5.000000	0.35529   	5.000000	0.364905  	5.000000	0.364905  	5.000000	0.355088  	5.000000	0.000201816	
5.500000	0.295121  	5.500000	0.331601  	5.500000	0.340957  	5.500000	0.340957  	5.500000	0.331415  	5.500000	0.000185384	
6.000000	0.27668   	6.000000	0.311015  	6.000000	0.320056  	6.000000	0.320056  	6.000000	0.310843  	6.000000	0.000171538	
6.500000	0.260552  	6.500000	0.292945  	6.500000	0.301657  	6.500000	0.301657  	6.500000	0.292785  	6.500000	0.000159704	
7.000000	0.246322  	7.000000	0.276948  	7.000000	0.285334  	7.000000	0.285334  	7.000000	0.276799  	7.000000	0.000149466	
7.500000	0.23367   	7.500000	0.262681  	7.500000	0.270754  	7.500000	0.270754  	7.500000	0.262541  	7.500000	0.000140518	
8.000000	0.222343  	8.000000	0.249875  	8.000000	0.25765   	8.000000	0.25765   	8.000000	0.249742  	8.000000	0.000132627	
8.500000	0.212141  	8.500000	0.238313  	8.500000	0.245808  	8.500000	0.245808  	8.500000	0.238187  	8.500000	0.000125614	
9.000000	0.202901  	9.000000	0.22782   	9.000000	0.235053  	9.000000	0.235053  	9.000000	0.227701  	9.000000	0.000119337	
9.500000	0.194493  	9.500000	0.218254  	9.500000	0.225239  	9.500000	0.225239  	9.500000	0.21814   	9.500000	0.000113685	
10.000000	0.186806  	10.000000	0.215906  	10.000000	0.216248  	10.000000	0.216248  	10.000000	0.215797  	10.000000	0.000108568	
11.000000	0.17325   	11.000000	0.200404  	11.000000	0.200161  	11.000000	0.200297  	11.000000	0.200305  	11.000000	9.96554e-05	
12.000000	0.161671  	12.000000	0.187091  	12.000000	0.186411  	12.000000	0.186636  	12.000000	0.186999  	12.000000	9.2152e-05	
13.000000	0.151658  	13.000000	0.175533  	13.000000	0.174526  	13.000000	0.174809  	13.000000	0.175447  	13.000000	8.57438e-05	
14.000000	0.142911  	14.000000	0.165405  	14.000000	0.164155  	14.000000	0.164475  	14.000000	0.165324  	14.000000	8.02042e-05	
15.000000	0.1352    	15.000000	0.156455  	15.000000	0.155026  	15.000000	0.155371  	15.000000	0.15638   	15.000000	7.53655e-05	
16.000000	0.128349  	16.000000	0.14849   	16.000000	0.146938  	16.000000	0.147294  	16.000000	0.148419  	16.000000	7.11009e-05	
17.000000	0.12222   	17.000000	0.141354  	17.000000	0.139724  	17.000000	0.140081  	17.000000	0.141287  	17.000000	6.73126e-05	
18.000000	0.116702  	18.000000	0.134924  	18.000000	0.133248  	18.000000	0.133604  	18.000000	0.13486   	18.000000	6.39239e-05	
19.000000	0.111708  	19.000000	0.129098  	19.000000	0.127405  	19.000000	0.127758  	19.000000	0.129037  	19.000000	6.08739e-05	
20.000000	0.107164  	20.000000	0.123796  	20.000000	0.122113  	20.000000	0.122457  	20.000000	0.123738  	20.000000	5.81136e-05	
21.000000	0.103012  	21.000000	0.118949  	21.000000	0.1173    	21.000000	0.117631  	21.000000	0.118894  	21.000000	5.56031e-05	
22.000000	0.0992027 	22.000000	0.1145    	22.000000	0.112904  	22.000000	0.113221  	22.000000	0.114447  	22.000000	5.33093e-05	
23.000000	0.095694  	23.000000	0.110403  	23.000000	0.108873  	23.000000	0.109178  	23.000000	0.110351  	23.000000	5.12051e-05	
24.000000	0.0924515 	24.000000	0.106615  	24.000000	0.105165  	24.000000	0.105458  	24.000000	0.106566  	24.000000	4.92675e-05	
25.000000	0.0894454 	25.000000	0.103104  	25.000000	0.101745  	25.000000	0.102027  	25.000000	0.103057  	25.000000	4.74773e-05	
27.000000	0.0840444 	27.000000	0.0967972 	27.000000	0.0956556 	27.000000	0.0959109 	27.000000	0.0967529 	27.000000	4.42754e-05	
29.000000	0.0793272 	29.000000	0.0912901 	29.000000	0.0904087 	29.000000	0.0906318 	29.000000	0.0912486 	29.000000	4.14942e-05	
31.000000	0.0751695 	31.000000	0.0864386 	31.000000	0.0857563 	31.000000	0.085939  	31.000000	0.0863996 	31.000000	3.90549e-05	
33.000000	0.071476  	33.000000	0.082131  	33.000000	0.0815451 	33.000000	0.0816908 	33.000000	0.0820941 	33.000000	3.68973e-05	
35.000000	0.0681716 	35.000000	0.0782796 	35.000000	0.0777778 	35.000000	0.0778908 	35.000000	0.0782446 	35.000000	3.49747e-05	
38.000000	0.0638181 	38.000000	0.0732096 	38.000000	0.0728135 	38.000000	0.0728852 	38.000000	0.0731771 	38.000000	3.24527e-05	
41.000000	0.0600546 	41.000000	0.0688314 	41.000000	0.0685228 	41.000000	0.0685589 	41.000000	0.0688011 	41.000000	3.02829e-05	
44.000000	0.056767  	44.000000	0.065011  	44.000000	0.0647653 	44.000000	0.0647804 	44.000000	0.0649826 	44.000000	2.83955e-05	
47.000000	0.0538687 	47.000000	0.061647  	47.000000	0.0614577 	47.000000	0.0614503 	47.000000	0.0616203 	47.000000	2.67381e-05	
50.000000	0.0512934 	50.000000	0.0586613 	50.000000	0.0585174 	50.000000	0.058492  	50.000000	0.0586361 	50.000000	2.52706e-05	
55.000000	0.0475822 	55.000000	0.0543656 	55.000000	0.0542741 	55.000000	0.0542308 	55.000000	0.0543424 	55.000000	2.31647e-05	
60.000000	0.0444474 	60.000000	0.0507444 	60.000000	0.0506906 	60.000000	0.0506338 	60.000000	0.050723  	60.000000	2.13946e-05	
65.000000	0.041762  	65.000000	0.0476487 	65.000000	0.047618  	65.000000	0.0475548 	65.000000	0.0476288 	65.000000	1.98849e-05	
70.000000	0.0394342 	70.000000	0.0449707 	70.000000	0.0449631 	70.000000	0.0448882 	70.000000	0.0449521 	70.000000	1.85816e-05	
75.000000	0.0373956 	75.000000	0.0426304 	75.000000	0.0426327 	75.000000	0.0425553 	75.000000	0.042613  	75.000000	1.74445e-05	
80.000000	0.0355945 	80.000000	0.040567  	80.000000	0.0405809 	80.000000	0.0404964 	80.000000	0.0405506 	80.000000	1.64433e-05	
85.000000	0.0339908 	85.000000	0.0387337 	85.000000	0.038751  	85.000000	0.0386655 	85.000000	0.0387181 	85.000000	1.55549e-05	
90.000000	0.0325531 	90.000000	0.0370935 	90.000000	0.0371171 	90.000000	0.0370262 	90.000000	0.0370788 	90.000000	1.47609e-05	
95.000000	0.0312563 	95.000000	0.0356173 	95.000000	0.0356407 	95.000000	0.0355496 	95.000000	0.0356032 	95.000000	1.40469e-05	
100.000000	0.0300802 	100.000000	0.0342813 	100.000000	0.0343038 	100.000000	0.0342125 	100.000000	0.0342679 	100.000000	1.34012e-05	
105.000000	0.0290083 	105.000000	0.0330663 	105.000000	0.0330868 	105.000000	0.0329957 	105.000000	0.0330535 	105.000000	1.28144e-05	
110.000000	0.0280272 	110.000000	0.0319565 	110.000000	0.0319781 	110.000000	0.0318837 	110.000000	0.0319442 	110.000000	1.22787e-05	
115.000000	0.0271253 	115.000000	0.0309386 	115.000000	0.0309587 	115.000000	0.0308633 	115.000000	0.0309268 	115.000000	1.17876e-05	
120.000000	0.0262933 	120.000000	0.0300015 	120.000000	0.0300183 	120.000000	0.0299236 	120.000000	0.0299902 	120.000000	1.13356e-05	
125.000000	0.0255232 	125.000000	0.029136  	125.000000	0.0291499 	125.000000	0.0290553 	125.000000	0.0291251 	125.000000	1.09183e-05	
130.000000	0.0248082 	130.000000	0.028334  	130.000000	0.0283448 	130.000000	0.0282506 	130.000000	0.0283235 	130.000000	1.05317e-05	
135.000000	0.0241423 	135.000000	0.0275888 	135.000000	0.0275964 	135.000000	0.0275026 	135.000000	0.0275787 	135.000000	1.01725e-05	
140.000000	0.0235205 	140.000000	0.0268946 	140.000000	0.026899  	140.000000	0.0268055 	140.000000	0.0268847 	140.000000	9.8379e-06	
145.000000	0.0229386 	145.000000	0.0262461 	145.000000	0.0262475 	145.000000	0.0261543 	145.000000	0.0262366 	145.000000	9.52541e-06	
150.000000	0.0223927 	150.000000	0.0256391 	150.000000	0.0256375 	150.000000	0.0255447 	150.000000	0.0256298 	150.000000	9.23287e-06	
155.000000	0.021624  	155.000000	0.0250696 	155.000000	0.0250651 	155.000000	0.0249726 	155.000000	0.0250606 	155.000000	8.95841e-06	
160.000000	0.0211734 	160.000000	0.0245342 	160.000000	0.0245269 	160.000000	0.0244348 	160.000000	0.0245255 	160.000000	8.70039e-06	
165.000000	0.0207485 	165.000000	0.02403   	165.000000	0.02402   	165.000000	0.0239283 	165.000000	0.0240216 	165.000000	8.45735e-06	
170.000000	0.0203471 	170.000000	0.0235544 	170.000000	0.0235417 	170.000000	0.0234504 	170.000000	0.0235461 	170.000000	8.22801e-06	
175.000000	0.0199673 	175.000000	0.0231048 	175.000000	0.0230897 	175.000000	0.0229988 	175.000000	0.0230968 	175.000000	8.01123e-06	
180.000000	0.0196074 	180.000000	0.0226793 	180.000000	0.0226619 	180.000000	0.0225713 	180.000000	0.0226715 	180.000000	7.80599e-06	
185.000000	0.0192658 	185.000000	0.0222759 	185.000000	0.0222563 	185.000000	0.0221661 	185.000000	0.0222683 	185.000000	7.61138e-06	
190.000000	0.0189412 	190.000000	0.0218931 	190.000000	0.0218713 	190.000000	0.0217814 	190.000000	0.0218856 	190.000000	7.42659e-06	
195.000000	0.0186322 	195.000000	0.0215291 	195.000000	0.0215054 	195.000000	0.0214159 	195.000000	0.0215219 	195.000000	7.25089e-06	
200.000000	0.0183378 	200.000000	0.0211828 	200.000000	0.0211572 	200.000000	0.021068  	200.000000	0.0211757 	200.000000	7.0836e-06	
210.000000	0.0177888 	210.000000	0.0205379 	210.000000	0.0205089 	210.000000	0.0204204 	210.000000	0.0205311 	210.000000	6.77196e-06	
220.000000	0.0172871 	220.000000	0.0199499 	220.000000	0.0199179 	220.000000	0.0198301 	220.000000	0.0199434 	220.000000	6.48751e-06	
230.000000	0.0168266 	230.000000	0.0194114 	230.000000	0.019377  	230.000000	0.0192897 	230.000000	0.0194052 	230.000000	6.2268e-06	
240.000000	0.0164026 	240.000000	0.0189166 	240.000000	0.0188799 	240.000000	0.0187934 	240.000000	0.0189107 	240.000000	5.98695e-06	
250.000000	0.0160108 	250.000000	0.0184604 	250.000000	0.0184222 	250.000000	0.0183359 	250.000000	0.0184547 	250.000000	5.76552e-06	
260.000000	0.0156477 	260.000000	0.0180384 	260.000000	0.0179978 	260.000000	0.017913  	260.000000	0.0180329 	260.000000	5.56044e-06	
270.000000	0.0153102 	270.000000	0.017647  	270.000000	0.0176036 	270.000000	0.0175209 	270.000000	0.0176417 	270.000000	5.36994e-06	
280.000000	0.0149957 	280.000000	0.017283  	280.000000	0.0172388 	280.000000	0.0171564 	280.000000	0.0172778 	280.000000	5.19251e-06	
290.000000	0.014702  	290.000000	0.0169436 	290.000000	0.0168988 	290.000000	0.0168168 	290.000000	0.0169386 	290.000000	5.02683e-06	
300.000000	0.014427  	300.000000	0.0166265 	300.000000	0.0165812 	300.000000	0.0164997 	300.000000	0.0166216 	300.000000	4.87176e-06	
310.000000	0.0141691 	310.000000	0.0163295 	310.000000	0.016284  	310.000000	0.0162029 	310.000000	0.0163248 	310.000000	4.72629e-06	
320.000000	0.0139266 	320.000000	0.0160509 	320.000000	0.0160054 	320.000000	0.0159247 	320.000000	0.0160463 	320.000000	4.58956e-06	
330.000000	0.0136984 	330.000000	0.015789  	330.000000	0.0157435 	330.000000	0.0156632 	330.000000	0.0157846 	330.000000	4.46078e-06	
340.000000	0.0134831 	340.000000	0.0155424 	340.000000	0.0154972 	340.000000	0.0154173 	340.000000	0.0155381 	340.000000	4.33929e-06	
350.000000	0.0132797 	350.000000	0.0153098 	350.000000	0.0152651 	350.000000	0.0151854 	350.000000	0.0153056 	350.000000	4.22446e-06	
360.000000	0.0130872 	360.000000	0.0150901 	360.000000	0.0150453 	360.000000	0.0149666 	360.000000	0.015086  	360.000000	4.11576e-06	
370.000000	0.0129049 	370.000000	0.0148823 	370.000000	0.0148359 	370.000000	0.0147586 	370.000000	0.0148783 	370.000000	4.01271e-06	
380.000000	0.012732  	380.000000	0.0146854 	380.000000	0.0146383 	380.000000	0.0145617 	380.000000	0.0146815 	380.000000	3.91486e-06	
390.000000	0.0125677 	390.000000	0.0144987 	390.000000	0.0144516 	390.000000	0.014375  	390.000000	0.0144949 	390.000000	3.82184e-06	
400.000000	0.0124115 	400.000000	0.0143214 	400.000000	0.0142742 	400.000000	0.0141979 	400.000000	0.0143176 	400.000000	3.73329e-06	
410.000000	0.0122627 	410.000000	0.0141528 	410.000000	0.0141056 	410.000000	0.0140296 	410.000000	0.0141491 	410.000000	3.64889e-06	
420.000000	0.012121  	420.000000	0.0139923 	420.000000	0.0139452 	420.000000	0.0138695 	420.000000	0.0139888 	420.000000	3.56835e-06	
430.000000	0.0119858 	430.000000	0.0138395 	430.000000	0.0137925 	430.000000	0.0137171 	430.000000	0.013836  	430.000000	3.49142e-06	
440.000000	0.0118566 	440.000000	0.0136937 	440.000000	0.0136472 	440.000000	0.0135719 	440.000000	0.0136902 	440.000000	3.41784e-06	
450.000000	0.0117332 	450.000000	0.0135545 	450.000000	0.0135083 	450.000000	0.0134333 	450.000000	0.0135511 	450.000000	3.34741e-06	
460.000000	0.0116151 	460.000000	0.0134215 	460.000000	0.0133753 	460.000000	0.0133009 	460.000000	0.0134182 	460.000000	3.27992e-06	
470.000000	0.0115021 	470.000000	0.0132943 	470.000000	0.0132479 	470.000000	0.0131745 	470.000000	0.0132911 	470.000000	3.21519e-06	
480.000000	0.0113938 	480.000000	0.0131726 	480.000000	0.0131262 	480.000000	0.0130535 	480.000000	0.0131695 	480.000000	3.15305e-06	
490.000000	0.01129   	490.000000	0.0130561 	490.000000	0.0130102 	490.000000	0.0129378 	490.000000	0.013053  	490.000000	3.09335e-06	
500.000000	0.0111903 	500.000000	0.0129444 	500.000000	0.0128992 	500.000000	0.0128268 	500.000000	0.0129413 	500.000000	3.03595e-06	
520.000000	0.0110028 	520.000000	0.0127343 	520.000000	0.0126905 	520.000000	0.0126185 	520.000000	0.0127314 	520.000000	2.92752e-06	
540.000000	0.0108294 	540.000000	0.0125406 	540.000000	0.0124982 	540.000000	0.0124266 	540.000000	0.0125378 	540.000000	2.82681e-06	
560.000000	0.0106688 	560.000000	0.0123615 	560.000000	0.0123205 	560.000000	0.0122493 	560.000000	0.0123587 	560.000000	2.73303e-06	
580.000000	0.0105197 	580.000000	0.0121955 	580.000000	0.0121556 	580.000000	0.0120851 	580.000000	0.0121928 	580.000000	2.64548e-06	
600.000000	0.0103811 	600.000000	0.0120413 	600.000000	0.0120025 	600.000000	0.0119327 	600.000000	0.0120387 	600.000000	2.56354e-06	
620.000000	0.0102519 	620.000000	0.0118978 	620.000000	0.0118602 	620.000000	0.0117911 	620.000000	0.0118953 	620.000000	2.48669e-06	
640.000000	0.0101313 	640.000000	0.0117641 	640.000000	0.0117279 	640.000000	0.0116592 	640.000000	0.0117617 	640.000000	2.41446e-06	
660.000000	0.0100186 	660.000000	0.0116393 	660.000000	0.0116046 	660.000000	0.011536  	660.000000	0.011637  	660.000000	2.34645e-06	
680.000000	0.00991311	680.000000	0.0115226 	680.000000	0.0114893 	680.000000	0.011421  	680.000000	0.0115204 	680.000000	2.28229e-06	
700.000000	0.00981426	700.000000	0.0114134 	700.000000	0.0113814 	700.000000	0.0113133 	700.000000	0.0114112 	700.000000	2.22165e-06	
720.000000	0.00972153	720.000000	0.011311  	720.000000	0.0112803 	720.000000	0.0112124 	720.000000	0.0113088 	720.000000	2.16426e-06	
740.000000	0.00963443	740.000000	0.0112149 	740.000000	0.0111852 	740.000000	0.0111176 	740.000000	0.0112128 	740.000000	2.10986e-06	
760.000000	0.00955256	760.000000	0.0111246 	760.000000	0.0110955 	760.000000	0.0110286 	760.000000	0.0111225 	760.000000	2.05822e-06	
780.000000	0.00947553	780.000000	0.0110396 	780.000000	0.011011  	780.000000	0.0109448 	780.000000	0.0110376 	780.000000	2.00912e-06	
800.000000	0.00940299	800.000000	0.0109597 	800.000000	0.0109317 	800.000000	0.0108659 	800.000000	0.0109577 	800.000000	1.96239e-06	
820.000000	0.00933464	820.000000	0.0108844 	820.000000	0.0108572 	820.000000	0.0107915 	820.000000	0.0108825 	820.000000	1.91786e-06	
840.000000	0.00927019	840.000000	0.0108134 	840.000000	0.0107869 	840.000000	0.0107213 	840.000000	0.0108115 	840.000000	1.87536e-06	
860.000000	0.00920939	860.000000	0.0107464 	860.000000	0.0107204 	860.000000	0.0106549 	860.000000	0.0107445 	860.000000	1.83477e-06	
880.000000	0.009152  	880.000000	0.0106831 	880.000000	0.0106575 	880.000000	0.0105922 	880.000000	0.0106813 	880.000000	1.79596e-06	
900.000000	0.00909781	900.000000	0.0106233 	900.000000	0.010598  	900.000000	0.0105329 	900.000000	0.0106216 	900.000000	1.75881e-06	
920.000000	0.00904661	920.000000	0.0105668 	920.000000	0.0105418 	920.000000	0.0104767 	920.000000	0.0105651 	920.000000	1.72321e-06	
940.000000	0.00899824	940.000000	0.0105134 	940.000000	0.0104884 	940.000000	0.0104234 	940.000000	0.0105117 	940.000000	1.68908e-06	
960.000000	0.00895253	960.000000	0.0104629 	960.000000	0.0104376 	960.000000	0.0103729 	960.000000	0.0104612 	960.000000	1.65631e-06	
980.000000	0.00890931	980.000000	0.0104151 	980.000000	0.0103893 	980.000000	0.010325  	980.000000	0.0104134 	980.000000	1.62484e-06	
1000.000000	0.00886846	1000.000000	0.0103698 	1000.000000	0.0103433 	1000.000000	0.0102794 	1000.000000	0.0103682 	1000.000000	1.59457e-06	
1020.000000	0.00882983	1020.000000	0.0103269 	1020.000000	0.0102997 	1020.000000	0.0102362 	1020.000000	0.0103254 	1020.000000	1.56545e-06	
1040.000000	0.00879331	1040.000000	0.0102863 	1040.000000	0.0102583 	1040.000000	0.0101951 	1040.000000	0.0102848 	1040.000000	1.53741e-06	
1060.000000	0.00875879	1060.000000	0.0102479 	1060.000000	0.010219  	1060.000000	0.010156  	1060.000000	0.0102464 	1060.000000	1.51039e-06	
1080.000000	0.00872617	1080.000000	0.0102115 	1080.000000	0.0101818 	1080.000000	0.0101188 	1080.000000	0.01021   	1080.000000	1.48433e-06	
1100.000000	0.00869533	1100.000000	0.010177  	1100.000000	0.0101463 	1100.000000	0.0100834 	1100.000000	0.0101755 	1100.000000	1.45919e-06	
1120.000000	0.00866621	1120.000000	0.0101443 	1120.000000	0.0101125 	1120.000000	0.0100496 	1120.000000	0.0101428 	1120.000000	1.43491e-06	
1140.000000	0.0086387 	1140.000000	0.0101133 	1140.000000	0.0100803 	1140.000000	0.0100175 	1140.000000	0.0101119 	1140.000000	1.41145e-06	
1160.000000	0.00861274	1160.000000	0.010084  	1160.000000	0.0100495 	1160.000000	0.00998684	1160.000000	0.0100826 	1160.000000	1.38877e-06	
1180.000000	0.00858825	1180.000000	0.0100562 	1180.000000	0.0100202 	1180.000000	0.00995763	1180.000000	0.0100548 	1180.000000	1.36683e-06	
1200.000000	0.00856516	1200.000000	0.0100299 	1200.000000	0.00999229	1200.000000	0.00992976	1200.000000	0.0100286 	1200.000000	1.3456e-06	
1220.000000	0.00854341	1220.000000	0.010005  	1220.000000	0.00996565	1220.000000	0.00990318	1220.000000	0.0100037 	1220.000000	1.32504e-06	
1240.000000	0.00852293	1240.000000	0.00998148	1240.000000	0.00994025	1240.000000	0.00987781	1240.000000	0.00998017	1240.000000	1.30512e-06	
1260.000000	0.00850367	1260.000000	0.00995921	1260.000000	0.00991599	1260.000000	0.00985359	1260.000000	0.00995792	1260.000000	1.2858e-06	
1280.000000	0.00848558	1280.000000	0.00993816	1280.000000	0.0098928 	1280.000000	0.00983047	1280.000000	0.00993689	1280.000000	1.26707e-06	
1300.000000	0.0084686 	1300.000000	0.00991827	1300.000000	0.00987061	1300.000000	0.00980839	1300.000000	0.00991702	1300.000000	1.2489e-06	
1320.000000	0.00845269	1320.000000	0.00989949	1320.000000	0.00984936	1320.000000	0.0097873 	1320.000000	0.00989826	1320.000000	1.23125e-06	
1340.000000	0.00843781	1340.000000	0.00988178	1340.000000	0.00982901	1340.000000	0.00976715	1340.000000	0.00988056	1340.000000	1.21411e-06	
1360.000000	0.00842391	1360.000000	0.00986508	1360.000000	0.00980953	1360.000000	0.00974789	1360.000000	0.00986388	1360.000000	1.19746e-06	
1380.000000	0.00841095	1380.000000	0.00984936	1380.000000	0.0097909 	1380.000000	0.00972949	1380.000000	0.00984817	1380.000000	1.18128e-06	
1400.000000	0.0083989 	1400.000000	0.00983456	1400.000000	0.00977309	1400.000000	0.00971191	1400.000000	0.0098334 	1400.000000	1.16554e-06	
1420.000000	0.00838772	1420.000000	0.00982066	1420.000000	0.00975608	1420.000000	0.00969511	1420.000000	0.00981951	1420.000000	1.15023e-06	
1440.000000	0.00837737	1440.000000	0.00980762	1440.000000	0.00973985	1440.000000	0.00967904	1440.000000	0.00980648	1440.000000	1.13532e-06	
1460.000000	0.00836783	1460.000000	0.0097954 	1460.000000	0.00972436	1460.000000	0.00966369	1460.000000	0.00979428	1460.000000	1.12082e-06	
1480.000000	0.00835906	1480.000000	0.00978396	1480.000000	0.00970959	1480.000000	0.00964901	1480.000000	0.00978286	1480.000000	1.10669e-06	
1500.000000	0.00835104	1500.000000	0.00977329	1500.000000	0.0096955 	1500.000000	0.00963498	1500.000000	0.0097722 	1500.000000	1.09292e-06	
1520.000000	0.00834374	1520.000000	0.00976334	1520.000000	0.00968205	1520.000000	0.00962157	1520.000000	0.00976226	1520.000000	1.0795e-06	
1540.000000	0.00833713	1540.000000	0.00975409	1540.000000	0.0096692 	1540.000000	0.00960875	1540.000000	0.00975303	1540.000000	1.06642e-06	
1560.000000	0.00833119	1560.000000	0.00974552	1560.000000	0.00965693	1560.000000	0.0095965 	1560.000000	0.00974447	1560.000000	1.05366e-06	
1580.000000	0.00832589	1580.000000	0.0097376 	1580.000000	0.00964521	1580.000000	0.00958479	1580.000000	0.00973655	1580.000000	1.04121e-06	
1600.000000	0.00832122	1600.000000	0.00973029	1600.000000	0.00963401	1600.000000	0.00957361	1600.000000	0.00972927	1600.000000	1.02907e-06	
1620.000000	0.00831715	1620.000000	0.0097236 	1620.000000	0.0096233 	1620.000000	0.00956292	1620.000000	0.00972258	1620.000000	1.01721e-06	
1640.000000	0.00831366	1640.000000	0.00971748	1640.000000	0.00961306	1640.000000	0.00955271	1640.000000	0.00971647	1640.000000	1.00563e-06	
1660.000000	0.00831073	1660.000000	0.00971192	1660.000000	0.00960328	1660.000000	0.00954296	1660.000000	0.00971092	1660.000000	9.94324e-07	
1680.000000	0.00830835	1680.000000	0.0097069 	1680.000000	0.00959394	1680.000000	0.00953365	1680.000000	0.00970591	1680.000000	9.83274e-07	
1700.000000	0.00830649	1700.000000	0.00970239	1700.000000	0.00958502	1700.000000	0.00952476	1700.000000	0.00970142	1700.000000	9.72476e-07	
1750.000000	0.00830404	1750.000000	0.0096933 	1750.000000	0.00956444	1750.000000	0.00950429	1750.000000	0.00969236	1750.000000	9.46521e-07	
1800.000000	0.00830454	1800.000000	0.0096871 	1800.000000	0.00954613	1800.000000	0.00948611	1800.000000	0.00968617	1800.000000	9.21958e-07	
1850.000000	0.00830777	1850.000000	0.00968354	1850.000000	0.0095299 	1850.000000	0.00947002	1850.000000	0.00968264	1850.000000	8.98677e-07	
1900.000000	0.00831353	1900.000000	0.00968243	1900.000000	0.00951555	1900.000000	0.00945582	1900.000000	0.00968155	1900.000000	8.76579e-07	
1950.000000	0.00832165	1950.000000	0.00968357	1950.000000	0.00950292	1950.000000	0.00944334	1950.000000	0.00968271	1950.000000	8.55575e-07	
2000.000000	0.00833197	2000.000000	0.0096868 	2000.000000	0.00949186	2000.000000	0.00943244	2000.000000	0.00968596	2000.000000	8.35584e-07	
2100.000000	0.00835865	2100.000000	0.00969893	2100.000000	0.00947392	2100.000000	0.00941482	2100.000000	0.00969813	2100.000000	7.98362e-07	
2200.000000	0.00839257	2200.000000	0.00971776	2200.000000	0.00946082	2200.000000	0.00940201	2200.000000	0.009717  	2200.000000	7.64409e-07	
2300.000000	0.00843289	2300.000000	0.00974243	2300.000000	0.00945184	2300.000000	0.00939326	2300.000000	0.00974169	2300.000000	7.3331e-07	
2400.000000	0.00847891	2400.000000	0.00977218	2400.000000	0.00944635	2400.000000	0.00938793	2400.000000	0.00977148	2400.000000	7.04715e-07	
2500.000000	0.00853004	2500.000000	0.00980643	2500.000000	0.00944383	2500.000000	0.00938551	2500.000000	0.00980575	2500.000000	6.78331e-07	
2600.000000	0.00858578	2600.000000	0.00984463	2600.000000	0.00944383	2600.000000	0.00938557	2600.000000	0.00984398	2600.000000	6.53908e-07	
2700.000000	0.0086457 	2700.000000	0.00988635	2700.000000	0.00944595	2700.000000	0.00938774	2700.000000	0.00988572	2700.000000	6.31234e-07	
2800.000000	0.00870942	2800.000000	0.00993121	2800.000000	0.00944987	2800.000000	0.00939172	2800.000000	0.0099306 	2800.000000	6.10125e-07	
2900.000000	0.00877661	2900.000000	0.00997888	2900.000000	0.00945533	2900.000000	0.00939725	2900.000000	0.00997829	2900.000000	5.90423e-07	
3000.000000	0.00884701	3000.000000	0.0100291 	3000.000000	0.00946211	3000.000000	0.00940412	3000.000000	0.0100285 	3000.000000	5.71991e-07	
3200.000000	0.00899644	3200.000000	0.010136  	3200.000000	0.00947892	3200.000000	0.00942111	3200.000000	0.0101355 	3200.000000	5.38471e-07	
3400.000000	0.00915607	3400.000000	0.0102505 	3400.000000	0.00949913	3400.000000	0.00944151	3400.000000	0.01025   	3400.000000	5.08766e-07	
3600.000000	0.0093246 	3600.000000	0.0103711 	3600.000000	0.00952187	3600.000000	0.00946441	3600.000000	0.0103706 	3600.000000	4.82256e-07	
3800.000000	0.00950102	3800.000000	0.0104969 	3800.000000	0.00954647	3800.000000	0.00948914	3800.000000	0.0104964 	3800.000000	4.58446e-07	
4000.000000	0.00968449	4000.000000	0.0106271 	4000.000000	0.00957241	4000.000000	0.0095152 	4000.000000	0.0106266 	4000.000000	4.36941e-07	
4200.000000	0.00987434	4200.000000	0.0107609 	4200.000000	0.0095993 	4200.000000	0.00954218	4200.000000	0.0107605 	4200.000000	4.17418e-07	
4400.000000	0.01007   	4400.000000	0.010898  	4400.000000	0.00962683	4400.000000	0.0095698 	4400.000000	0.0108976 	4400.000000	3.99613e-07	
4600.000000	0.0102711 	4600.000000	0.0110377 	4600.000000	0.00965477	4600.000000	0.00959782	4600.000000	0.0110373 	4600.000000	3.83306e-07	
4800.000000	0.0104771 	4800.000000	0.0111798 	4800.000000	0.00968292	4800.000000	0.00962604	4800.000000	0.0111795 	4800.000000	3.68315e-07	
5000.000000	0.0106877 	5000.000000	0.011324  	5000.000000	0.00971114	5000.000000	0.00965434	5000.000000	0.0113236 	5000.000000	3.54485e-07	
5250.000000	0.0109571 	5250.000000	0.0115067 	5250.000000	0.00974637	5250.000000	0.00968966	5250.000000	0.0115064 	5250.000000	3.38631e-07	
5500.000000	0.0112329 	5500.000000	0.0116918 	5500.000000	0.00978138	5500.000000	0.00972474	5500.000000	0.0116914 	5500.000000	3.24174e-07	
6000.000000	0.0118022 	6000.000000	0.0120677 	6000.000000	0.00985028	6000.000000	0.00979381	6000.000000	0.0120674 	6000.000000	2.98762e-07	
6500.000000	0.012393  	6500.000000	0.0124495 	6500.000000	0.00991728	6500.000000	0.00986093	6500.000000	0.0124493 	6500.000000	2.77141e-07	
7000.000000	0.0130038 	7000.000000	0.0128359 	7000.000000	0.00998203	7000.000000	0.00992582	7000.000000	0.0128356 	7000.000000	2.58515e-07	
7500.000000	0.0136332 	7500.000000	0.0132256 	7500.000000	0.0100442 	7500.000000	0.00998836	7500.000000	0.0132254 	7500.000000	2.42297e-07	
8000.000000	0.0142802 	8000.000000	0.0136179 	8000.000000	0.0101042 	8000.000000	0.0100485 	8000.000000	0.0136176 	8000.000000	2.28045e-07	
8500.000000	0.0149443 	8500.000000	0.0140121 	8500.000000	0.0101621 	8500.000000	0.0101064 	8500.000000	0.0140119 	8500.000000	2.15419e-07	
9000.000000	0.0156247 	9000.000000	0.0144078 	9000.000000	0.0102177 	9000.000000	0.0101621 	9000.000000	0.0144076 	9000.000000	2.04153e-07	
9500.000000	0.016321  	9500.000000	0.0148045 	9500.000000	0.0102711 	9500.000000	0.0102156 	9500.000000	0.0148044 	9500.000000	1.94037e-07	
10000.000000	0.0170329 	10000.000000	0.0152022 	10000.000000	0.0103223 	10000.000000	0.0102671 	10000.000000	0.015202  	10000.000000	1.84902e-07	
11000.000000	0.0185023 	11000.000000	0.015999  	11000.000000	0.0104191 	11000.000000	0.0103645 	11000.000000	0.0159989 	11000.000000	1.6905e-07	
12000.000000	0.0200311 	12000.000000	0.0167971 	12000.000000	0.0105096 	12000.000000	0.0104551 	12000.000000	0.0167969 	12000.000000	1.55764e-07	
13000.000000	0.0216182 	13000.000000	0.0175954 	13000.000000	0.010594  	13000.000000	0.0105396 	13000.000000	0.0175953 	13000.000000	1.44462e-07	
14000.000000	0.0232629 	14000.000000	0.0183935 	14000.000000	0.0106728 	14000.000000	0.0106188 	14000.000000	0.0183934 	14000.000000	1.34729e-07	
15000.000000	0.0249646 	15000.000000	0.019191  	15000.000000	0.0107466 	15000.000000	0.0106932 	15000.000000	0.0191909 	15000.000000	1.26255e-07	
16000.000000	0.0267229 	16000.000000	0.0199877 	16000.000000	0.0108161 	16000.000000	0.0107633 	16000.000000	0.0199875 	16000.000000	1.1881e-07	
17000.000000	0.0285378 	17000.000000	0.0207833 	17000.000000	0.0108818 	17000.000000	0.0108295 	17000.000000	0.0207831 	17000.000000	1.12215e-07	
18000.000000	0.0304091 	18000.000000	0.0215777 	18000.000000	0.0109442 	18000.000000	0.0108923 	18000.000000	0.0215776 	18000.000000	1.06332e-07	
19000.000000	0.0323367 	19000.000000	0.0223709 	19000.000000	0.0110034 	19000.000000	0.0109519 	19000.000000	0.0223708 	19000.000000	1.0105e-07	
20000.000000	0.0343208 	20000.000000	0.0231629 	20000.000000	0.0110599 	20000.000000	0.0110087 	20000.000000	0.0231628 	20000.000000	9.62808e-08	
21000.000000	0.0363613 	21000.000000	0.0239536 	21000.000000	0.0111137 	21000.000000	0.0110629 	21000.000000	0.0239535 	21000.000000	9.19527e-08	
22000.000000	0.0384585 	22000.000000	0.024743  	22000.000000	0.0111649 	22000.000000	0.0111146 	22000.000000	0.0247429 	22000.000000	8.80067e-08	
23000.000000	0.0406124 	23000.000000	0.0255311 	23000.000000	0.0112139 	23000.000000	0.0111642 	23000.000000	0.025531  	23000.000000	8.43939e-08	
24000.000000	0.0428232 	24000.000000	0.0263179 	24000.000000	0.0112609 	24000.000000	0.0112117 	24000.000000	0.0263179 	24000.000000	8.10735e-08	
25000.000000	0.0450912 	25000.000000	0.0271035 	25000.000000	0.011306  	25000.000000	0.0112574 	25000.000000	0.0271034 	25000.000000	7.8011e-08	
26000.000000	0.0474165 	26000.000000	0.0278878 	26000.000000	0.0113493 	26000.000000	0.0113013 	26000.000000	0.0278877 	26000.000000	7.51772e-08	
27000.000000	0.0497993 	27000.000000	0.0286709 	27000.000000	0.0113911 	27000.000000	0.0113436 	27000.000000	0.0286708 	27000.000000	7.25474e-08	
28000.000000	0.0522399 	28000.000000	0.0294527 	28000.000000	0.0114313 	28000.000000	0.0113844 	28000.000000	0.0294527 	28000.000000	7.00999e-08	
29000.000000	0.0547386 	29000.000000	0.0302334 	29000.000000	0.0114701 	29000.000000	0.0114239 	29000.000000	0.0302334 	29000.000000	6.78164e-08	
30000.000000	0.0572956 	30000.000000	0.0310129 	30000.000000	0.0115075 	30000.000000	0.011462  	30000.000000	0.0310129 	30000.000000	6.56807e-08	
32000.000000	0.0625855 	32000.000000	0.0325686 	32000.000000	0.0115787 	32000.000000	0.0115345 	32000.000000	0.0325686 	32000.000000	6.17985e-08	
34000.000000	0.0681119 	34000.000000	0.0341199 	34000.000000	0.0116456 	34000.000000	0.0116028 	34000.000000	0.0341199 	34000.000000	5.83604e-08	
36000.000000	0.073877  	36000.000000	0.0356671 	36000.000000	0.0117084 	36000.000000	0.0116672 	36000.000000	0.035667  	36000.000000	5.52936e-08	
38000.000000	0.0798834 	38000.000000	0.0372103 	38000.000000	0.0117674 	38000.000000	0.0117281 	38000.000000	0.0372102 	38000.000000	5.25406e-08	
40000.000000	0.0861333 	40000.000000	0.0387497 	40000.000000	0.0118233 	40000.000000	0.0117859 	40000.000000	0.0387496 	40000.000000	5.00553e-08	
42000.000000	0.0926294 	42000.000000	0.0402854 	42000.000000	0.0118763 	42000.000000	0.0118409 	42000.000000	0.0402854 	42000.000000	4.78001e-08	
44000.000000	0.0993742 	44000.000000	0.0418176 	44000.000000	0.0119268 	44000.000000	0.0118933 	44000.000000	0.0418176 	44000.000000	4.57442e-08	
46000.000000	0.10637   	46000.000000	0.0433465 	46000.000000	0.0119751 	46000.000000	0.0119434 	46000.000000	0.0433465 	46000.000000	4.38621e-08	
48000.000000	0.11362   	48000.000000	0.0448722 	48000.000000	0.0120213 	48000.000000	0.0119914 	48000.000000	0.0448722 	48000.000000	4.21325e-08	
50000.000000	0.121127  	50000.000000	0.0463948 	50000.000000	0.0120654 	50000.000000	0.0120374 	50000.000000	0.0463947 	50000.000000	4.05374e-08	
