Energy (MeV/u)	0 - [He-base] F.Hubert et al, AD&ND Tables 46(1990)1	1 - [H -base] J.F.Ziegler et al, Pergamon Press, NY (low energy)	2 - ATIMA 1.2  LS-theory (recommended for high energy)	3 - ATIMA 1.2  without LS-correction	4 - Range straggling - method [0] - LISE	5 - Range straggling - method [1] - Atima	6 - Lateral range - method [0] - LISE	7 - Lateral range - method [1] - Atima	8 - Lateral range - method [2] - PDG
0.001000	0.0831529 	0.0831529 	0.109352  	0.109352  	-	-	0.000571202	0.000860157	0.000507055
93.633957	14727.6   	14471.6   	14482.1   	14499.2   	75.9536   	37.7414   	62.5278   	53.2221   	64.9109   
187.266914	47921     	47336.5   	47185.8   	47330.8   	237.918   	113.295   	195.327   	162.085   	207.557   
280.899871	93730.5   	92594.3   	92361     	92725.8   	445.251   	210.655   	367.785   	304.217   	399.809   
374.532828	148620    	146857    	146667    	147325    	676.331   	322.149   	563.014   	467.592   	625.145   
468.165785	210509    	207890    	207825    	208832    	918.474   	443.235   	770.669   	644.519   	872.523   
561.798742	277938    	274162    	274231    	275629    	1163.99   	571.044   	984.22    	829.85    	1134.34   
655.431699	349787    	344538    	344689    	346513    	1408.23   	703.688   	1199.44   	1019.99   	1405.17   
749.064655	425184    	418159    	418316    	420592    	1648.53   	839.971   	1413.68   	1212.49   	1681.21   
842.697612	503428    	494361    	494435    	497186    	1883.35   	979.035   	1625.28   	1405.63   	1959.73   
936.330569	583983    	572650    	572550    	575790    	2111.82   	1120.34   	1833.16   	1598.19   	2238.79   
1029.963526	666378    	652603    	652251    	655988    	2333.54   	1263.55   	2036.7    	1789.33   	2516.97   
1123.596483	750223    	733880    	733200    	737450    	2548.34   	1408.15   	2235.52   	1978.4    	2793.2    
1217.229440	835208    	816215    	815158    	819925    	2756.31   	1554.1    	2429.45   	2165.01   	3066.74   
1310.862397	921060    	899384    	897917    	903205    	2957.55   	1701.29   	2618.42   	2348.84   	3337.05   
1404.495354	1.00754e+06	983191    	981303    	987116    	3152.36   	1849.54   	2802.52   	2529.73   	3603.77   
1498.128311	1.09447e+06	1.06748e+06	1.06519e+06	1.07152e+06	3340.98   	1998.75   	2981.81   	2707.56   	3866.67   
1591.761268	1.18167e+06	1.15213e+06	1.14945e+06	1.15632e+06	3523.64   	2148.87   	3156.4    	2882.25   	4125.53   
1685.394225	1.26899e+06	1.23701e+06	1.23401e+06	1.2414e+06	3700.65   	2299.75   	3326.48   	3053.8    	4380.29   
1779.027182	1.35632e+06	1.32203e+06	1.31878e+06	1.32671e+06	3872.14   	2451.32   	3492.05   	3222.11   	4630.77   
1872.660139	1.44355e+06	1.40711e+06	1.40369e+06	1.41215e+06	4038.72   	2603.58   	3653.57   	3387.41   	4877.23   
1966.293096	1.53058e+06	1.49217e+06	1.48871e+06	1.4977e+06	4200.52   	2756.62   	3811.09   	3549.68   	5119.61   
2059.926052	1.6173e+06	1.57716e+06	1.57379e+06	1.5833e+06	4357.29   	2910.54   	3964.36   	3708.64   	5357.49   
2153.559009	1.70371e+06	1.66202e+06	1.65887e+06	1.66891e+06	4510.21   	3065.16   	4114.35   	3864.99   	5591.78   
2247.191966	1.78971e+06	1.74671e+06	1.74395e+06	1.75451e+06	4659.04   	3220.52   	4260.84   	4018.49   	5822.16   
2340.824923	1.87527e+06	1.8312e+06	1.82898e+06	1.84007e+06	4804.01   	3376.61   	4403.97   	4169.23   	6048.73   
2434.457880	1.96033e+06	1.91544e+06	1.91396e+06	1.92556e+06	4945.3    	3533.38   	4543.91   	4317.29   	6271.58   
2528.090837	2.04485e+06	1.99941e+06	1.99885e+06	2.01098e+06	5083.11   	3690.82   	4680.78   	4462.74   	6490.78   
2621.723794	2.12882e+06	2.08309e+06	2.08365e+06	2.09629e+06	5217.57   	3848.88   	4814.72   	4605.65   	6706.43   
2715.356751	2.21218e+06	2.16645e+06	2.16834e+06	2.18149e+06	5348.86   	4007.55   	4945.84   	4746.11   	6918.62   
2808.989708	2.29494e+06	2.24947e+06	2.2529e+06	2.26656e+06	5477.11   	4166.85   	5074.28   	4884.17   	7127.44   
2902.622665	2.37705e+06	2.33213e+06	2.33733e+06	2.35149e+06	5602.48   	4326.77   	5200.13   	5019.92   	7332.98   
2996.255622	2.45848e+06	2.41442e+06	2.42161e+06	2.43628e+06	5724.99   	4487.37   	5323.42   	5153.33   	7535.21   
3089.888579	2.53887e+06	2.4961e+06	2.50566e+06	2.52083e+06	5843.52   	4648.99   	5443.12   	5283.44   	7732.73   
3183.521536	2.61922e+06	2.57776e+06	2.58971e+06	2.60537e+06	5961.89   	4810.65   	5562.67   	5413.41   	7930.05   
3277.154493	2.69834e+06	2.65872e+06	2.67347e+06	2.68963e+06	6076.07   	4973.49   	5678.42   	5539.81   	8122.28   
3370.787449	2.77721e+06	2.73952e+06	2.75718e+06	2.77383e+06	6189.36   	5136.59   	5793.36   	5665.44   	8313.41   
3464.420406	2.85503e+06	2.81971e+06	2.84065e+06	2.8578e+06	6299.47   	5300.66   	5905.38   	5788.3    	8500.54   
3558.053363	2.93239e+06	2.89962e+06	2.92402e+06	2.94165e+06	6408.13   	5465.18   	6016.09   	5909.89   	8685.86   
3651.686320	3.0089e+06	2.97903e+06	3.00718e+06	3.02531e+06	6514.47   	5630.48   	6124.65   	6029.4    	8868.18   
3745.319277	3.08474e+06	3.05803e+06	3.0902e+06	3.1088e+06	6618.92   	5796.4    	6231.48   	6147.22   	9048.06   
3838.952234	3.15994e+06	3.13665e+06	3.17306e+06	3.19215e+06	6721.76   	5962.91   	6336.83   	6263.57   	9225.82   
3932.585191	3.23425e+06	3.21474e+06	3.25572e+06	3.2753e+06	6822.34   	6130.23   	6440.09   	6377.86   	9400.6    
4026.218148	3.30813e+06	3.29256e+06	3.33828e+06	3.35834e+06	6921.93   	6297.94   	6542.43   	6491.22   	9574.04   
4119.851105	3.38093e+06	3.36972e+06	3.42059e+06	3.44112e+06	7018.97   	6466.63   	6642.4    	6602.21   	9744.03   
4213.484062	3.45351e+06	3.44674e+06	3.50286e+06	3.52386e+06	7115.54   	6635.52   	6741.94   	6712.75   	9913.37   
4307.117019	3.5248e+06	3.52297e+06	3.58482e+06	3.60629e+06	7209.3    	6805.58   	6838.88   	6820.65   	10078.9   
4400.749976	3.59609e+06	3.5992e+06	3.66678e+06	3.68872e+06	7303.04   	6975.65   	6935.79   	6928.52   	10244.3   
4494.382933	3.6659e+06	3.6745e+06	3.7484e+06	3.77081e+06	7393.78   	7147.06   	7029.91   	7033.52   	10405.6   
4588.015890	3.73572e+06	3.74981e+06	3.83002e+06	3.8529e+06	7484.52   	7318.47   	7124.04   	7138.51   	10566.8   
4681.648846	3.80426e+06	3.82433e+06	3.91135e+06	3.93469e+06	7572.81   	7491.05   	7215.89   	7241.13   	10724.6   
4775.281803	3.87262e+06	3.89872e+06	3.99264e+06	4.01644e+06	7660.74   	7663.8    	7307.4    	7343.4    	10881.9   
4868.914760	3.93992e+06	3.97245e+06	4.07368e+06	4.09794e+06	7746.75   	7837.54   	7397.13   	7443.78   	11036.4   
4962.547717	4.00685e+06	4.04594e+06	4.15464e+06	4.17935e+06	7832.07   	8011.62   	7486.22   	7543.49   	11189.9   
5056.180674	4.07283e+06	4.11882e+06	4.23538e+06	4.26054e+06	7915.76   	8186.6    	7573.79   	7641.58   	11341     
5149.813631	4.13819e+06	4.19131e+06	4.31598e+06	4.34159e+06	7998.35   	8362.17   	7660.35   	7738.59   	11490.6   
5243.446588	4.20354e+06	4.26379e+06	4.39657e+06	4.42264e+06	8080.95   	8537.75   	7746.91   	7835.59   	11640.1   
5337.079545	4.26731e+06	4.33525e+06	4.47681e+06	4.50331e+06	8160.94   	8714.84   	7831.06   	7929.99   	11785.8   
5430.712502	4.33096e+06	4.40663e+06	4.55701e+06	4.58396e+06	8240.74   	8892.06   	7915.03   	8024.19   	11931.2   
5524.345459	4.39397e+06	4.4776e+06	4.63707e+06	4.66446e+06	8319.56   	9069.9    	7998.09   	8117.4    	12075.2   
5617.978416	4.45516e+06	4.54737e+06	4.71671e+06	4.74454e+06	8395.58   	9249.55   	8078.58   	8207.78   	12215     
5711.611373	4.51635e+06	4.61715e+06	4.79635e+06	4.82462e+06	8471.6    	9429.2    	8159.07   	8298.15   	12354.7   
5805.244330	4.57754e+06	4.68693e+06	4.87599e+06	4.9047e+06	8547.62   	9608.85   	8239.56   	8388.53   	12494.5   
5898.877287	4.63874e+06	4.7567e+06	4.95563e+06	4.98478e+06	8623.64   	9788.5    	8320.05   	8478.91   	12634.2   
5992.510243	4.69993e+06	4.82648e+06	5.03527e+06	5.06486e+06	8699.66   	9968.15   	8400.53   	8569.28   	12774     
6086.143200	4.75826e+06	4.89436e+06	5.11426e+06	5.14427e+06	8771.6    	10150.8   	8477.28   	8655.47   	12907.5   
6179.776157	4.81634e+06	4.96207e+06	5.19319e+06	5.22363e+06	8843.17   	10333.6   	8553.7    	8741.29   	13040.6   
6273.409114	4.87442e+06	5.02978e+06	5.27212e+06	5.30299e+06	8914.75   	10516.5   	8630.12   	8827.11   	13173.6   
6367.042071	4.9325e+06	5.09749e+06	5.35105e+06	5.38235e+06	8986.33   	10699.4   	8706.54   	8912.93   	13306.6   
6460.675028	4.99059e+06	5.1652e+06	5.42997e+06	5.46171e+06	9057.91   	10882.3   	8782.96   	8998.75   	13439.6   
6554.307985	5.04698e+06	5.23177e+06	5.50852e+06	5.54067e+06	9127.25   	11066.9   	8857.35   	9082.25   	13569.1   
6647.940942	5.10215e+06	5.29751e+06	5.58678e+06	5.61935e+06	9194.97   	11252.8   	8930.28   	9164.08   	13696.2   
6741.573899	5.15732e+06	5.36325e+06	5.66504e+06	5.69803e+06	9262.69   	11438.7   	9003.2    	9245.91   	13823.3   
6835.206856	5.21249e+06	5.42899e+06	5.7433e+06	5.77672e+06	9330.41   	11624.6   	9076.13   	9327.73   	13950.3   
6928.839813	5.26765e+06	5.49473e+06	5.82156e+06	5.8554e+06	9398.13   	11810.5   	9149.06   	9409.56   	14077.4   
7022.472770	5.32217e+06	5.56002e+06	5.89967e+06	5.93393e+06	9465.04   	11997.2   	9221.26   	9490.54   	14203.2   
7116.105727	5.37462e+06	5.62388e+06	5.9773e+06	6.01197e+06	9529.38   	12186.1   	9291.17   	9568.84   	14325     
7209.738684	5.42707e+06	5.68774e+06	6.05494e+06	6.09002e+06	9593.72   	12375     	9361.07   	9647.15   	14446.8   
7303.371640	5.47951e+06	5.75161e+06	6.13258e+06	6.16807e+06	9658.06   	12563.9   	9430.98   	9725.45   	14568.6   
7397.004597	5.53196e+06	5.81547e+06	6.21021e+06	6.24612e+06	9722.4    	12752.9   	9500.88   	9803.75   	14690.4   
7490.637554	5.58441e+06	5.87933e+06	6.28785e+06	6.32417e+06	9786.74   	12941.8   	9570.79   	9882.06   	14812.2   
7584.270511	5.63457e+06	5.94159e+06	6.36495e+06	6.40168e+06	9848.39   	13133.4   	9638.33   	9957.55   	14929.8   
7677.903468	5.68447e+06	6.00367e+06	6.442e+06 	6.47914e+06	9909.74   	13325.4   	9705.6    	10032.7   	15046.9   
7771.536425	5.73437e+06	6.06575e+06	6.51905e+06	6.55659e+06	9971.09   	13517.4   	9772.88   	10107.9   	15164     
7865.169382	5.78428e+06	6.12783e+06	6.5961e+06	6.63405e+06	10032.4   	13709.3   	9840.15   	10183.1   	15281.1   
7958.802339	5.83418e+06	6.1899e+06	6.67314e+06	6.7115e+06	10093.8   	13901.3   	9907.43   	10258.3   	15398.2   
8052.435296	5.88276e+06	6.25103e+06	6.74988e+06	6.78864e+06	10153.6   	14094.9   	9973.41   	10331.9   	15513     
8146.068253	5.93029e+06	6.31142e+06	6.82638e+06	6.86554e+06	10212.3   	14289.9   	10038.4   	10404.3   	15625.9   
8239.701210	5.97782e+06	6.3718e+06	6.90287e+06	6.94243e+06	10271     	14484.8   	10103.3   	10476.7   	15738.8   
8333.334167	6.02535e+06	6.43218e+06	6.97937e+06	7.01933e+06	10329.7   	14679.7   	10168.3   	10549.1   	15851.8   
8426.967124	6.07288e+06	6.49256e+06	7.05587e+06	7.09623e+06	10388.4   	14874.7   	10233.3   	10621.4   	15964.7   
8520.600081	6.11993e+06	6.55259e+06	7.13225e+06	7.17301e+06	10446.5   	15070.2   	10297.8   	10693.3   	16076.8   
8614.233037	6.16524e+06	6.61136e+06	7.20823e+06	7.24938e+06	10502.8   	15268.1   	10360.7   	10763.2   	16185.9   
8707.865994	6.21055e+06	6.67013e+06	7.28421e+06	7.32575e+06	10559.1   	15466     	10423.7   	10833.1   	16295.1   
8801.498951	6.25587e+06	6.7289e+06	7.36019e+06	7.40212e+06	10615.4   	15663.8   	10486.6   	10903     	16404.3   
8895.131908	6.30118e+06	6.78767e+06	7.43616e+06	7.4785e+06	10671.7   	15861.7   	10549.6   	10972.9   	16513.4   
8988.764865	6.34649e+06	6.84644e+06	7.51214e+06	7.55487e+06	10728     	16059.5   	10612.5   	11042.8   	16622.6   
9082.397822	6.38998e+06	6.90386e+06	7.58769e+06	7.6308e+06	10782.4   	16259.9   	10673.9   	11110.7   	16728.8   
9176.030779	6.43323e+06	6.9611e+06	7.66318e+06	7.70668e+06	10836.6   	16460.6   	10735     	11178.4   	16834.6   
9269.663736	6.47647e+06	7.01833e+06	7.73868e+06	7.78256e+06	10890.7   	16661.4   	10796.1   	11246     	16940.4   
9363.296693	6.51971e+06	7.07557e+06	7.81417e+06	7.85844e+06	10944.9   	16862.1   	10857.3   	11313.7   	17046.1   
9456.929650	6.56295e+06	7.13281e+06	7.88966e+06	7.93431e+06	10999     	17062.8   	10918.4   	11381.3   	17151.9   
9550.562607	6.60514e+06	7.18926e+06	7.9649e+06	8.00994e+06	11052.1   	17265     	10978.7   	11447.9   	17256.1   
9644.195564	6.64645e+06	7.24504e+06	8.03993e+06	8.08535e+06	11104.3   	17468.4   	11038.3   	11513.5   	17358.8   
9737.828521	6.68775e+06	7.30081e+06	8.11496e+06	8.16076e+06	11156.5   	17671.9   	11097.8   	11579.2   	17461.5   
9831.461478	6.72906e+06	7.35659e+06	8.18999e+06	8.23617e+06	11208.7   	17875.3   	11157.3   	11644.8   	17564.2   
9925.094434	6.77036e+06	7.41237e+06	8.26502e+06	8.31158e+06	11260.9   	18078.8   	11216.9   	11710.4   	17666.9   
10018.727391	6.81113e+06	7.46774e+06	8.33992e+06	8.38686e+06	11312.6   	18283     	11276     	11775.5   	17768.8   
10112.360348	6.84977e+06	7.52147e+06	8.41431e+06	8.46162e+06	11362.1   	18490.4   	11333.5   	11838.5   	17867.5   
10205.993305	6.88841e+06	7.5752e+06	8.48869e+06	8.53638e+06	11411.7   	18697.9   	11391     	11901.5   	17966.1   
10299.626262	6.92705e+06	7.62893e+06	8.56308e+06	8.61114e+06	11461.3   	18905.3   	11448.5   	11964.4   	18064.8   
10393.259219	6.96569e+06	7.68266e+06	8.63747e+06	8.6859e+06	11510.9   	19112.7   	11505.9   	12027.4   	18163.5   
10486.892176	7.00433e+06	7.73639e+06	8.71185e+06	8.76066e+06	11560.5   	19320.1   	11563.4   	12090.4   	18262.1   
10580.525133	7.04296e+06	7.79012e+06	8.78624e+06	8.83542e+06	11610.1   	19527.5   	11620.9   	12153.3   	18360.8   
10674.158090	7.0816e+06	7.84385e+06	8.86062e+06	8.91018e+06	11659.7   	19734.9   	11678.4   	12216.3   	18459.5   
10767.791047	7.12024e+06	7.89759e+06	8.93501e+06	8.98494e+06	11709.2   	19942.3   	11735.9   	12279.2   	18558.1   
10861.424004	7.15888e+06	7.95132e+06	9.0094e+06	9.0597e+06	11758.8   	20149.7   	11793.3   	12342.2   	18656.8   
10955.056961	7.19752e+06	8.00505e+06	9.08378e+06	9.13446e+06	11808.4   	20357.2   	11850.8   	12405.2   	18755.5   
11048.689918	7.2345e+06	8.05746e+06	9.15776e+06	9.2088e+06	11856.4   	20567.3   	11907.1   	12466.6   	18851.7   
11142.322875	7.26995e+06	8.10867e+06	9.23136e+06	9.28277e+06	11903     	20779.9   	11962.3   	12526.5   	18945.7   
11235.955831	7.30539e+06	8.15988e+06	9.30496e+06	9.35673e+06	11949.6   	20992.6   	12017.4   	12586.4   	19039.8   
11329.588788	7.34084e+06	8.21109e+06	9.37856e+06	9.43069e+06	11996.2   	21205.2   	12072.6   	12646.3   	19133.8   
11423.221745	7.37628e+06	8.2623e+06	9.45216e+06	9.50466e+06	12042.7   	21417.9   	12127.8   	12706.2   	19227.8   
11516.854702	7.41173e+06	8.31351e+06	9.52576e+06	9.57862e+06	12089.3   	21630.5   	12183     	12766.2   	19321.8   
11610.487659	7.44717e+06	8.36472e+06	9.59935e+06	9.65259e+06	12135.9   	21843.2   	12238.1   	12826.1   	19415.8   
11704.120616	7.48262e+06	8.41592e+06	9.67295e+06	9.72655e+06	12182.4   	22055.8   	12293.3   	12886     	19509.9   
11797.753573	7.51807e+06	8.46713e+06	9.74655e+06	9.80051e+06	12229     	22268.5   	12348.5   	12945.9   	19603.9   
11891.386530	7.55351e+06	8.51834e+06	9.82015e+06	9.87448e+06	12275.6   	22481.1   	12403.6   	13005.8   	19697.9   
11985.019487	7.58896e+06	8.56955e+06	9.89375e+06	9.94844e+06	12322.2   	22693.8   	12458.8   	13065.8   	19791.9   
12078.652444	7.62203e+06	8.61883e+06	9.96675e+06	1.00218e+07	12366.6   	22910.7   	12512.4   	13123.5   	19882.7   
12172.285401	7.65466e+06	8.66774e+06	1.00396e+07	1.0095e+07	12410.6   	23128.4   	12565.7   	13180.9   	19972.8   
12265.918358	7.68729e+06	8.71665e+06	1.01125e+07	1.01683e+07	12454.6   	23346.2   	12619     	13238.3   	20062.9   
12359.551315	7.71991e+06	8.76556e+06	1.01854e+07	1.02415e+07	12498.5   	23563.9   	12672.3   	13295.6   	20153.1   
12453.184272	7.75254e+06	8.81447e+06	1.02583e+07	1.03148e+07	12542.5   	23781.6   	12725.5   	13353     	20243.2   
12546.817228	7.78517e+06	8.86339e+06	1.03312e+07	1.0388e+07	12586.5   	23999.4   	12778.8   	13410.4   	20333.3   
12640.450185	7.81779e+06	8.9123e+06	1.04041e+07	1.04613e+07	12630.5   	24217.1   	12832.1   	13467.7   	20423.4   
12734.083142	7.85042e+06	8.96121e+06	1.0477e+07	1.05345e+07	12674.5   	24434.9   	12885.4   	13525.1   	20513.5   
12827.716099	7.88305e+06	9.01012e+06	1.05499e+07	1.06078e+07	12718.5   	24652.6   	12938.7   	13582.5   	20603.7   
12921.349056	7.91567e+06	9.05903e+06	1.06227e+07	1.0681e+07	12762.5   	24870.3   	12992     	13639.8   	20693.8   
13014.982013	7.9479e+06	9.10761e+06	1.06955e+07	1.07541e+07	12806.2   	25088.8   	13045     	13696.9   	20783.4   
13108.614970	7.97803e+06	9.15442e+06	1.07678e+07	1.08267e+07	12847.9   	25311.3   	13096.7   	13752.1   	20870.2   
13202.247927	8.00815e+06	9.20123e+06	1.084e+07 	1.08993e+07	12889.7   	25533.8   	13148.4   	13807.3   	20957     
13295.880884	8.03828e+06	9.24804e+06	1.09123e+07	1.09719e+07	12931.5   	25756.4   	13200.2   	13862.5   	21043.8   
13389.513841	8.06841e+06	9.29486e+06	1.09845e+07	1.10445e+07	12973.2   	25978.9   	13251.9   	13917.7   	21130.7   
13483.146798	8.09853e+06	9.34167e+06	1.10567e+07	1.11171e+07	13015     	26201.4   	13303.6   	13972.9   	21217.5   
13576.779755	8.12866e+06	9.38848e+06	1.1129e+07	1.11897e+07	13056.7   	26423.9   	13355.3   	14028.1   	21304.3   
13670.412712	8.15879e+06	9.43529e+06	1.12012e+07	1.12623e+07	13098.5   	26646.4   	13407.1   	14083.3   	21391.1   
13764.045669	8.18891e+06	9.4821e+06	1.12735e+07	1.13348e+07	13140.3   	26868.9   	13458.8   	14138.5   	21477.9   
13857.678625	8.21904e+06	9.52891e+06	1.13457e+07	1.14074e+07	13182     	27091.4   	13510.5   	14193.7   	21564.7   
13951.311582	8.24917e+06	9.57573e+06	1.14179e+07	1.148e+07 	13223.8   	27313.9   	13562.2   	14249     	21651.5   
14044.944539	8.27823e+06	9.62161e+06	1.14899e+07	1.15523e+07	13264.6   	27538.5   	13613.3   	14303.3   	21737     
14138.577496	8.30613e+06	9.6665e+06	1.15616e+07	1.16243e+07	13304.5   	27765.5   	13663.7   	14356.7   	21821     
14232.210453	8.33403e+06	9.71139e+06	1.16332e+07	1.16963e+07	13344.3   	27992.5   	13714.1   	14410     	21905     
14325.843410	8.36193e+06	9.75627e+06	1.17049e+07	1.17683e+07	13384.1   	28219.4   	13764.6   	14463.4   	21989     
14419.476367	8.38983e+06	9.80116e+06	1.17765e+07	1.18403e+07	13423.9   	28446.4   	13815     	14516.8   	22073     
14513.109324	8.41773e+06	9.84605e+06	1.18482e+07	1.19122e+07	13463.7   	28673.4   	13865.4   	14570.1   	22156.9   
14606.742281	8.44563e+06	9.89093e+06	1.19198e+07	1.19842e+07	13503.5   	28900.3   	13915.8   	14623.5   	22240.9   
14700.375238	8.47354e+06	9.93582e+06	1.19915e+07	1.20562e+07	13543.3   	29127.3   	13966.2   	14676.9   	22324.9   
14794.008195	8.50144e+06	9.98071e+06	1.20631e+07	1.21282e+07	13583.2   	29354.3   	14016.6   	14730.2   	22408.9   
14887.641152	8.52934e+06	1.00256e+07	1.21348e+07	1.22002e+07	13623     	29581.2   	14067.1   	14783.6   	22492.9   
14981.274109	8.55724e+06	1.00705e+07	1.22064e+07	1.22722e+07	13662.8   	29808.2   	14117.5   	14837     	22576.9   
15074.907066	8.58355e+06	1.01139e+07	1.22776e+07	1.23437e+07	13701.2   	30038.6   	14167     	14889.1   	22658.9   
15168.540022	8.60946e+06	1.01571e+07	1.23487e+07	1.24152e+07	13739.3   	30269.8   	14216.3   	14940.8   	22740.5   
15262.172979	8.63537e+06	1.02002e+07	1.24198e+07	1.24866e+07	13777.4   	30501.1   	14265.6   	14992.6   	22822     
15355.805936	8.66128e+06	1.02433e+07	1.24909e+07	1.2558e+07	13815.5   	30732.3   	14314.9   	15044.4   	22903.6   
15449.438893	8.68719e+06	1.02864e+07	1.2562e+07	1.26295e+07	13853.6   	30963.6   	14364.2   	15096.2   	22985.1   
15543.071850	8.7131e+06	1.03295e+07	1.26331e+07	1.27009e+07	13891.7   	31194.8   	14413.5   	15148     	23066.6   
15636.704807	8.73901e+06	1.03726e+07	1.27043e+07	1.27723e+07	13929.7   	31426.1   	14462.8   	15199.7   	23148.2   
15730.337764	8.76492e+06	1.04158e+07	1.27754e+07	1.28438e+07	13967.8   	31657.3   	14512.1   	15251.5   	23229.7   
15823.970721	8.79084e+06	1.04589e+07	1.28465e+07	1.29152e+07	14005.9   	31888.6   	14561.4   	15303.3   	23311.3   
15917.603678	8.81675e+06	1.0502e+07	1.29176e+07	1.29866e+07	14044     	32119.8   	14610.7   	15355.1   	23392.8   
16011.236635	8.84244e+06	1.05449e+07	1.29886e+07	1.3058e+07	14081.9   	32351.6   	14659.9   	15406.7   	23474.1   
16104.869592	8.86657e+06	1.05864e+07	1.30592e+07	1.31289e+07	14118.5   	32587.1   	14708.3   	15457.1   	23553.5   
16198.502549	8.89069e+06	1.06279e+07	1.31298e+07	1.31998e+07	14155     	32822.6   	14756.6   	15507.5   	23633     
16292.135506	8.91482e+06	1.06693e+07	1.32004e+07	1.32708e+07	14191.6   	33058.1   	14805     	15557.9   	23712.4   
16385.768463	8.93894e+06	1.07108e+07	1.3271e+07	1.33417e+07	14228.1   	33293.5   	14853.3   	15608.3   	23791.8   
16479.401419	8.96307e+06	1.07523e+07	1.33416e+07	1.34126e+07	14264.7   	33529     	14901.7   	15658.7   	23871.2   
16573.034376	8.98719e+06	1.07938e+07	1.34122e+07	1.34835e+07	14301.2   	33764.5   	14950     	15709.1   	23950.6   
16666.667333	9.01131e+06	1.08353e+07	1.34828e+07	1.35545e+07	14337.8   	34000     	14998.4   	15759.5   	24030.1   
16760.300290	9.03544e+06	1.08767e+07	1.35534e+07	1.36254e+07	14374.3   	34235.5   	15046.7   	15809.9   	24109.5   
16853.933247	9.05956e+06	1.09182e+07	1.3624e+07	1.36963e+07	14410.9   	34470.9   	15095.1   	15860.3   	24188.9   
16947.566204	9.08369e+06	1.09597e+07	1.36946e+07	1.37672e+07	14447.4   	34706.4   	15143.4   	15910.7   	24268.3   
17041.199161	9.1071e+06	1.10005e+07	1.3765e+07	1.38379e+07	14483.4   	34943.8   	15191.4   	15960.6   	24346.9   
17134.832118	9.12962e+06	1.10405e+07	1.38352e+07	1.39084e+07	14518.5   	35183.5   	15238.9   	16009.8   	24424.5   
17228.465075	9.15213e+06	1.10805e+07	1.39053e+07	1.39788e+07	14553.7   	35423.1   	15286.4   	16059     	24502.1   
17322.098032	9.17465e+06	1.11204e+07	1.39754e+07	1.40493e+07	14588.9   	35662.8   	15333.9   	16108.2   	24579.6   
17415.730989	9.19716e+06	1.11604e+07	1.40456e+07	1.41197e+07	14624     	35902.5   	15381.5   	16157.3   	24657.2   
17509.363946	9.21968e+06	1.12004e+07	1.41157e+07	1.41902e+07	14659.2   	36142.2   	15429     	16206.5   	24734.7   
17602.996903	9.24219e+06	1.12403e+07	1.41858e+07	1.42606e+07	14694.4   	36381.9   	15476.5   	16255.7   	24812.3   
17696.629860	9.26471e+06	1.12803e+07	1.4256e+07	1.43311e+07	14729.5   	36621.6   	15524     	16304.9   	24889.9   
17790.262816	9.28722e+06	1.13203e+07	1.43261e+07	1.44015e+07	14764.7   	36861.3   	15571.5   	16354.1   	24967.4   
17883.895773	9.30974e+06	1.13602e+07	1.43962e+07	1.44719e+07	14799.9   	37100.9   	15619     	16403.3   	25045     
17977.528730	9.33225e+06	1.14002e+07	1.44664e+07	1.45424e+07	14835     	37340.6   	15666.6   	16452.5   	25122.6   
18071.161687	9.35366e+06	1.14391e+07	1.45362e+07	1.46125e+07	14869.3   	37583.5   	15713.5   	16500.9   	25198.9   
18164.794644	9.37472e+06	1.14777e+07	1.46059e+07	1.46825e+07	14903.2   	37827.4   	15760.3   	16549     	25274.8   
18258.427601	9.39578e+06	1.15162e+07	1.46756e+07	1.47525e+07	14937.1   	38071.2   	15807.1   	16597.1   	25350.7   
18352.060558	9.41684e+06	1.15548e+07	1.47453e+07	1.48225e+07	14971     	38315.1   	15853.9   	16645.3   	25426.6   
18445.693515	9.4379e+06	1.15933e+07	1.48149e+07	1.48925e+07	15004.9   	38559     	15900.7   	16693.4   	25502.6   
18539.326472	9.45896e+06	1.16319e+07	1.48846e+07	1.49625e+07	15038.9   	38802.8   	15947.5   	16741.5   	25578.5   
18632.959429	9.48002e+06	1.16705e+07	1.49543e+07	1.50325e+07	15072.8   	39046.7   	15994.2   	16789.7   	25654.4   
18726.592386	9.50108e+06	1.1709e+07	1.5024e+07	1.51025e+07	15106.7   	39290.6   	16041     	16837.8   	25730.3   
18820.225343	9.52214e+06	1.17476e+07	1.50937e+07	1.51725e+07	15140.6   	39534.4   	16087.8   	16885.9   	25806.3   
18913.858300	9.5432e+06	1.17862e+07	1.51634e+07	1.52425e+07	15174.5   	39778.3   	16134.6   	16934     	25882.2   
19007.491257	9.56415e+06	1.18246e+07	1.52331e+07	1.53125e+07	15208.4   	40022.5   	16181.3   	16982.1   	25958     
19101.124213	9.58389e+06	1.18619e+07	1.53024e+07	1.53821e+07	15241.1   	40270.5   	16227.5   	17029.3   	26032.5   
19194.757170	9.60363e+06	1.18991e+07	1.53717e+07	1.54517e+07	15273.9   	40518.5   	16273.6   	17076.5   	26106.9   
19288.390127	9.62337e+06	1.19364e+07	1.5441e+07	1.55213e+07	15306.7   	40766.5   	16319.8   	17123.7   	26181.4   
19382.023084	9.64311e+06	1.19736e+07	1.55103e+07	1.55909e+07	15339.5   	41014.5   	16365.9   	17170.8   	26255.9   
19475.656041	9.66285e+06	1.20109e+07	1.55795e+07	1.56604e+07	15372.3   	41262.6   	16412     	17218     	26330.4   
19569.288998	9.68259e+06	1.20481e+07	1.56488e+07	1.573e+07 	15405.1   	41510.6   	16458.2   	17265.2   	26404.8   
19662.921955	9.70232e+06	1.20854e+07	1.57181e+07	1.57996e+07	15437.8   	41758.6   	16504.3   	17312.4   	26479.3   
19756.554912	9.72206e+06	1.21227e+07	1.57874e+07	1.58692e+07	15470.6   	42006.6   	16550.5   	17359.6   	26553.8   
19850.187869	9.7418e+06	1.21599e+07	1.58567e+07	1.59388e+07	15503.4   	42254.6   	16596.6   	17406.8   	26628.3   
19943.820826	9.76154e+06	1.21972e+07	1.5926e+07	1.60084e+07	15536.2   	42502.6   	16642.7   	17454     	26702.7   
20037.453783	9.7808e+06	1.22339e+07	1.59951e+07	1.60778e+07	15568.6   	42752.3   	16688.6   	17500.8   	26776.7   
20131.086740	9.79934e+06	1.227e+07 	1.6064e+07	1.6147e+07	15600.3   	43004.3   	16734.2   	17547.1   	26849.8   
20224.719697	9.81788e+06	1.2306e+07	1.61329e+07	1.62162e+07	15632.1   	43256.4   	16779.7   	17593.5   	26923     
20318.352654	9.83641e+06	1.2342e+07	1.62018e+07	1.62854e+07	15663.8   	43508.5   	16825.3   	17639.8   	26996.2   
20411.985610	9.85495e+06	1.23781e+07	1.62707e+07	1.63546e+07	15695.6   	43760.6   	16870.8   	17686.2   	27069.4   
20505.618567	9.87349e+06	1.24141e+07	1.63396e+07	1.64238e+07	15727.3   	44012.7   	16916.4   	17732.5   	27142.5   
20599.251524	9.89203e+06	1.24501e+07	1.64085e+07	1.6493e+07	15759     	44264.8   	16961.9   	17778.8   	27215.7   
20692.884481	9.91057e+06	1.24862e+07	1.64774e+07	1.65622e+07	15790.8   	44516.9   	17007.5   	17825.2   	27288.9   
20786.517438	9.9291e+06	1.25222e+07	1.65464e+07	1.66314e+07	15822.5   	44769     	17053     	17871.5   	27362     
20880.150395	9.94764e+06	1.25583e+07	1.66153e+07	1.67006e+07	15854.3   	45021.1   	17098.6   	17917.9   	27435.2   
20973.783352	9.96618e+06	1.25943e+07	1.66842e+07	1.67698e+07	15886     	45273.2   	17144.1   	17964.2   	27508.4   
21067.416309	9.98393e+06	1.26295e+07	1.67528e+07	1.68387e+07	15917.1   	45528.1   	17189.3   	18010     	27580.7   
21161.049266	1.00014e+07	1.26644e+07	1.68214e+07	1.69076e+07	15947.9   	45784.1   	17234.3   	18055.6   	27652.7   
21254.682223	1.00188e+07	1.26993e+07	1.68899e+07	1.69764e+07	15978.7   	46040.1   	17279.3   	18101.1   	27724.7   
21348.315180	1.00363e+07	1.27342e+07	1.69584e+07	1.70452e+07	16009.5   	46296.1   	17324.4   	18146.7   	27796.7   
21441.948137	1.00537e+07	1.27691e+07	1.7027e+07	1.71141e+07	16040.3   	46552.1   	17369.4   	18192.3   	27868.8   
21535.581094	1.00711e+07	1.2804e+07	1.70955e+07	1.71829e+07	16071.1   	46808.1   	17414.4   	18237.9   	27940.8   
21629.214051	1.00886e+07	1.28389e+07	1.71641e+07	1.72518e+07	16101.9   	47064.1   	17459.4   	18283.5   	28012.8   
21722.847007	1.0106e+07	1.28738e+07	1.72326e+07	1.73206e+07	16132.7   	47320.1   	17504.4   	18329     	28084.8   
21816.479964	1.01235e+07	1.29087e+07	1.73012e+07	1.73894e+07	16163.5   	47576.1   	17549.5   	18374.6   	28156.8   
21910.112921	1.01409e+07	1.29436e+07	1.73697e+07	1.74583e+07	16194.2   	47832.1   	17594.5   	18420.2   	28228.8   
22003.745878	1.01583e+07	1.29784e+07	1.74382e+07	1.75271e+07	16225     	48088.3   	17639.5   	18465.8   	28300.8   
22097.378835	1.01747e+07	1.30122e+07	1.75065e+07	1.75956e+07	16254.9   	48347.9   	17684     	18510.7   	28371.7   
22191.011792	1.01912e+07	1.30461e+07	1.75747e+07	1.7664e+07	16284.8   	48607.6   	17728.5   	18555.5   	28442.7   
22284.644749	1.02076e+07	1.30799e+07	1.76429e+07	1.77325e+07	16314.8   	48867.2   	17773.1   	18600.4   	28513.6   
22378.277706	1.02241e+07	1.31137e+07	1.77111e+07	1.7801e+07	16344.7   	49126.9   	17817.6   	18645.3   	28584.6   
22471.910663	1.02405e+07	1.31475e+07	1.77793e+07	1.78695e+07	16374.6   	49386.5   	17862.1   	18690.2   	28655.5   
22565.543620	1.02569e+07	1.31814e+07	1.78475e+07	1.7938e+07	16404.5   	49646.2   	17906.6   	18735.1   	28726.5   
22659.176577	1.02734e+07	1.32152e+07	1.79157e+07	1.80065e+07	16434.4   	49905.9   	17951.2   	18780     	28797.4   
22752.809534	1.02898e+07	1.3249e+07	1.79839e+07	1.8075e+07	16464.4   	50165.5   	17995.7   	18824.9   	28868.4   
22846.442491	1.03062e+07	1.32829e+07	1.80521e+07	1.81435e+07	16494.3   	50425.2   	18040.2   	18869.8   	28939.3   
22940.075448	1.03227e+07	1.33167e+07	1.81203e+07	1.8212e+07	16524.2   	50684.8   	18084.8   	18914.7   	29010.3   
23033.708404	1.03388e+07	1.33501e+07	1.81884e+07	1.82803e+07	16553.8   	50945.8   	18129.1   	18959.3   	29080.9   
23127.341361	1.03543e+07	1.3383e+07	1.82563e+07	1.83485e+07	16582.9   	51208.9   	18173.2   	19003.6   	29150.9   
23220.974318	1.03698e+07	1.34158e+07	1.83242e+07	1.84166e+07	16612.1   	51472     	18217.3   	19047.9   	29220.9   
23314.607275	1.03853e+07	1.34486e+07	1.83921e+07	1.84848e+07	16641.2   	51735.2   	18261.3   	19092.1   	29290.9   
23408.240232	1.04009e+07	1.34814e+07	1.846e+07 	1.8553e+07	16670.3   	51998.3   	18305.4   	19136.4   	29360.9   
23501.873189	1.04164e+07	1.35143e+07	1.85278e+07	1.86211e+07	16699.4   	52261.5   	18349.5   	19180.7   	29430.9   
23595.506146	1.04319e+07	1.35471e+07	1.85957e+07	1.86893e+07	16728.5   	52524.6   	18393.5   	19224.9   	29500.9   
23689.139103	1.04474e+07	1.35799e+07	1.86636e+07	1.87575e+07	16757.6   	52787.7   	18437.6   	19269.2   	29570.8   
23782.772060	1.04629e+07	1.36127e+07	1.87315e+07	1.88256e+07	16786.7   	53050.9   	18481.7   	19313.4   	29640.8   
23876.405017	1.04784e+07	1.36456e+07	1.87994e+07	1.88938e+07	16815.8   	53314     	18525.7   	19357.7   	29710.8   
23970.037974	1.0494e+07	1.36784e+07	1.88673e+07	1.89619e+07	16844.9   	53577.1   	18569.8   	19402     	29780.8   
24063.670931	1.05089e+07	1.37106e+07	1.8935e+07	1.90299e+07	16873.5   	53842.6   	18613.6   	19445.8   	29850.2   
24157.303888	1.05236e+07	1.37424e+07	1.90025e+07	1.90977e+07	16901.9   	54109.2   	18657.2   	19489.5   	29919.3   
24250.936845	1.05382e+07	1.37743e+07	1.90701e+07	1.91656e+07	16930.2   	54375.8   	18700.9   	19533.2   	29988.5   
24344.569801	1.05529e+07	1.38062e+07	1.91377e+07	1.92334e+07	16958.6   	54642.4   	18744.5   	19576.9   	30057.6   
24438.202758	1.05676e+07	1.38381e+07	1.92053e+07	1.93013e+07	16987     	54909     	18788.2   	19620.6   	30126.7   
24531.835715	1.05823e+07	1.387e+07 	1.92729e+07	1.93692e+07	17015.3   	55175.6   	18831.8   	19664.3   	30195.8   
24625.468672	1.05969e+07	1.39018e+07	1.93404e+07	1.9437e+07	17043.7   	55442.2   	18875.5   	19708     	30264.9   
24719.101629	1.06116e+07	1.39337e+07	1.9408e+07	1.95049e+07	17072     	55708.7   	18919.1   	19751.7   	30334.1   
24812.734586	1.06263e+07	1.39656e+07	1.94756e+07	1.95727e+07	17100.4   	55975.3   	18962.7   	19795.3   	30403.2   
24906.367543	1.06409e+07	1.39975e+07	1.95432e+07	1.96406e+07	17128.7   	56241.9   	19006.4   	19839     	30472.3   
25000.000500	1.06556e+07	1.40294e+07	1.96108e+07	1.97084e+07	17157.1   	56508.5   	19050     	19882.7   	30541.4   
25093.633457	1.06695e+07	1.40603e+07	1.96781e+07	1.9776e+07	17184.8   	56778.5   	19093.3   	19925.9   	30609.7   
25187.266414	1.06834e+07	1.40913e+07	1.97454e+07	1.98435e+07	17212.4   	57048.5   	19136.5   	19969     	30678.1   
25280.899371	1.06973e+07	1.41223e+07	1.98127e+07	1.99111e+07	17240.1   	57318.5   	19179.7   	20012.2   	30746.4   
25374.532328	1.07112e+07	1.41533e+07	1.988e+07 	1.99786e+07	17267.7   	57588.5   	19223     	20055.3   	30814.7   
25468.165285	1.07251e+07	1.41843e+07	1.99473e+07	2.00462e+07	17295.4   	57858.4   	19266.2   	20098.5   	30883     
25561.798242	1.0739e+07	1.42153e+07	2.00146e+07	2.01138e+07	17323     	58128.4   	19309.5   	20141.7   	30951.3   
25655.431199	1.07528e+07	1.42463e+07	2.00819e+07	2.01813e+07	17350.7   	58398.4   	19352.7   	20184.8   	31019.6   
25749.064155	1.07667e+07	1.42773e+07	2.01491e+07	2.02489e+07	17378.4   	58668.4   	19395.9   	20228     	31087.9   
25842.697112	1.07806e+07	1.43083e+07	2.02164e+07	2.03164e+07	17406     	58938.4   	19439.2   	20271.1   	31156.2   
25936.330069	1.07945e+07	1.43393e+07	2.02837e+07	2.0384e+07	17433.7   	59208.4   	19482.4   	20314.3   	31224.6   
26029.963026	1.08082e+07	1.437e+07 	2.03509e+07	2.04515e+07	17461.1   	59479.4   	19525.5   	20357.3   	31292.6   
26123.595983	1.08213e+07	1.44001e+07	2.0418e+07	2.05187e+07	17488.1   	59752.7   	19568.4   	20400     	31360.2   
26217.228940	1.08345e+07	1.44303e+07	2.0485e+07	2.0586e+07	17515.1   	60025.9   	19611.3   	20442.6   	31427.8   
26310.861897	1.08477e+07	1.44604e+07	2.0552e+07	2.06533e+07	17542.1   	60299.2   	19654.1   	20485.3   	31495.4   
26404.494854	1.08609e+07	1.44906e+07	2.0619e+07	2.07206e+07	17569.1   	60572.5   	19697     	20528     	31562.9   
26498.127811	1.0874e+07	1.45207e+07	2.0686e+07	2.07878e+07	17596.1   	60845.7   	19739.8   	20570.6   	31630.5   
26591.760768	1.08872e+07	1.45509e+07	2.07531e+07	2.08551e+07	17623.1   	61119     	19782.7   	20613.3   	31698.1   
26685.393725	1.09004e+07	1.4581e+07	2.08201e+07	2.09224e+07	17650.1   	61392.2   	19825.5   	20656     	31765.6   
26779.026682	1.09135e+07	1.46112e+07	2.08871e+07	2.09897e+07	17677.1   	61665.5   	19868.4   	20698.6   	31833.2   
26872.659639	1.09267e+07	1.46413e+07	2.09541e+07	2.1057e+07	17704.1   	61938.8   	19911.3   	20741.3   	31900.8   
26966.292596	1.09399e+07	1.46715e+07	2.10212e+07	2.11242e+07	17731.1   	62212     	19954.1   	20784     	31968.4   
27059.925552	1.09526e+07	1.47011e+07	2.1088e+07	2.11913e+07	17757.7   	62487.3   	19996.7   	20826.3   	32035.5   
27153.558509	1.09651e+07	1.47305e+07	2.11548e+07	2.12584e+07	17784.1   	62763.7   	20039.2   	20868.5   	32102.4   
27247.191466	1.09776e+07	1.47598e+07	2.12215e+07	2.13254e+07	17810.5   	63040.2   	20081.7   	20910.7   	32169.2   
27340.824423	1.09901e+07	1.47892e+07	2.12883e+07	2.13924e+07	17836.9   	63316.6   	20124.2   	20952.9   	32236.1   
27434.457380	1.10026e+07	1.48185e+07	2.1355e+07	2.14594e+07	17863.3   	63593     	20166.7   	20995.1   	32303     
27528.090337	1.10151e+07	1.48479e+07	2.14218e+07	2.15264e+07	17889.7   	63869.5   	20209.2   	21037.3   	32369.9   
27621.723294	1.10276e+07	1.48772e+07	2.14886e+07	2.15934e+07	17916.1   	64145.9   	20251.7   	21079.5   	32436.7   
27715.356251	1.10401e+07	1.49066e+07	2.15553e+07	2.16604e+07	17942.5   	64422.3   	20294.1   	21121.8   	32503.6   
27808.989208	1.10526e+07	1.49359e+07	2.16221e+07	2.17274e+07	17968.9   	64698.8   	20336.6   	21164     	32570.5   
27902.622165	1.10651e+07	1.49653e+07	2.16888e+07	2.17944e+07	17995.2   	64975.2   	20379.1   	21206.2   	32637.4   
27996.255122	1.10776e+07	1.49946e+07	2.17556e+07	2.18615e+07	18021.6   	65251.6   	20421.6   	21248.4   	32704.2   
28089.888079	1.10895e+07	1.50233e+07	2.18221e+07	2.19282e+07	18047.5   	65531.1   	20463.7   	21290.2   	32770.5   
28183.521036	1.11014e+07	1.50519e+07	2.18886e+07	2.1995e+07	18073.3   	65810.7   	20505.9   	21331.9   	32836.7   
28277.153993	1.11133e+07	1.50805e+07	2.19551e+07	2.20617e+07	18099.1   	66090.3   	20548     	21373.7   	32903     
28370.786949	1.11252e+07	1.51091e+07	2.20216e+07	2.21285e+07	18124.9   	66369.9   	20590.1   	21415.5   	32969.2   
28464.419906	1.11371e+07	1.51377e+07	2.20882e+07	2.21952e+07	18150.7   	66649.5   	20632.3   	21457.3   	33035.4   
28558.052863	1.1149e+07	1.51663e+07	2.21547e+07	2.2262e+07	18176.5   	66929.1   	20674.4   	21499     	33101.7   
28651.685820	1.11608e+07	1.51949e+07	2.22212e+07	2.23288e+07	18202.3   	67208.6   	20716.5   	21540.8   	33167.9   
28745.318777	1.11727e+07	1.52235e+07	2.22877e+07	2.23955e+07	18228.2   	67488.2   	20758.7   	21582.6   	33234.1   
28838.951734	1.11846e+07	1.52521e+07	2.23542e+07	2.24623e+07	18254     	67767.8   	20800.8   	21624.4   	33300.4   
28932.584691	1.11965e+07	1.52807e+07	2.24207e+07	2.2529e+07	18279.8   	68047.4   	20842.9   	21666.1   	33366.6   
29026.217648	1.12082e+07	1.53091e+07	2.24871e+07	2.25957e+07	18305.4   	68327.9   	20885     	21707.8   	33432.7   
29119.850605	1.12195e+07	1.5337e+07	2.25534e+07	2.26622e+07	18330.7   	68610.6   	20926.8   	21749.2   	33498.3   
29213.483562	1.12308e+07	1.53649e+07	2.26197e+07	2.27287e+07	18356     	68893.4   	20968.6   	21790.5   	33563.9   
29307.116519	1.12421e+07	1.53928e+07	2.2686e+07	2.27953e+07	18381.3   	69176.1   	21010.4   	21831.9   	33629.5   
29400.749476	1.12534e+07	1.54206e+07	2.27522e+07	2.28618e+07	18406.5   	69458.9   	21052.2   	21873.3   	33695.2   
29494.382433	1.12647e+07	1.54485e+07	2.28185e+07	2.29283e+07	18431.8   	69741.6   	21093.9   	21914.7   	33760.8   
29588.015390	1.1276e+07	1.54764e+07	2.28848e+07	2.29948e+07	18457.1   	70024.4   	21135.7   	21956     	33826.4   
29681.648346	1.12874e+07	1.55043e+07	2.29511e+07	2.30613e+07	18482.3   	70307.1   	21177.5   	21997.4   	33892.1   
29775.281303	1.12987e+07	1.55322e+07	2.30173e+07	2.31278e+07	18507.6   	70589.9   	21219.3   	22038.8   	33957.7   
29868.914260	1.131e+07 	1.55601e+07	2.30836e+07	2.31943e+07	18532.9   	70872.6   	21261.1   	22080.1   	34023.3   
29962.547217	1.13213e+07	1.5588e+07	2.31499e+07	2.32608e+07	18558.2   	71155.4   	21302.9   	22121.5   	34088.9   
30056.180174	1.13321e+07	1.56153e+07	2.32159e+07	2.33271e+07	18583     	71440.9   	21344.4   	22162.5   	34154.1   
30149.813131	1.13426e+07	1.56421e+07	2.32819e+07	2.33933e+07	18607.5   	71728.3   	21385.7   	22203.4   	34218.8   
30243.446088	1.13532e+07	1.5669e+07	2.33478e+07	2.34595e+07	18632     	72015.7   	21427     	22244.2   	34283.6   
30337.079045	1.13637e+07	1.56959e+07	2.34137e+07	2.35256e+07	18656.5   	72303.1   	21468.3   	22285     	34348.4   
30430.712002	1.13742e+07	1.57228e+07	2.34797e+07	2.35918e+07	18681.1   	72590.4   	21509.6   	22325.8   	34413.2   
30524.344959	1.13847e+07	1.57497e+07	2.35456e+07	2.3658e+07	18705.6   	72877.8   	21550.9   	22366.6   	34478     
30617.977916	1.13952e+07	1.57766e+07	2.36115e+07	2.37241e+07	18730.1   	73165.2   	21592.2   	22407.4   	34542.8   
30711.610873	1.14058e+07	1.58035e+07	2.36775e+07	2.37903e+07	18754.6   	73452.6   	21633.5   	22448.2   	34607.6   
30805.243830	1.14163e+07	1.58303e+07	2.37434e+07	2.38565e+07	18779.1   	73740     	21674.8   	22489     	34672.3   
30898.876787	1.14268e+07	1.58572e+07	2.38094e+07	2.39227e+07	18803.7   	74027.4   	21716.1   	22529.8   	34737.1   
30992.509743	1.14373e+07	1.58841e+07	2.38753e+07	2.39888e+07	18828.2   	74314.8   	21757.4   	22570.6   	34801.9   
31086.142700	1.14478e+07	1.5911e+07	2.39412e+07	2.4055e+07	18852.7   	74602.1   	21798.6   	22611.4   	34866.7   
31179.775657	1.14584e+07	1.59379e+07	2.40072e+07	2.41212e+07	18877.2   	74889.5   	21839.9   	22652.2   	34931.5   
31273.408614	1.14689e+07	1.59648e+07	2.40731e+07	2.41873e+07	18901.7   	75176.9   	21881.2   	22693     	34996.3   
31367.041571	1.14794e+07	1.59917e+07	2.4139e+07	2.42535e+07	18926.3   	75464.3   	21922.5   	22733.8   	35061.1   
31460.674528	1.14899e+07	1.60186e+07	2.4205e+07	2.43197e+07	18950.8   	75751.7   	21963.8   	22774.6   	35125.8   
31554.307485	1.15005e+07	1.60454e+07	2.42709e+07	2.43858e+07	18975.3   	76039.1   	22005.1   	22815.4   	35190.6   
31647.940442	1.1511e+07	1.60723e+07	2.43368e+07	2.4452e+07	18999.8   	76326.5   	22046.4   	22856.2   	35255.4   
31741.573399	1.15215e+07	1.60992e+07	2.44028e+07	2.45182e+07	19024.3   	76613.8   	22087.7   	22897     	35320.2   
31835.206356	1.1532e+07	1.61261e+07	2.44687e+07	2.45843e+07	19048.9   	76901.2   	22129     	22937.8   	35385     
31928.839313	1.15425e+07	1.6153e+07	2.45346e+07	2.46505e+07	19073.4   	77188.6   	22170.3   	22978.7   	35449.8   
32022.472270	1.15528e+07	1.61796e+07	2.46005e+07	2.47166e+07	19097.7   	77477.4   	22211.4   	23019.3   	35514.3   
32116.105227	1.15624e+07	1.62052e+07	2.4666e+07	2.47823e+07	19121.3   	77770.7   	22252.1   	23059.4   	35578.1   
32209.738184	1.1572e+07	1.62309e+07	2.47315e+07	2.4848e+07	19144.9   	78063.9   	22292.8   	23099.5   	35641.8   
32303.371140	1.15816e+07	1.62566e+07	2.4797e+07	2.49138e+07	19168.5   	78357.1   	22333.4   	23139.6   	35705.6   
32397.004097	1.15912e+07	1.62822e+07	2.48625e+07	2.49795e+07	19192.1   	78650.4   	22374.1   	23179.7   	35769.3   
32490.637054	1.16008e+07	1.63079e+07	2.49281e+07	2.50452e+07	19215.7   	78943.6   	22414.7   	23219.8   	35833.1   
32584.270011	1.16104e+07	1.63335e+07	2.49936e+07	2.5111e+07	19239.3   	79236.9   	22455.4   	23259.9   	35896.8   
32677.902968	1.16199e+07	1.63592e+07	2.50591e+07	2.51767e+07	19262.9   	79530.1   	22496.1   	23300     	35960.6   
32771.535925	1.16295e+07	1.63848e+07	2.51246e+07	2.52424e+07	19286.5   	79823.4   	22536.7   	23340.2   	36024.3   
32865.168882	1.16391e+07	1.64105e+07	2.51901e+07	2.53082e+07	19310.1   	80116.6   	22577.4   	23380.3   	36088.1   
32958.801839	1.16487e+07	1.64362e+07	2.52557e+07	2.53739e+07	19333.8   	80409.9   	22618     	23420.4   	36151.8   
33052.434796	1.16583e+07	1.64618e+07	2.53212e+07	2.54397e+07	19357.4   	80703.1   	22658.7   	23460.5   	36215.6   
33146.067753	1.16679e+07	1.64875e+07	2.53867e+07	2.55054e+07	19381     	80996.4   	22699.3   	23500.6   	36279.4   
33239.700710	1.16775e+07	1.65131e+07	2.54522e+07	2.55711e+07	19404.6   	81289.6   	22740     	23540.7   	36343.1   
33333.333667	1.16871e+07	1.65388e+07	2.55177e+07	2.56369e+07	19428.2   	81582.8   	22780.7   	23580.8   	36406.9   
33426.966624	1.16966e+07	1.65644e+07	2.55832e+07	2.57026e+07	19451.8   	81876.1   	22821.3   	23620.9   	36470.6   
33520.599581	1.17062e+07	1.65901e+07	2.56488e+07	2.57683e+07	19475.4   	82169.3   	22862     	23661     	36534.4   
33614.232537	1.17158e+07	1.66157e+07	2.57143e+07	2.58341e+07	19499     	82462.6   	22902.6   	23701.1   	36598.1   
33707.865494	1.17254e+07	1.66414e+07	2.57798e+07	2.58998e+07	19522.6   	82755.8   	22943.3   	23741.2   	36661.9   
33801.498451	1.1735e+07	1.66671e+07	2.58453e+07	2.59655e+07	19546.2   	83049.1   	22983.9   	23781.3   	36725.6   
33895.131408	1.17446e+07	1.66927e+07	2.59108e+07	2.60313e+07	19569.8   	83342.3   	23024.6   	23821.4   	36789.4   
33988.764365	1.17542e+07	1.67184e+07	2.59763e+07	2.6097e+07	19593.4   	83635.6   	23065.3   	23861.6   	36853.1   
34082.397322	1.1763e+07	1.6743e+07	2.60415e+07	2.61624e+07	19616.3   	83933.6   	23105.4   	23901.1   	36916.1   
34176.030279	1.17718e+07	1.67676e+07	2.61067e+07	2.62277e+07	19639.1   	84232.4   	23145.4   	23940.6   	36978.9   
34269.663236	1.17806e+07	1.67921e+07	2.61718e+07	2.62931e+07	19661.9   	84531.1   	23185.5   	23980     	37041.7   
34363.296193	1.17893e+07	1.68167e+07	2.62369e+07	2.63584e+07	19684.7   	84829.9   	23225.5   	24019.5   	37104.5   
34456.929150	1.17981e+07	1.68412e+07	2.63021e+07	2.64238e+07	19707.5   	85128.6   	23265.6   	24059     	37167.3   
34550.562107	1.18069e+07	1.68657e+07	2.63672e+07	2.64891e+07	19730.2   	85427.3   	23305.6   	24098.4   	37230.1   
34644.195064	1.18156e+07	1.68903e+07	2.64323e+07	2.65544e+07	19753     	85726.1   	23345.6   	24137.9   	37293     
34737.828021	1.18244e+07	1.69148e+07	2.64974e+07	2.66198e+07	19775.8   	86024.8   	23385.7   	24177.4   	37355.8   
34831.460978	1.18332e+07	1.69393e+07	2.65626e+07	2.66851e+07	19798.6   	86323.6   	23425.7   	24216.8   	37418.6   
34925.093934	1.18419e+07	1.69639e+07	2.66277e+07	2.67504e+07	19821.4   	86622.3   	23465.8   	24256.3   	37481.4   
35018.726891	1.18507e+07	1.69884e+07	2.66928e+07	2.68158e+07	19844.2   	86921     	23505.8   	24295.8   	37544.2   
35112.359848	1.18595e+07	1.7013e+07	2.6758e+07	2.68811e+07	19866.9   	87219.8   	23545.9   	24335.3   	37607     
35205.992805	1.18683e+07	1.70375e+07	2.68231e+07	2.69465e+07	19889.7   	87518.5   	23585.9   	24374.7   	37669.8   
35299.625762	1.1877e+07	1.7062e+07	2.68882e+07	2.70118e+07	19912.5   	87817.3   	23626     	24414.2   	37732.7   
35393.258719	1.18858e+07	1.70866e+07	2.69534e+07	2.70771e+07	19935.3   	88116     	23666     	24453.7   	37795.5   
35486.891676	1.18946e+07	1.71111e+07	2.70185e+07	2.71425e+07	19958.1   	88414.8   	23706     	24493.1   	37858.3   
35580.524633	1.19033e+07	1.71357e+07	2.70836e+07	2.72078e+07	19980.9   	88713.5   	23746.1   	24532.6   	37921.1   
35674.157590	1.19121e+07	1.71602e+07	2.71488e+07	2.72732e+07	20003.7   	89012.2   	23786.1   	24572.1   	37983.9   
35767.790547	1.19209e+07	1.71847e+07	2.72139e+07	2.73385e+07	20026.4   	89311     	23826.2   	24611.5   	38046.7   
35861.423504	1.19296e+07	1.72093e+07	2.7279e+07	2.74038e+07	20049.2   	89609.7   	23866.2   	24651     	38109.5   
35955.056461	1.19384e+07	1.72338e+07	2.73442e+07	2.74692e+07	20072     	89908.5   	23906.3   	24690.5   	38172.4   
36048.689418	1.19468e+07	1.72578e+07	2.74091e+07	2.75343e+07	20094.4   	90209.9   	23946     	24729.6   	38234.7   
36142.322375	1.19548e+07	1.72813e+07	2.74739e+07	2.75993e+07	20116.4   	90513.9   	23985.5   	24768.5   	38296.6   
36235.955331	1.19629e+07	1.73048e+07	2.75386e+07	2.76642e+07	20138.5   	90817.9   	24024.9   	24807.4   	38358.6   
36329.588288	1.19709e+07	1.73284e+07	2.76034e+07	2.77292e+07	20160.5   	91121.9   	24064.3   	24846.2   	38420.5   
36423.221245	1.1979e+07	1.73519e+07	2.76682e+07	2.77942e+07	20182.6   	91425.8   	24103.8   	24885.1   	38482.5   
36516.854202	1.1987e+07	1.73754e+07	2.7733e+07	2.78592e+07	20204.6   	91729.8   	24143.2   	24924     	38544.4   
36610.487159	1.19951e+07	1.73989e+07	2.77977e+07	2.79241e+07	20226.6   	92033.8   	24182.7   	24962.8   	38606.3   
36704.120116	1.20031e+07	1.74224e+07	2.78625e+07	2.79891e+07	20248.7   	92337.8   	24222.1   	25001.7   	38668.3   
36797.753073	1.20112e+07	1.74459e+07	2.79273e+07	2.80541e+07	20270.7   	92641.8   	24261.6   	25040.6   	38730.2   
36891.386030	1.20192e+07	1.74694e+07	2.79921e+07	2.8119e+07	20292.7   	92945.7   	24301     	25079.5   	38792.2   
36985.018987	1.20273e+07	1.7493e+07	2.80568e+07	2.8184e+07	20314.8   	93249.7   	24340.5   	25118.3   	38854.1   
37078.651944	1.20353e+07	1.75165e+07	2.81216e+07	2.8249e+07	20336.8   	93553.7   	24379.9   	25157.2   	38916     
37172.284901	1.20434e+07	1.754e+07 	2.81864e+07	2.83139e+07	20358.9   	93857.7   	24419.4   	25196.1   	38978     
37265.917858	1.20514e+07	1.75635e+07	2.82512e+07	2.83789e+07	20380.9   	94161.6   	24458.8   	25234.9   	39039.9   
37359.550815	1.20594e+07	1.7587e+07	2.83159e+07	2.84439e+07	20402.9   	94465.6   	24498.3   	25273.8   	39101.9   
37453.183772	1.20675e+07	1.76105e+07	2.83807e+07	2.85088e+07	20425     	94769.6   	24537.7   	25312.7   	39163.8   
37546.816728	1.20755e+07	1.7634e+07	2.84455e+07	2.85738e+07	20447     	95073.6   	24577.2   	25351.5   	39225.7   
37640.449685	1.20836e+07	1.76576e+07	2.85102e+07	2.86388e+07	20469.1   	95377.6   	24616.6   	25390.4   	39287.7   
37734.082642	1.20916e+07	1.76811e+07	2.8575e+07	2.87037e+07	20491.1   	95681.5   	24656.1   	25429.3   	39349.6   
37827.715599	1.20997e+07	1.77046e+07	2.86398e+07	2.87687e+07	20513.1   	95985.5   	24695.5   	25468.2   	39411.6   
37921.348556	1.21077e+07	1.77281e+07	2.87046e+07	2.88337e+07	20535.2   	96289.5   	24735     	25507     	39473.5   
38014.981513	1.21157e+07	1.77515e+07	2.87693e+07	2.88986e+07	20557.1   	96594.3   	24774.3   	25545.8   	39535.3   
38108.614470	1.21231e+07	1.7774e+07	2.88337e+07	2.89632e+07	20578.5   	96903.3   	24813.2   	25584.1   	39596.4   
38202.247427	1.21305e+07	1.77966e+07	2.88982e+07	2.90278e+07	20599.8   	97212.4   	24852.1   	25622.4   	39657.6   
38295.880384	1.21379e+07	1.78192e+07	2.89626e+07	2.90924e+07	20621.2   	97521.4   	24890.9   	25660.7   	39718.7   
38389.513341	1.21453e+07	1.78418e+07	2.9027e+07	2.91571e+07	20642.5   	97830.4   	24929.8   	25699     	39779.8   
38483.146298	1.21527e+07	1.78643e+07	2.90915e+07	2.92217e+07	20663.9   	98139.5   	24968.7   	25737.3   	39840.9   
38576.779255	1.21601e+07	1.78869e+07	2.91559e+07	2.92863e+07	20685.2   	98448.5   	25007.5   	25775.6   	39902     
38670.412212	1.21675e+07	1.79095e+07	2.92204e+07	2.93509e+07	20706.6   	98757.5   	25046.4   	25814     	39963.1   
38764.045169	1.21749e+07	1.79321e+07	2.92848e+07	2.94156e+07	20728     	99066.6   	25085.3   	25852.3   	40024.3   
38857.678125	1.21823e+07	1.79546e+07	2.93492e+07	2.94802e+07	20749.3   	99375.6   	25124.1   	25890.6   	40085.4   
38951.311082	1.21898e+07	1.79772e+07	2.94137e+07	2.95448e+07	20770.7   	99684.6   	25163     	25928.9   	40146.5   
39044.944039	1.21972e+07	1.79998e+07	2.94781e+07	2.96094e+07	20792     	99993.7   	25201.9   	25967.2   	40207.6   
39138.576996	1.22046e+07	1.80224e+07	2.95426e+07	2.9674e+07	20813.4   	100303    	25240.7   	26005.5   	40268.7   
39232.209953	1.2212e+07	1.80449e+07	2.9607e+07	2.97387e+07	20834.8   	100612    	25279.6   	26043.8   	40329.9   
39325.842910	1.22194e+07	1.80675e+07	2.96714e+07	2.98033e+07	20856.1   	100921    	25318.4   	26082.1   	40391     
39419.475867	1.22268e+07	1.80901e+07	2.97359e+07	2.98679e+07	20877.5   	101230    	25357.3   	26120.4   	40452.1   
39513.108824	1.22342e+07	1.81127e+07	2.98003e+07	2.99325e+07	20898.8   	101539    	25396.2   	26158.7   	40513.2   
39606.741781	1.22416e+07	1.81352e+07	2.98647e+07	2.99971e+07	20920.2   	101848    	25435     	26197     	40574.3   
39700.374738	1.2249e+07	1.81578e+07	2.99292e+07	3.00618e+07	20941.5   	102157    	25473.9   	26235.3   	40635.5   
39794.007695	1.22564e+07	1.81804e+07	2.99936e+07	3.01264e+07	20962.9   	102466    	25512.8   	26273.6   	40696.6   
39887.640652	1.22638e+07	1.8203e+07	3.00581e+07	3.0191e+07	20984.3   	102775    	25551.6   	26311.9   	40757.7   
39981.273609	1.22712e+07	1.82255e+07	3.01225e+07	3.02556e+07	21005.6   	103084    	25590.5   	26350.2   	40818.8   
40074.906566	1.22782e+07	1.82474e+07	3.01867e+07	3.032e+07 	21026.5   	103397    	25628.9   	26388.1   	40879.3   
40168.539522	1.2285e+07	1.82691e+07	3.02508e+07	3.03843e+07	21047.2   	103711    	25667.2   	26425.9   	40939.7   
40262.172479	1.22919e+07	1.82909e+07	3.03149e+07	3.04486e+07	21067.9   	104025    	25705.5   	26463.7   	41000     
40355.805436	1.22987e+07	1.83126e+07	3.03791e+07	3.05129e+07	21088.7   	104339    	25743.8   	26501.4   	41060.3   
40449.438393	1.23056e+07	1.83343e+07	3.04432e+07	3.05772e+07	21109.4   	104653    	25782.1   	26539.2   	41120.7   
40543.071350	1.23124e+07	1.8356e+07	3.05073e+07	3.06415e+07	21130.1   	104967    	25820.4   	26577     	41181     
40636.704307	1.23192e+07	1.83777e+07	3.05715e+07	3.07058e+07	21150.9   	105281    	25858.7   	26614.7   	41241.4   
40730.337264	1.23261e+07	1.83994e+07	3.06356e+07	3.07701e+07	21171.6   	105595    	25897     	26652.5   	41301.7   
40823.970221	1.23329e+07	1.84211e+07	3.06997e+07	3.08344e+07	21192.4   	105909    	25935.3   	26690.3   	41362.1   
40917.603178	1.23398e+07	1.84428e+07	3.07638e+07	3.08987e+07	21213.1   	106223    	25973.6   	26728.1   	41422.4   
41011.236135	1.23466e+07	1.84645e+07	3.0828e+07	3.0963e+07	21233.8   	106536    	26011.9   	26765.8   	41482.7   
41104.869092	1.23534e+07	1.84863e+07	3.08921e+07	3.10273e+07	21254.6   	106850    	26050.2   	26803.6   	41543.1   
41198.502049	1.23603e+07	1.8508e+07	3.09562e+07	3.10916e+07	21275.3   	107164    	26088.5   	26841.4   	41603.4   
41292.135006	1.23671e+07	1.85297e+07	3.10203e+07	3.11559e+07	21296     	107478    	26126.8   	26879.1   	41663.8   
41385.767963	1.2374e+07	1.85514e+07	3.10845e+07	3.12202e+07	21316.8   	107792    	26165.1   	26916.9   	41724.1   
41479.400919	1.23808e+07	1.85731e+07	3.11486e+07	3.12845e+07	21337.5   	108106    	26203.4   	26954.7   	41784.5   
41573.033876	1.23876e+07	1.85948e+07	3.12127e+07	3.13488e+07	21358.2   	108420    	26241.7   	26992.5   	41844.8   
41666.666833	1.23945e+07	1.86165e+07	3.12768e+07	3.14131e+07	21379     	108734    	26280     	27030.2   	41905.1   
41760.299790	1.24013e+07	1.86382e+07	3.1341e+07	3.14774e+07	21399.7   	109048    	26318.3   	27068     	41965.5   
41853.932747	1.24082e+07	1.86599e+07	3.14051e+07	3.15417e+07	21420.4   	109362    	26356.6   	27105.8   	42025.8   
41947.565704	1.2415e+07	1.86817e+07	3.14692e+07	3.1606e+07	21441.2   	109676    	26394.9   	27143.5   	42086.2   
42041.198661	1.24216e+07	1.8703e+07	3.15332e+07	3.16701e+07	21461.6   	109992    	26432.9   	27181.1   	42146.2   
42134.831618	1.2428e+07	1.87239e+07	3.15971e+07	3.17341e+07	21481.8   	110311    	26470.7   	27218.3   	42205.8   
42228.464575	1.24343e+07	1.87448e+07	3.16609e+07	3.17981e+07	21502     	110630    	26508.4   	27255.6   	42265.4   
42322.097532	1.24406e+07	1.87657e+07	3.17247e+07	3.18621e+07	21522.1   	110948    	26546.1   	27292.9   	42325     
42415.730489	1.2447e+07	1.87867e+07	3.17886e+07	3.19261e+07	21542.3   	111267    	26583.9   	27330.1   	42384.6   
42509.363446	1.24533e+07	1.88076e+07	3.18524e+07	3.19901e+07	21562.4   	111586    	26621.6   	27367.4   	42444.2   
42602.996403	1.24596e+07	1.88285e+07	3.19162e+07	3.20541e+07	21582.6   	111905    	26659.4   	27404.6   	42503.8   
42696.629360	1.24659e+07	1.88494e+07	3.19801e+07	3.21181e+07	21602.8   	112223    	26697.1   	27441.9   	42563.4   
42790.262316	1.24723e+07	1.88703e+07	3.20439e+07	3.21821e+07	21622.9   	112542    	26734.8   	27479.1   	42623     
42883.895273	1.24786e+07	1.88912e+07	3.21077e+07	3.22461e+07	21643.1   	112861    	26772.6   	27516.4   	42682.6   
42977.528230	1.24849e+07	1.89121e+07	3.21716e+07	3.23101e+07	21663.3   	113180    	26810.3   	27553.7   	42742.2   
43071.161187	1.24913e+07	1.8933e+07	3.22354e+07	3.2374e+07	21683.4   	113498    	26848     	27590.9   	42801.8   
43164.794144	1.24976e+07	1.8954e+07	3.22992e+07	3.2438e+07	21703.6   	113817    	26885.8   	27628.2   	42861.4   
43258.427101	1.25039e+07	1.89749e+07	3.23631e+07	3.2502e+07	21723.7   	114136    	26923.5   	27665.4   	42921     
43352.060058	1.25103e+07	1.89958e+07	3.24269e+07	3.2566e+07	21743.9   	114455    	26961.3   	27702.7   	42980.6   
43445.693015	1.25166e+07	1.90167e+07	3.24907e+07	3.263e+07 	21764.1   	114773    	26999     	27739.9   	43040.2   
43539.325972	1.25229e+07	1.90376e+07	3.25546e+07	3.2694e+07	21784.2   	115092    	27036.7   	27777.2   	43099.8   
43632.958929	1.25293e+07	1.90585e+07	3.26184e+07	3.2758e+07	21804.4   	115411    	27074.5   	27814.5   	43159.4   
43726.591886	1.25356e+07	1.90794e+07	3.26822e+07	3.2822e+07	21824.5   	115730    	27112.2   	27851.7   	43219     
43820.224843	1.25419e+07	1.91003e+07	3.27461e+07	3.2886e+07	21844.7   	116048    	27149.9   	27889     	43278.6   
43913.857800	1.25483e+07	1.91212e+07	3.28099e+07	3.295e+07 	21864.9   	116367    	27187.7   	27926.2   	43338.2   
44007.490757	1.25546e+07	1.91421e+07	3.28737e+07	3.3014e+07	21885     	116686    	27225.4   	27963.4   	43397.7   
44101.123713	1.25604e+07	1.91623e+07	3.29373e+07	3.30777e+07	21904.6   	117010    	27262.6   	28000.2   	43456.6   
44194.756670	1.25663e+07	1.91824e+07	3.30008e+07	3.31414e+07	21924.2   	117333    	27299.8   	28037     	43515.5   
44288.389627	1.25722e+07	1.92026e+07	3.30644e+07	3.32051e+07	21943.9   	117657    	27336.9   	28073.7   	43574.4   
44382.022584	1.25781e+07	1.92228e+07	3.3128e+07	3.32688e+07	21963.5   	117980    	27374.1   	28110.5   	43633.2   
44475.655541	1.2584e+07	1.9243e+07	3.31915e+07	3.33325e+07	21983.1   	118304    	27411.3   	28147.3   	43692.1   
44569.288498	1.25898e+07	1.92631e+07	3.32551e+07	3.33962e+07	22002.8   	118627    	27448.5   	28184     	43751     
44662.921455	1.25957e+07	1.92833e+07	3.33186e+07	3.34599e+07	22022.4   	118950    	27485.7   	28220.8   	43809.9   
44756.554412	1.26016e+07	1.93035e+07	3.33822e+07	3.35236e+07	22042     	119274    	27522.9   	28257.5   	43868.8   
44850.187369	1.26075e+07	1.93236e+07	3.34458e+07	3.35873e+07	22061.7   	119597    	27560.1   	28294.3   	43927.7   
44943.820326	1.26133e+07	1.93438e+07	3.35093e+07	3.3651e+07	22081.3   	119921    	27597.3   	28331.1   	43986.5   
45037.453283	1.26192e+07	1.9364e+07	3.35729e+07	3.37147e+07	22100.9   	120244    	27634.5   	28367.8   	44045.4   
45131.086240	1.26251e+07	1.93841e+07	3.36364e+07	3.37784e+07	22120.6   	120568    	27671.6   	28404.6   	44104.3   
45224.719197	1.2631e+07	1.94043e+07	3.37e+07  	3.38422e+07	22140.2   	120891    	27708.8   	28441.3   	44163.2   
45318.352154	1.26368e+07	1.94245e+07	3.37636e+07	3.39059e+07	22159.8   	121215    	27746     	28478.1   	44222.1   
45411.985110	1.26427e+07	1.94447e+07	3.38271e+07	3.39696e+07	22179.5   	121538    	27783.2   	28514.9   	44281     
45505.618067	1.26486e+07	1.94648e+07	3.38907e+07	3.40333e+07	22199.1   	121862    	27820.4   	28551.6   	44339.8   
45599.251024	1.26545e+07	1.9485e+07	3.39542e+07	3.4097e+07	22218.7   	122185    	27857.6   	28588.4   	44398.7   
45692.883981	1.26604e+07	1.95052e+07	3.40178e+07	3.41607e+07	22238.3   	122509    	27894.8   	28625.1   	44457.6   
45786.516938	1.26662e+07	1.95253e+07	3.40814e+07	3.42244e+07	22258     	122832    	27932     	28661.9   	44516.5   
45880.149895	1.26721e+07	1.95455e+07	3.41449e+07	3.42881e+07	22277.6   	123155    	27969.1   	28698.7   	44575.4   
45973.782852	1.2678e+07	1.95657e+07	3.42085e+07	3.43518e+07	22297.2   	123479    	28006.3   	28735.4   	44634.2   
46067.415809	1.26836e+07	1.95854e+07	3.42719e+07	3.44153e+07	22316.5   	123806    	28043.1   	28771.8   	44692.6   
46161.048766	1.2689e+07	1.96048e+07	3.43352e+07	3.44788e+07	22335.7   	124134    	28079.8   	28808.1   	44750.8   
46254.681723	1.26945e+07	1.96243e+07	3.43985e+07	3.45422e+07	22354.8   	124462    	28116.4   	28844.4   	44809     
46348.314680	1.27e+07  	1.96438e+07	3.44618e+07	3.46056e+07	22373.9   	124790    	28153.1   	28880.7   	44867.2   
46441.947637	1.27054e+07	1.96633e+07	3.45251e+07	3.46691e+07	22393.1   	125118    	28189.7   	28917     	44925.4   
46535.580594	1.27109e+07	1.96828e+07	3.45884e+07	3.47325e+07	22412.2   	125446    	28226.4   	28953.3   	44983.6   
46629.213551	1.27164e+07	1.97023e+07	3.46517e+07	3.47959e+07	22431.4   	125774    	28263     	28989.5   	45041.8   
46722.846507	1.27218e+07	1.97217e+07	3.4715e+07	3.48594e+07	22450.5   	126102    	28299.7   	29025.8   	45100     
46816.479464	1.27273e+07	1.97412e+07	3.47783e+07	3.49228e+07	22469.6   	126430    	28336.3   	29062.1   	45158.2   
46910.112421	1.27328e+07	1.97607e+07	3.48416e+07	3.49862e+07	22488.8   	126758    	28373     	29098.4   	45216.3   
47003.745378	1.27382e+07	1.97802e+07	3.49049e+07	3.50497e+07	22507.9   	127086    	28409.6   	29134.7   	45274.5   
47097.378335	1.27437e+07	1.97997e+07	3.49682e+07	3.51131e+07	22527.1   	127414    	28446.3   	29170.9   	45332.7   
47191.011292	1.27492e+07	1.98191e+07	3.50315e+07	3.51765e+07	22546.2   	127743    	28482.9   	29207.2   	45390.9   
47284.644249	1.27546e+07	1.98386e+07	3.50948e+07	3.524e+07 	22565.4   	128071    	28519.6   	29243.5   	45449.1   
47378.277206	1.27601e+07	1.98581e+07	3.51581e+07	3.53034e+07	22584.5   	128399    	28556.2   	29279.8   	45507.3   
47471.910163	1.27656e+07	1.98776e+07	3.52214e+07	3.53669e+07	22603.6   	128727    	28592.9   	29316.1   	45565.5   
47565.543120	1.2771e+07	1.98971e+07	3.52847e+07	3.54303e+07	22622.8   	129055    	28629.5   	29352.3   	45623.7   
47659.176077	1.27765e+07	1.99166e+07	3.5348e+07	3.54937e+07	22641.9   	129383    	28666.2   	29388.6   	45681.9   
47752.809034	1.2782e+07	1.9936e+07	3.54113e+07	3.55572e+07	22661.1   	129711    	28702.8   	29424.9   	45740.1   
47846.441991	1.27874e+07	1.99555e+07	3.54746e+07	3.56206e+07	22680.2   	130039    	28739.5   	29461.2   	45798.3   
47940.074948	1.27929e+07	1.9975e+07	3.55379e+07	3.5684e+07	22699.3   	130367    	28776.1   	29497.5   	45856.4   
48033.707904	1.27982e+07	1.99943e+07	3.56011e+07	3.57474e+07	22718.3   	130697    	28812.6   	29533.6   	45914.4   
48127.340861	1.28033e+07	2.00131e+07	3.56642e+07	3.58106e+07	22737     	131029    	28848.7   	29569.4   	45971.9   
48220.973818	1.28084e+07	2.00319e+07	3.57272e+07	3.58737e+07	22755.7   	131362    	28884.8   	29605.2   	46029.4   
48314.606775	1.28135e+07	2.00508e+07	3.57903e+07	3.59369e+07	22774.4   	131694    	28920.9   	29641     	46087     
48408.239732	1.28186e+07	2.00696e+07	3.58533e+07	3.60001e+07	22793     	132027    	28957.1   	29676.9   	46144.5   
48501.872689	1.28237e+07	2.00885e+07	3.59164e+07	3.60633e+07	22811.7   	132359    	28993.2   	29712.7   	46202     
48595.505646	1.28288e+07	2.01073e+07	3.59794e+07	3.61265e+07	22830.4   	132692    	29029.3   	29748.5   	46259.5   
48689.138603	1.28339e+07	2.01261e+07	3.60425e+07	3.61896e+07	22849.1   	133025    	29065.4   	29784.3   	46317     
48782.771560	1.2839e+07	2.0145e+07	3.61056e+07	3.62528e+07	22867.8   	133357    	29101.6   	29820.1   	46374.6   
48876.404517	1.28441e+07	2.01638e+07	3.61686e+07	3.6316e+07	22886.5   	133690    	29137.7   	29855.9   	46432.1   
48970.037474	1.28492e+07	2.01827e+07	3.62317e+07	3.63792e+07	22905.2   	134022    	29173.8   	29891.8   	46489.6   
49063.670431	1.28543e+07	2.02015e+07	3.62947e+07	3.64424e+07	22923.8   	134355    	29209.9   	29927.6   	46547.1   
49157.303388	1.28594e+07	2.02203e+07	3.63578e+07	3.65055e+07	22942.5   	134687    	29246     	29963.4   	46604.6   
49250.936345	1.28645e+07	2.02392e+07	3.64208e+07	3.65687e+07	22961.2   	135020    	29282.2   	29999.2   	46662.2   
49344.569301	1.28696e+07	2.0258e+07	3.64839e+07	3.66319e+07	22979.9   	135352    	29318.3   	30035     	46719.7   
49438.202258	1.28747e+07	2.02769e+07	3.6547e+07	3.66951e+07	22998.6   	135685    	29354.4   	30070.8   	46777.2   
49531.835215	1.28798e+07	2.02957e+07	3.661e+07 	3.67582e+07	23017.3   	136017    	29390.5   	30106.7   	46834.7   
49625.468172	1.28849e+07	2.03145e+07	3.66731e+07	3.68214e+07	23035.9   	136350    	29426.7   	30142.5   	46892.2   
49719.101129	1.289e+07 	2.03334e+07	3.67361e+07	3.68846e+07	23054.6   	136682    	29462.8   	30178.3   	46949.8   
49812.734086	1.28951e+07	2.03522e+07	3.67992e+07	3.69478e+07	23073.3   	137015    	29498.9   	30214.1   	47007.3   
49906.367043	1.29002e+07	2.03711e+07	3.68622e+07	3.7011e+07	23092     	137347    	29535     	30249.9   	47064.8   
50000.000000	1.29053e+07	2.03899e+07	3.69253e+07	3.70741e+07	23110.7   	137680    	29571.1   	30285.8   	47122.3   
