*Energy (MeV/u)1	0 - [He-base] F.Hubert et al, AD&ND Tables 46(1990)1	Energy (MeV/u)2	1 - [H -base] J.F.Ziegler et al, Pergamon Press, NY (low energy)	Energy (MeV/u)3	2 - ATIMA 1.2  LS-theory (recommended for high energy)	Energy (MeV/u)4	3 - ATIMA 1.2  without LS-correction	Energy (MeV/u)5	4 - Range straggling - method [0] - LISE	Energy (MeV/u)6	5 - Range straggling - method [1] - Atima	Energy (MeV/u)7	6 - Lateral range - method [0] - LISE	Energy (MeV/u)8	7 - Lateral range - method [1] - Atima	Energy (MeV/u)9	8 - Lateral range - method [2] - PDG	
0.001000	0.067564  	0.001000	0.067564  	0.001000	0.0831533 	0.001000	0.0831533 	0.001000	0         	0.001000	0         	0.001000	0.000373177	0.001000	0.000570278	0.001000	0.000328119
0.002000	0.143013  	0.002000	0.135128  	0.002000	0.166307  	0.002000	0.166307  	0.002000	0.014677  	0.002000	0.014677  	0.002000	0.00109302	0.002000	0.00161389	0.002000	0.000986202
0.005000	0.31162   	0.005000	0.286114  	0.005000	0.352767  	0.005000	0.352767  	0.005000	0.0167001 	0.005000	0.0167001 	0.005000	0.00331463	0.005000	0.00477452	0.005000	0.00304113
0.008000	0.443941  	0.008000	0.404606  	0.008000	0.498922  	0.008000	0.498922  	0.008000	0.0167571 	0.008000	0.0167571 	0.008000	0.00549502	0.008000	0.0078111 	0.008000	0.00508358
0.010000	0.521334  	0.010000	0.47391   	0.010000	0.584177  	0.010000	0.584177  	0.010000	0.0169415 	0.010000	0.0169415 	0.010000	0.00693554	0.010000	0.00979903	0.010000	0.00643984
0.015000	0.691152  	0.015000	0.62598   	0.015000	0.770497  	0.015000	0.770497  	0.015000	0.0178135 	0.015000	0.0178135 	0.015000	0.0105054 	0.015000	0.014688  	0.015000	0.00981482
0.020000	0.838439  	0.020000	0.757874  	0.020000	0.931201  	0.020000	0.931201  	0.020000	0.0189197 	0.020000	0.0189197 	0.020000	0.0140293 	0.020000	0.0192006 	0.020000	0.0131597
0.025000	0.970474  	0.025000	0.87611   	0.025000	1.07443   	0.025000	1.07443   	0.025000	0.0200352 	0.025000	0.0200352 	0.025000	0.0175174 	0.025000	0.0233448 	0.025000	0.0164794
0.030000	1.09098   	0.030000	0.984023  	0.030000	1.19754   	0.030000	1.19754   	0.030000	0.0209245 	0.030000	0.0209245 	0.030000	0.0207848 	0.030000	0.0269852 	0.030000	0.0195878
0.035000	1.20223   	0.035000	1.08365   	0.035000	1.30439   	0.035000	1.30439   	0.035000	0.0216104 	0.035000	0.0216104 	0.035000	0.0238376 	0.035000	0.0301871 	0.035000	0.0224903
0.040000	1.30595   	0.040000	1.17653   	0.040000	1.40217   	0.040000	1.40217   	0.040000	0.0222088 	0.040000	0.0222088 	0.040000	0.0268185 	0.040000	0.0331367 	0.040000	0.0253274
0.045000	1.40352   	0.045000	1.2639    	0.045000	1.49383   	0.045000	1.49383   	0.045000	0.0227557 	0.045000	0.0227557 	0.045000	0.0297527 	0.045000	0.035925  	0.045000	0.0281564
0.050000	1.49601   	0.050000	1.34672   	0.050000	1.58072   	0.050000	1.58072   	0.050000	0.0232629 	0.050000	0.0230873 	0.050000	0.0324258 	0.050000	0.0385888 	0.050000	0.0309928
0.055000	1.58428   	0.055000	1.42577   	0.055000	1.66363   	0.055000	1.66363   	0.055000	0.0237363 	0.055000	0.0232986 	0.055000	0.0350481 	0.055000	0.0411595 	0.055000	0.0337985
0.060000	1.66898   	0.060000	1.50162   	0.060000	1.74312   	0.060000	1.74312   	0.060000	0.0241799 	0.060000	0.0234972 	0.060000	0.0376121 	0.060000	0.0436408 	0.060000	0.0363476
0.070000	1.82972   	0.070000	1.64555   	0.070000	1.89357   	0.070000	1.89357   	0.070000	0.0249917 	0.070000	0.0238633 	0.070000	0.042589  	0.070000	0.0484262 	0.070000	0.0413496
0.080000	1.98137   	0.080000	1.78136   	0.080000	2.03486   	0.080000	2.03486   	0.080000	0.0257231 	0.080000	0.0241976 	0.080000	0.0473978 	0.080000	0.0530513 	0.080000	0.0462042
0.090000	2.12612   	0.090000	1.91098   	0.090000	2.16904   	0.090000	2.16904   	0.090000	0.0263938 	0.090000	0.0245086 	0.090000	0.0520216 	0.090000	0.0575343 	0.090000	0.0508787
0.100000	2.26547   	0.100000	2.03577   	0.100000	2.29765   	0.100000	2.29765   	0.100000	0.0270186 	0.100000	0.0248026 	0.100000	0.0561676 	0.100000	0.0615924 	0.100000	0.0550774
0.120000	2.53162   	0.120000	2.2741    	0.120000	2.54248   	0.120000	2.54248   	0.120000	0.0281721 	0.120000	0.0253576 	0.120000	0.0631112 	0.120000	0.0684535 	0.120000	0.0620958
0.140000	2.78616   	0.140000	2.50204   	0.140000	2.77578   	0.140000	2.77578   	0.140000	0.0292437 	0.140000	0.0258878 	0.140000	0.0690725 	0.140000	0.074426  	0.140000	0.0681027
0.160000	3.03327   	0.160000	2.72332   	0.160000	3.00149   	0.160000	3.00149   	0.160000	0.0302682 	0.160000	0.026408  	0.160000	0.0744143 	0.160000	0.0798687 	0.160000	0.0734755
0.180000	3.27605   	0.180000	2.94072   	0.180000	3.22216   	0.180000	3.22216   	0.180000	0.0312665 	0.180000	0.026927  	0.180000	0.0792606 	0.180000	0.0848505 	0.180000	0.0783403
0.200000	3.51694   	0.200000	3.15644   	0.200000	3.43946   	0.200000	3.43946   	0.200000	0.0322518 	0.200000	0.0274504 	0.200000	0.0837253 	0.200000	0.0894752 	0.200000	0.0828186
0.250000	4.11565   	0.250000	3.69258   	0.250000	3.97449   	0.250000	3.97449   	0.250000	0.0347027 	0.250000	0.0287962 	0.250000	0.094513  	0.250000	0.100697  	0.250000	0.0936274
0.300000	4.71207   	0.300000	4.22667   	0.300000	4.50455   	0.300000	4.50455   	0.300000	0.0371739 	0.300000	0.030208  	0.300000	0.104647  	0.300000	0.111276  	0.300000	0.103785
0.350000	5.29874   	0.350000	4.75203   	0.350000	5.03389   	0.350000	5.03389   	0.350000	0.0396792 	0.350000	0.0316859 	0.350000	0.113964  	0.350000	0.121013  	0.350000	0.113109
0.400000	5.88014   	0.400000	5.27266   	0.400000	5.56449   	0.400000	5.56449   	0.400000	0.0422181 	0.400000	0.0332231 	0.400000	0.123038  	0.400000	0.130504  	0.400000	0.122191
0.450000	6.46147   	0.450000	5.79324   	0.450000	6.09484   	0.450000	6.09484   	0.450000	0.0447507 	0.450000	0.034789  	0.450000	0.1317    	0.450000	0.139528  	0.450000	0.130862
0.500000	7.04397   	0.500000	6.31486   	0.500000	6.62401   	0.500000	6.62401   	0.500000	0.0472535 	0.500000	0.0363629 	0.500000	0.140072  	0.500000	0.148242  	0.500000	0.139243
0.600000	8.20584   	0.600000	7.3553    	0.600000	7.68504   	0.600000	7.68504   	0.600000	0.0522318 	0.600000	0.0395546 	0.600000	0.155845  	0.600000	0.164639  	0.600000	0.155039
0.700000	9.37051   	0.700000	8.39825   	0.700000	8.75725   	0.700000	8.75725   	0.700000	0.0572496 	0.700000	0.0428312 	0.700000	0.170659  	0.700000	0.180021  	0.700000	0.169874
0.800000	10.5425   	0.800000	9.4478    	0.800000	9.84805   	0.800000	9.84805   	0.800000	0.0623823 	0.800000	0.0462237 	0.800000	0.184778  	0.800000	0.194645  	0.800000	0.184015
0.900000	11.7279   	0.900000	10.5092   	0.900000	10.96     	0.900000	10.96     	0.900000	0.0676448 	0.900000	0.0497297 	0.900000	0.198226  	0.900000	0.208587  	0.900000	0.197488
1.000000	12.9276   	1.000000	11.5836   	1.000000	12.0947   	1.000000	12.0947   	1.000000	0.0730461 	1.000000	0.0533457 	1.000000	0.211229  	1.000000	0.222058  	1.000000	0.210517
1.250000	16.0136   	1.250000	14.347    	1.250000	15.0388   	1.250000	15.0388   	1.250000	0.0872054 	1.250000	0.062857  	1.250000	0.241098  	1.250000	0.253079  	1.250000	0.240461
1.500000	19.2925   	1.500000	17.2833   	1.500000	18.1575   	1.500000	18.1575   	1.500000	0.102525  	1.500000	0.0731367 	1.500000	0.267762  	1.500000	0.280937  	1.500000	0.26721
1.750000	22.7899   	1.750000	20.4152   	1.750000	21.4562   	1.750000	21.4562   	1.750000	0.119008  	1.750000	0.0841411 	1.750000	0.292978  	1.750000	0.307344  	1.750000	0.292535
2.000000	26.5171   	2.000000	23.7528   	2.000000	24.9329   	2.000000	24.9329   	2.000000	0.136592  	2.000000	0.0957988 	2.000000	0.317466  	2.000000	0.333013  	2.000000	0.317149
2.250000	30.4956   	2.250000	27.3155   	2.250000	28.5872   	2.250000	28.5872   	2.250000	0.155251  	2.250000	0.108072  	2.250000	0.341557  	2.250000	0.358274  	2.250000	0.341392
2.500000	34.7025   	2.500000	31.0878   	2.500000	32.4186   	2.500000	32.4186   	2.500000	0.174978  	2.500000	0.120938  	2.500000	0.365459  	2.500000	0.383331  	2.500000	0.365469
3.000000	42.8941   	3.000000	39.2192   	3.000000	40.611    	3.000000	40.611    	3.000000	0.21761   	3.000000	0.148383  	3.000000	0.413273  	3.000000	0.433382  	3.000000	0.413708
3.500000	51.7434   	3.500000	48.0914   	3.500000	49.5048   	3.500000	49.5048   	3.500000	0.264446  	3.500000	0.178054  	3.500000	0.461865  	3.500000	0.484076  	3.500000	0.462848
4.000000	61.2531   	4.000000	57.6745   	4.000000	59.0925   	4.000000	59.0925   	4.000000	0.31543   	4.000000	0.209886  	4.000000	0.51189   	4.000000	0.53599   	4.000000	0.51352
4.500000	71.4214   	4.500000	67.9431   	4.500000	69.3652   	4.500000	69.3652   	4.500000	0.370496  	4.500000	0.243794  	4.500000	0.563805  	4.500000	0.589556  	4.500000	0.566184
5.000000	82.2436   	5.000000	78.8785   	5.000000	80.3133   	5.000000	80.3133   	5.000000	0.429571  	5.000000	0.279705  	5.000000	0.617886  	5.000000	0.645021  	5.000000	0.621117
5.500000	93.7144   	5.500000	90.4661   	5.500000	91.9275   	5.500000	91.9275   	5.500000	0.492583  	5.500000	0.317562  	5.500000	0.674361  	5.500000	0.702607  	5.500000	0.678547
6.000000	105.828   	6.000000	102.694   	6.000000	104.198   	6.000000	104.198   	6.000000	0.559462  	6.000000	0.357314  	6.000000	0.733326  	6.000000	0.762403  	6.000000	0.738571
6.500000	118.577   	6.500000	115.551   	6.500000	117.116   	6.500000	117.116   	6.500000	0.630139  	6.500000	0.39891   	6.500000	0.794967  	6.500000	0.824561  	6.500000	0.80137
7.000000	131.956   	7.000000	129.027   	7.000000	130.673   	7.000000	130.673   	7.000000	0.704553  	7.000000	0.442304  	7.000000	0.859259  	7.000000	0.88904   	7.000000	0.866919
7.500000	145.959   	7.500000	143.114   	7.500000	144.861   	7.500000	144.861   	7.500000	0.782645  	7.500000	0.487456  	7.500000	0.926287  	7.500000	0.955908  	7.500000	0.935301
8.000000	160.579   	8.000000	157.803   	8.000000	159.672   	8.000000	159.672   	8.000000	0.864358  	8.000000	0.534328  	8.000000	0.996043  	8.000000	1.02514   	8.000000	1.00651
8.500000	175.811   	8.500000	173.086   	8.500000	175.098   	8.500000	175.098   	8.500000	0.949643  	8.500000	0.582888  	8.500000	1.06854   	8.500000	1.09675   	8.500000	1.08054
9.000000	191.648   	9.000000	188.957   	9.000000	191.132   	9.000000	191.132   	9.000000	1.03845   	9.000000	0.633104  	9.000000	1.14378   	9.000000	1.17073   	9.000000	1.15742
9.500000	208.086   	9.500000	205.408   	9.500000	207.768   	9.500000	207.768   	9.500000	1.13074   	9.500000	0.684947  	9.500000	1.22175   	9.500000	1.24704   	9.500000	1.23711
10.000000	225.117   	10.000000	222.429   	10.000000	225       	10.000000	225       	10.000000	1.22646   	10.000000	0.73839   	10.000000	1.30234   	10.000000	1.32565   	10.000000	1.31957
11.000000	260.944   	11.000000	257.817   	11.000000	261.16    	11.000000	261.139   	11.000000	1.42701   	11.000000	0.849935  	11.000000	1.45421   	11.000000	1.48932   	11.000000	1.47665
12.000000	299.087   	12.000000	295.213   	12.000000	299.506   	12.000000	299.426   	12.000000	1.63898   	12.000000	0.96866   	12.000000	1.61887   	12.000000	1.66119   	12.000000	1.64582
13.000000	339.511   	13.000000	334.629   	13.000000	339.998   	13.000000	339.828   	13.000000	1.86234   	13.000000	1.09436   	13.000000	1.79523   	13.000000	1.83162   	13.000000	1.82696
14.000000	382.178   	14.000000	376.067   	14.000000	382.601   	14.000000	382.314   	14.000000	2.097     	14.000000	1.22646   	14.000000	1.98257   	14.000000	2.00597   	14.000000	2.01937
15.000000	427.057   	15.000000	419.525   	15.000000	427.284   	15.000000	426.853   	15.000000	2.34286   	15.000000	1.36465   	15.000000	2.18027   	15.000000	2.18952   	15.000000	2.22241
16.000000	474.116   	16.000000	464.998   	16.000000	474.014   	16.000000	473.419   	16.000000	2.59979   	16.000000	1.50862   	16.000000	2.38788   	16.000000	2.38178   	16.000000	2.43566
17.000000	523.326   	17.000000	512.478   	17.000000	522.762   	17.000000	521.985   	17.000000	2.86762   	17.000000	1.65805   	17.000000	2.60499   	17.000000	2.5823    	17.000000	2.6587
18.000000	574.657   	18.000000	561.955   	18.000000	573.498   	18.000000	572.525   	18.000000	3.14621   	18.000000	1.81272   	18.000000	2.83128   	18.000000	2.79071   	18.000000	2.8912
19.000000	628.085   	19.000000	613.418   	19.000000	626.199   	19.000000	625.015   	19.000000	3.43544   	19.000000	1.97246   	19.000000	3.06648   	19.000000	3.00673   	19.000000	3.13292
20.000000	683.583   	20.000000	666.856   	20.000000	680.839   	20.000000	679.433   	20.000000	3.73518   	20.000000	2.13719   	20.000000	3.31037   	20.000000	3.23011   	20.000000	3.38363
21.000000	741.126   	21.000000	722.256   	21.000000	737.395   	21.000000	735.757   	21.000000	4.04526   	21.000000	2.30681   	21.000000	3.56275   	21.000000	3.46064   	21.000000	3.64312
22.000000	800.693   	22.000000	779.607   	22.000000	795.85    	22.000000	793.975   	22.000000	4.36568   	22.000000	2.48125   	22.000000	3.82349   	22.000000	3.69819   	22.000000	3.91129
23.000000	862.26    	23.000000	838.895   	23.000000	856.179   	23.000000	854.062   	23.000000	4.69623   	23.000000	2.6603    	23.000000	4.09242   	23.000000	3.94257   	23.000000	4.18797
24.000000	925.807   	24.000000	900.107   	24.000000	918.357   	24.000000	915.993   	24.000000	5.03669   	24.000000	2.84383   	24.000000	4.36937   	24.000000	4.19361   	24.000000	4.47297
25.000000	991.313   	25.000000	963.231   	25.000000	982.365   	25.000000	979.748   	25.000000	5.38696   	25.000000	3.03176   	25.000000	4.65419   	25.000000	4.45118   	25.000000	4.76617
27.000000	1128.12   	27.000000	1095.16   	27.000000	1115.79   	27.000000	1112.66   	27.000000	6.11636   	27.000000	3.42042   	27.000000	5.24697   	27.000000	4.98539   	27.000000	5.37668
29.000000	1272.54   	29.000000	1234.59   	29.000000	1256.28   	29.000000	1252.65   	29.000000	6.88325   	29.000000	3.82537   	29.000000	5.86973   	29.000000	5.54419   	29.000000	6.01849
31.000000	1424.43   	31.000000	1381.41   	31.000000	1403.76   	31.000000	1399.65   	31.000000	7.68743   	31.000000	4.24673   	31.000000	6.5219    	31.000000	6.12701   	31.000000	6.69106
33.000000	1583.66   	33.000000	1535.53   	33.000000	1558.46   	33.000000	1553.93   	33.000000	8.53383   	33.000000	4.68716   	33.000000	7.20519   	33.000000	6.7352    	33.000000	7.3962
35.000000	1750.1    	35.000000	1696.85   	35.000000	1720.33   	35.000000	1715.44   	35.000000	9.42211   	35.000000	5.14621   	35.000000	7.91954   	35.000000	7.36866   	35.000000	8.13391
38.000000	2013.04   	38.000000	1952.14   	38.000000	1976.34   	38.000000	1971.02   	38.000000	10.8302   	38.000000	5.86818   	38.000000	9.04832   	38.000000	8.36534   	38.000000	9.30063
41.000000	2291.58   	41.000000	2223.12   	41.000000	2247.87   	41.000000	2242.27   	41.000000	12.326    	41.000000	6.62883   	41.000000	10.2443   	41.000000	9.41646   	41.000000	10.5382
44.000000	2585.4    	44.000000	2509.51   	44.000000	2534.61   	44.000000	2528.86   	44.000000	13.9064   	44.000000	7.42643   	44.000000	11.506    	44.000000	10.5206   	44.000000	11.8451
47.000000	2894.17   	47.000000	2811.03   	47.000000	2836.27   	47.000000	2830.5    	47.000000	15.5692   	47.000000	8.26029   	47.000000	12.8318   	47.000000	11.6765   	47.000000	13.22
50.000000	3217.59   	50.000000	3127.42   	50.000000	3152.53   	50.000000	3146.89   	50.000000	17.3114   	50.000000	9.12832   	50.000000	14.22     	50.000000	12.8825   	50.000000	14.6612
55.000000	3788.45   	55.000000	3687.07   	55.000000	3711.47   	55.000000	3706.29   	55.000000	20.3868   	55.000000	10.6491   	55.000000	16.6686   	55.000000	15.001    	55.000000	17.2074
60.000000	4398.04   	60.000000	4286.19   	60.000000	4309.2    	60.000000	4304.82   	60.000000	23.6689   	60.000000	12.259    	60.000000	19.2803   	60.000000	17.2504   	60.000000	19.9286
65.000000	5045.28   	65.000000	4923.71   	65.000000	4944.76   	65.000000	4941.4    	65.000000	27.1506   	65.000000	13.9538   	65.000000	22.0497   	65.000000	19.6259   	65.000000	22.8196
70.000000	5729.15   	70.000000	5598.62   	70.000000	5617.06   	70.000000	5615.05   	70.000000	30.8228   	70.000000	15.7306   	70.000000	24.9704   	70.000000	22.1228   	70.000000	25.875
75.000000	6448.72   	75.000000	6309.98   	75.000000	6325.2    	75.000000	6324.86   	75.000000	34.6787   	75.000000	17.5867   	75.000000	28.0373   	75.000000	24.7367   	75.000000	29.0899
80.000000	7203.11   	80.000000	7056.87   	80.000000	7068.36   	80.000000	7069.94   	80.000000	38.7121   	80.000000	19.5179   	80.000000	31.2457   	80.000000	27.464    	80.000000	32.46
85.000000	7991.51   	85.000000	7838.45   	85.000000	7845.68   	85.000000	7849.48   	85.000000	42.9163   	85.000000	21.523    	85.000000	34.5908   	85.000000	30.3009   	85.000000	35.9811
90.000000	8813.14   	90.000000	8653.88   	90.000000	8656.39   	90.000000	8662.69   	90.000000	47.2854   	90.000000	23.5997   	90.000000	38.0681   	90.000000	33.244    	90.000000	39.649
95.000000	9667.3    	95.000000	9502.38   	95.000000	9499.72   	95.000000	9508.83   	95.000000	51.8135   	95.000000	25.7447   	95.000000	41.6734   	95.000000	36.29     	95.000000	43.4598
100.000000	10553.3   	100.000000	10383.2   	100.000000	10375.1   	100.000000	10387.2   	100.000000	56.4964   	100.000000	27.9567   	100.000000	45.403    	100.000000	39.4363   	100.000000	47.4105
105.000000	11470.5   	105.000000	11295.6   	105.000000	11281.7   	105.000000	11297     	105.000000	61.329    	105.000000	30.2337   	105.000000	49.2531   	105.000000	42.6799   	105.000000	51.4975
110.000000	12418.2   	110.000000	12238.9   	110.000000	12218.9   	110.000000	12237.8   	110.000000	66.3049   	110.000000	32.5739   	110.000000	53.2198   	110.000000	46.0179   	110.000000	55.7172
115.000000	13395.9   	115.000000	13212.4   	115.000000	13186.1   	115.000000	13208.8   	115.000000	71.4187   	115.000000	34.9742   	115.000000	57.299    	115.000000	49.4473   	115.000000	60.0658
120.000000	14403.1   	120.000000	14215.5   	120.000000	14182.6   	120.000000	14209.4   	120.000000	76.6674   	120.000000	37.4326   	120.000000	61.4879   	120.000000	52.9661   	120.000000	64.5409
125.000000	15439.1   	125.000000	15247.6   	125.000000	15208     	125.000000	15239     	125.000000	82.0467   	125.000000	39.9495   	125.000000	65.7835   	125.000000	56.572    	125.000000	69.1397
130.000000	16503.5   	130.000000	16308     	130.000000	16261.6   	130.000000	16297.2   	130.000000	87.5521   	130.000000	42.5219   	130.000000	70.1823   	130.000000	60.2624   	130.000000	73.8591
135.000000	17595.8   	135.000000	17396.2   	135.000000	17342.9   	135.000000	17383.2   	135.000000	93.1795   	135.000000	45.1488   	135.000000	74.6816   	135.000000	64.0354   	135.000000	78.6965
140.000000	18715.5   	140.000000	18511.7   	140.000000	18451.3   	140.000000	18496.6   	140.000000	98.9249   	140.000000	47.8298   	140.000000	79.2781   	140.000000	67.8887   	140.000000	83.6489
145.000000	19862.2   	145.000000	19653.8   	145.000000	19586.4   	145.000000	19636.9   	145.000000	104.784   	145.000000	50.562    	145.000000	83.9692   	145.000000	71.8203   	145.000000	88.714
150.000000	21035.4   	150.000000	20822     	150.000000	20747.7   	150.000000	20803.6   	150.000000	110.754   	150.000000	53.3438   	150.000000	88.752    	150.000000	75.8282   	150.000000	93.8891
155.000000	22251.7   	155.000000	22015.9   	155.000000	21934.6   	155.000000	21996.1   	155.000000	116.831   	155.000000	56.1742   	155.000000	93.6239   	155.000000	79.9105   	155.000000	99.1717
160.000000	23493.2   	160.000000	23235     	160.000000	23146.7   	160.000000	23214.1   	160.000000	123.011   	160.000000	59.0521   	160.000000	98.5825   	160.000000	84.0653   	160.000000	104.56
165.000000	24758.9   	165.000000	24478.7   	165.000000	24383.5   	165.000000	24457     	165.000000	129.291   	165.000000	61.9765   	165.000000	103.625   	165.000000	88.2908   	165.000000	110.05
170.000000	26048.4   	170.000000	25746.6   	170.000000	25644.7   	170.000000	25724.4   	170.000000	135.668   	170.000000	64.9461   	170.000000	108.749   	170.000000	92.5853   	170.000000	115.641
175.000000	27361.3   	175.000000	27038.2   	175.000000	26929.6   	175.000000	27015.9   	175.000000	142.138   	175.000000	67.96     	175.000000	113.953   	175.000000	96.947    	175.000000	121.331
180.000000	28697.1   	180.000000	28353.2   	180.000000	28238     	180.000000	28331     	180.000000	148.699   	180.000000	71.0176   	180.000000	119.233   	180.000000	101.374   	180.000000	127.117
185.000000	30055.4   	185.000000	29691.1   	185.000000	29569.4   	185.000000	29669.4   	185.000000	155.347   	185.000000	74.1175   	185.000000	124.588   	185.000000	105.866   	185.000000	132.996
190.000000	31435.9   	190.000000	31051.4   	190.000000	30923.5   	190.000000	31030.5   	190.000000	162.08    	190.000000	77.2572   	190.000000	130.016   	190.000000	110.42    	190.000000	138.968
195.000000	32838.2   	195.000000	32433.8   	195.000000	32299.7   	195.000000	32414.1   	195.000000	168.895   	195.000000	80.4358   	195.000000	135.514   	195.000000	115.034   	195.000000	145.03
200.000000	34261.9   	200.000000	33837.9   	200.000000	33697.8   	200.000000	33819.8   	200.000000	175.789   	200.000000	83.6539   	200.000000	141.081   	200.000000	119.709   	200.000000	151.18
210.000000	37172     	210.000000	36709.6   	210.000000	36558.1   	210.000000	36695.7   	210.000000	189.805   	210.000000	90.204    	210.000000	152.412   	210.000000	129.23    	210.000000	163.736
220.000000	40163.7   	220.000000	39663.5   	220.000000	39501.3   	220.000000	39655.4   	220.000000	204.107   	220.000000	96.8982   	220.000000	163.994   	220.000000	138.974   	220.000000	176.623
230.000000	43234.4   	230.000000	42696.9   	230.000000	42524.7   	230.000000	42696.2   	230.000000	218.677   	230.000000	103.734   	230.000000	175.813   	230.000000	148.928   	230.000000	189.826
240.000000	46381.5   	240.000000	45807.1   	240.000000	45625.8   	240.000000	45815.4   	240.000000	233.497   	240.000000	110.7     	240.000000	187.855   	240.000000	159.084   	240.000000	203.332
250.000000	49602.8   	250.000000	48991.5   	250.000000	48802     	250.000000	49010.4   	250.000000	248.551   	250.000000	117.792   	250.000000	200.107   	250.000000	169.431   	250.000000	217.128
260.000000	52896     	260.000000	52247.8   	260.000000	52050.9   	260.000000	52278.8   	260.000000	263.822   	260.000000	125.003   	260.000000	212.557   	260.000000	179.962   	260.000000	231.202
270.000000	56259     	270.000000	55573.6   	270.000000	55370.5   	270.000000	55618.4   	270.000000	279.301   	270.000000	132.333   	270.000000	225.197   	270.000000	190.669   	270.000000	245.545
280.000000	59689.8   	280.000000	58966.7   	280.000000	58758.5   	280.000000	59026.9   	280.000000	294.97    	280.000000	139.776   	280.000000	238.013   	280.000000	201.544   	280.000000	260.143
290.000000	63186.4   	290.000000	62425.1   	290.000000	62212.5   	290.000000	62502.1   	290.000000	310.814   	290.000000	147.324   	290.000000	250.994   	290.000000	212.577   	290.000000	274.986
300.000000	66746.9   	300.000000	65946.7   	300.000000	65730.5   	300.000000	66042     	300.000000	326.821   	300.000000	154.976   	300.000000	264.132   	300.000000	223.762   	300.000000	290.064
310.000000	70369.7   	310.000000	69529.6   	310.000000	69310.6   	310.000000	69644.6   	310.000000	342.978   	310.000000	162.728   	310.000000	277.415   	310.000000	235.092   	310.000000	305.366
320.000000	74052.9   	320.000000	73171.9   	320.000000	72950.8   	320.000000	73308     	320.000000	359.275   	320.000000	170.571   	320.000000	290.836   	320.000000	246.56    	320.000000	320.884
330.000000	77795     	330.000000	76871.8   	330.000000	76649.4   	330.000000	77030.5   	330.000000	375.701   	330.000000	178.5     	330.000000	304.386   	330.000000	258.16    	330.000000	336.607
340.000000	81594.3   	340.000000	80627.8   	340.000000	80404.7   	340.000000	80810.2   	340.000000	392.247   	340.000000	186.52    	340.000000	318.058   	340.000000	269.885   	340.000000	352.528
350.000000	85449.2   	350.000000	84438     	350.000000	84214.8   	350.000000	84645.4   	350.000000	408.901   	350.000000	194.621   	350.000000	331.842   	350.000000	281.729   	350.000000	368.638
360.000000	89358.5   	360.000000	88301     	360.000000	88078.3   	360.000000	88534.5   	360.000000	425.656   	360.000000	202.8     	360.000000	345.732   	360.000000	293.688   	360.000000	384.929
370.000000	93320.5   	370.000000	92215.2   	370.000000	91993.9   	370.000000	92475.9   	370.000000	442.507   	370.000000	211.054   	370.000000	359.723   	370.000000	305.756   	370.000000	401.395
380.000000	97334     	380.000000	96179.1   	380.000000	95959.9   	380.000000	96468.2   	380.000000	459.445   	380.000000	219.382   	380.000000	373.808   	380.000000	317.929   	380.000000	418.029
390.000000	101398    	390.000000	100191    	390.000000	99974.8   	390.000000	100510    	390.000000	476.459   	390.000000	227.779   	390.000000	387.979   	390.000000	330.2     	390.000000	434.821
400.000000	105510    	400.000000	104251    	400.000000	104037    	400.000000	104599    	400.000000	493.541   	400.000000	236.245   	400.000000	402.231   	400.000000	342.566   	400.000000	451.765
410.000000	109670    	410.000000	108356    	410.000000	108145    	410.000000	108735    	410.000000	510.685   	410.000000	244.783   	410.000000	416.557   	410.000000	355.02    	410.000000	468.855
420.000000	113877    	420.000000	112505    	420.000000	112298    	420.000000	112917    	420.000000	527.885   	420.000000	253.384   	420.000000	430.952   	420.000000	367.559   	420.000000	486.084
430.000000	118129    	430.000000	116698    	430.000000	116495    	430.000000	117142    	430.000000	545.134   	430.000000	262.04    	430.000000	445.411   	430.000000	380.179   	430.000000	503.446
440.000000	122424    	440.000000	120933    	440.000000	120734    	440.000000	121410    	440.000000	562.426   	440.000000	270.749   	440.000000	459.929   	440.000000	392.876   	440.000000	520.935
450.000000	126763    	450.000000	125209    	450.000000	125013    	450.000000	125720    	450.000000	579.755   	450.000000	279.515   	450.000000	474.501   	450.000000	405.645   	450.000000	538.546
460.000000	131144    	460.000000	129524    	460.000000	129333    	460.000000	130070    	460.000000	597.119   	460.000000	288.338   	460.000000	489.124   	460.000000	418.484   	460.000000	556.272
470.000000	135566    	470.000000	133879    	470.000000	133692    	470.000000	134459    	470.000000	614.513   	470.000000	297.215   	470.000000	503.793   	470.000000	431.389   	470.000000	574.111
480.000000	140028    	480.000000	138271    	480.000000	138089    	480.000000	138886    	480.000000	631.932   	480.000000	306.146   	480.000000	518.505   	480.000000	444.357   	480.000000	592.057
490.000000	144529    	490.000000	142700    	490.000000	142523    	490.000000	143351    	490.000000	649.369   	490.000000	315.127   	490.000000	533.254   	490.000000	457.384   	490.000000	610.103
500.000000	149069    	500.000000	147164    	500.000000	146992    	500.000000	147851    	500.000000	666.818   	500.000000	324.155   	500.000000	548.036   	500.000000	470.465   	500.000000	628.245
520.000000	158257    	520.000000	156198    	520.000000	156033    	520.000000	156956    	520.000000	701.736   	520.000000	342.338   	520.000000	577.685   	520.000000	496.78    	520.000000	664.794
540.000000	167588    	540.000000	165364    	540.000000	165205    	540.000000	166194    	540.000000	736.659   	540.000000	360.679   	540.000000	607.426   	540.000000	523.281   	540.000000	701.673
560.000000	177054    	560.000000	174655    	560.000000	174501    	560.000000	175557    	560.000000	771.562   	560.000000	379.184   	560.000000	637.236   	560.000000	549.945   	560.000000	738.848
580.000000	186649    	580.000000	184067    	580.000000	183915    	580.000000	185039    	580.000000	806.423   	580.000000	397.838   	580.000000	667.092   	580.000000	576.754   	580.000000	776.291
600.000000	196367    	600.000000	193592    	600.000000	193441    	600.000000	194634    	600.000000	841.225   	600.000000	416.623   	600.000000	696.978   	600.000000	603.69    	600.000000	813.977
620.000000	206203    	620.000000	203225    	620.000000	203074    	620.000000	204337    	620.000000	875.951   	620.000000	435.533   	620.000000	726.876   	620.000000	630.737   	620.000000	851.881
640.000000	216151    	640.000000	212962    	640.000000	212808    	640.000000	214142    	640.000000	910.581   	640.000000	454.573   	640.000000	756.768   	640.000000	657.881   	640.000000	889.977
660.000000	226206    	660.000000	222796    	660.000000	222638    	660.000000	224043    	660.000000	945.098   	660.000000	473.74    	660.000000	786.64    	660.000000	685.104   	660.000000	928.244
680.000000	236363    	680.000000	232724    	680.000000	232558    	680.000000	234036    	680.000000	979.488   	680.000000	493.021   	680.000000	816.476   	680.000000	712.393   	680.000000	966.659
700.000000	246617    	700.000000	242741    	700.000000	242565    	700.000000	244117    	700.000000	1013.74   	700.000000	512.401   	700.000000	846.266   	700.000000	739.737   	700.000000	1005.2
720.000000	256965    	720.000000	252843    	720.000000	252653    	720.000000	254280    	720.000000	1047.84   	720.000000	531.876   	720.000000	875.998   	720.000000	767.123   	720.000000	1043.86
740.000000	267402    	740.000000	263026    	740.000000	262820    	740.000000	264523    	740.000000	1081.79   	740.000000	551.444   	740.000000	905.661   	740.000000	794.541   	740.000000	1082.61
760.000000	277924    	760.000000	273285    	760.000000	273061    	760.000000	274840    	760.000000	1115.57   	760.000000	571.101   	760.000000	935.25    	760.000000	821.982   	760.000000	1121.44
780.000000	288527    	780.000000	283618    	780.000000	283373    	780.000000	285229    	780.000000	1149.18   	780.000000	590.843   	780.000000	964.755   	780.000000	849.438   	780.000000	1160.34
800.000000	299207    	800.000000	294021    	800.000000	293753    	800.000000	295686    	800.000000	1182.62   	800.000000	610.661   	800.000000	994.17    	800.000000	876.9     	800.000000	1199.3
820.000000	309962    	820.000000	304491    	820.000000	304197    	820.000000	306207    	820.000000	1215.88   	820.000000	630.547   	820.000000	1023.49   	820.000000	904.358   	820.000000	1238.29
840.000000	320787    	840.000000	315025    	840.000000	314701    	840.000000	316790    	840.000000	1248.94   	840.000000	650.499   	840.000000	1052.7    	840.000000	931.806   	840.000000	1277.31
860.000000	331679    	860.000000	325619    	860.000000	325264    	860.000000	327432    	860.000000	1281.81   	860.000000	670.521   	860.000000	1081.8    	860.000000	959.235   	860.000000	1316.35
880.000000	342636    	880.000000	336272    	880.000000	335881    	880.000000	338129    	880.000000	1314.48   	880.000000	690.613   	880.000000	1110.78   	880.000000	986.64    	880.000000	1355.39
900.000000	353654    	900.000000	346979    	900.000000	346551    	900.000000	348880    	900.000000	1346.95   	900.000000	710.77    	900.000000	1139.64   	900.000000	1014.02   	900.000000	1394.43
920.000000	364730    	920.000000	357740    	920.000000	357272    	920.000000	359681    	920.000000	1379.22   	920.000000	730.982   	920.000000	1168.38   	920.000000	1041.35   	920.000000	1433.46
940.000000	375862    	940.000000	368551    	940.000000	368039    	940.000000	370531    	940.000000	1411.27   	940.000000	751.244   	940.000000	1196.99   	940.000000	1068.65   	940.000000	1472.46
960.000000	387047    	960.000000	379409    	960.000000	378852    	960.000000	381426    	960.000000	1443.13   	960.000000	771.556   	960.000000	1225.47   	960.000000	1095.91   	960.000000	1511.44
980.000000	398283    	980.000000	390314    	980.000000	389709    	980.000000	392365    	980.000000	1474.77   	980.000000	791.923   	980.000000	1253.82   	980.000000	1123.11   	980.000000	1550.38
1000.000000	409566    	1000.000000	401262    	1000.000000	400607    	1000.000000	403346    	1000.000000	1506.22   	1000.000000	812.35    	1000.000000	1282.04   	1000.000000	1150.26   	1000.000000	1589.27
1020.000000	420896    	1020.000000	412252    	1020.000000	411545    	1020.000000	414366    	1020.000000	1537.45   	1020.000000	832.834   	1020.000000	1310.11   	1020.000000	1177.35   	1020.000000	1628.12
1040.000000	432269    	1040.000000	423281    	1040.000000	422521    	1040.000000	425424    	1040.000000	1568.48   	1040.000000	853.37    	1040.000000	1338.05   	1040.000000	1204.39   	1040.000000	1666.92
1060.000000	443683    	1060.000000	434348    	1060.000000	433532    	1060.000000	436518    	1060.000000	1599.29   	1060.000000	873.95    	1060.000000	1365.85   	1060.000000	1231.36   	1060.000000	1705.66
1080.000000	455136    	1080.000000	445451    	1080.000000	444578    	1080.000000	447647    	1080.000000	1629.9    	1080.000000	894.57    	1080.000000	1393.5    	1080.000000	1258.26   	1080.000000	1744.32
1100.000000	466627    	1100.000000	456588    	1100.000000	455655    	1100.000000	458808    	1100.000000	1660.29   	1100.000000	915.228   	1100.000000	1421.01   	1100.000000	1285.09   	1100.000000	1782.92
1120.000000	478153    	1120.000000	467758    	1120.000000	466764    	1120.000000	470001    	1120.000000	1690.48   	1120.000000	935.926   	1120.000000	1448.38   	1120.000000	1311.85   	1120.000000	1821.44
1140.000000	489712    	1140.000000	478959    	1140.000000	477901    	1140.000000	481223    	1140.000000	1720.45   	1140.000000	956.667   	1140.000000	1475.6    	1140.000000	1338.53   	1140.000000	1859.88
1160.000000	501303    	1160.000000	490189    	1160.000000	489067    	1160.000000	492473    	1160.000000	1750.22   	1160.000000	977.452   	1160.000000	1502.68   	1160.000000	1365.14   	1160.000000	1898.24
1180.000000	512924    	1180.000000	501448    	1180.000000	500259    	1180.000000	503750    	1180.000000	1779.78   	1180.000000	998.282   	1180.000000	1529.6    	1180.000000	1391.66   	1180.000000	1936.51
1200.000000	524573    	1200.000000	512733    	1200.000000	511477    	1200.000000	515053    	1200.000000	1809.13   	1200.000000	1019.15   	1200.000000	1556.38   	1200.000000	1418.11   	1200.000000	1974.69
1220.000000	536248    	1220.000000	524043    	1220.000000	522718    	1220.000000	526380    	1220.000000	1838.28   	1220.000000	1040.07   	1220.000000	1583.02   	1220.000000	1444.47   	1220.000000	2012.77
1240.000000	547949    	1240.000000	535377    	1240.000000	533983    	1240.000000	537731    	1240.000000	1867.23   	1240.000000	1061.01   	1240.000000	1609.51   	1240.000000	1470.75   	1240.000000	2050.76
1260.000000	559672    	1260.000000	546734    	1260.000000	545269    	1260.000000	549103    	1260.000000	1895.97   	1260.000000	1081.99   	1260.000000	1635.84   	1260.000000	1496.94   	1260.000000	2088.65
1280.000000	571418    	1280.000000	558113    	1280.000000	556576    	1280.000000	560497    	1280.000000	1924.51   	1280.000000	1103.01   	1280.000000	1662.04   	1280.000000	1523.04   	1280.000000	2126.43
1300.000000	583185    	1300.000000	569512    	1300.000000	567903    	1300.000000	571910    	1300.000000	1952.85   	1300.000000	1124.05   	1300.000000	1688.09   	1300.000000	1549.06   	1300.000000	2164.11
1320.000000	594970    	1320.000000	580930    	1320.000000	579249    	1320.000000	583342    	1320.000000	1981      	1320.000000	1145.12   	1320.000000	1713.99   	1320.000000	1574.98   	1320.000000	2201.69
1340.000000	606774    	1340.000000	592366    	1340.000000	590613    	1340.000000	594793    	1340.000000	2008.95   	1340.000000	1166.22   	1340.000000	1739.74   	1340.000000	1600.82   	1340.000000	2239.15
1360.000000	618594    	1360.000000	603820    	1360.000000	601993    	1360.000000	606260    	1360.000000	2036.7    	1360.000000	1187.35   	1360.000000	1765.35   	1360.000000	1626.56   	1360.000000	2276.51
1380.000000	630429    	1380.000000	615290    	1380.000000	613391    	1380.000000	617744    	1380.000000	2064.27   	1380.000000	1208.52   	1380.000000	1790.82   	1380.000000	1652.22   	1380.000000	2313.76
1400.000000	642279    	1400.000000	626774    	1400.000000	624803    	1400.000000	629243    	1400.000000	2091.65   	1400.000000	1229.71   	1400.000000	1816.15   	1400.000000	1677.78   	1400.000000	2350.89
1420.000000	654141    	1420.000000	638274    	1420.000000	636231    	1420.000000	640757    	1420.000000	2118.83   	1420.000000	1250.94   	1420.000000	1841.33   	1420.000000	1703.25   	1420.000000	2387.91
1440.000000	666016    	1440.000000	649786    	1440.000000	647672    	1440.000000	652284    	1440.000000	2145.84   	1440.000000	1272.19   	1440.000000	1866.37   	1440.000000	1728.62   	1440.000000	2424.81
1460.000000	677901    	1460.000000	661311    	1460.000000	659126    	1460.000000	663825    	1460.000000	2172.66   	1460.000000	1293.48   	1460.000000	1891.27   	1460.000000	1753.9    	1460.000000	2461.6
1480.000000	689797    	1480.000000	672848    	1480.000000	670593    	1480.000000	675378    	1480.000000	2199.29   	1480.000000	1314.79   	1480.000000	1916.03   	1480.000000	1779.09   	1480.000000	2498.27
1500.000000	701701    	1500.000000	684396    	1500.000000	682072    	1500.000000	686943    	1500.000000	2225.74   	1500.000000	1336.13   	1500.000000	1940.65   	1500.000000	1804.19   	1500.000000	2534.82
1520.000000	713612    	1520.000000	695953    	1520.000000	693561    	1520.000000	698519    	1520.000000	2252.02   	1520.000000	1357.49   	1520.000000	1965.14   	1520.000000	1829.18   	1520.000000	2571.25
1540.000000	725531    	1540.000000	707521    	1540.000000	705061    	1540.000000	710106    	1540.000000	2278.11   	1540.000000	1378.88   	1540.000000	1989.48   	1540.000000	1854.09   	1540.000000	2607.57
1560.000000	737456    	1560.000000	719096    	1560.000000	716571    	1560.000000	721702    	1560.000000	2304.03   	1560.000000	1400.3    	1560.000000	2013.69   	1560.000000	1878.89   	1560.000000	2643.75
1580.000000	749385    	1580.000000	730680    	1580.000000	728090    	1580.000000	733308    	1580.000000	2329.77   	1580.000000	1421.75   	1580.000000	2037.76   	1580.000000	1903.6    	1580.000000	2679.82
1600.000000	761319    	1600.000000	742271    	1600.000000	739618    	1600.000000	744923    	1600.000000	2355.35   	1600.000000	1443.22   	1600.000000	2061.69   	1600.000000	1928.22   	1600.000000	2715.77
1620.000000	773256    	1620.000000	753869    	1620.000000	751153    	1620.000000	756545    	1620.000000	2380.75   	1620.000000	1464.71   	1620.000000	2085.49   	1620.000000	1952.74   	1620.000000	2751.59
1640.000000	785196    	1640.000000	765473    	1640.000000	762697    	1640.000000	768176    	1640.000000	2405.98   	1640.000000	1486.23   	1640.000000	2109.16   	1640.000000	1977.16   	1640.000000	2787.29
1660.000000	797138    	1660.000000	777082    	1660.000000	774247    	1660.000000	779814    	1660.000000	2431.04   	1660.000000	1507.78   	1660.000000	2132.7    	1660.000000	2001.49   	1660.000000	2822.86
1680.000000	809080    	1680.000000	788696    	1680.000000	785805    	1680.000000	791458    	1680.000000	2455.94   	1680.000000	1529.35   	1680.000000	2156.11   	1680.000000	2025.73   	1680.000000	2858.31
1700.000000	821023    	1700.000000	800314    	1700.000000	797368    	1700.000000	803109    	1700.000000	2480.68   	1700.000000	1550.95   	1700.000000	2179.38   	1700.000000	2049.86   	1700.000000	2893.64
1750.000000	850877    	1750.000000	829374    	1750.000000	826303    	1750.000000	832262    	1750.000000	2541.81   	1750.000000	1605.06   	1750.000000	2237.01   	1750.000000	2109.79   	1750.000000	2981.42
1800.000000	880718    	1800.000000	858449    	1800.000000	855267    	1800.000000	861445    	1800.000000	2601.97   	1800.000000	1659.31   	1800.000000	2293.86   	1800.000000	2169.13   	1800.000000	3068.43
1850.000000	910535    	1850.000000	887532    	1850.000000	884257    	1850.000000	890653    	1850.000000	2661.18   	1850.000000	1713.7    	1850.000000	2349.93   	1850.000000	2227.88   	1850.000000	3154.66
1900.000000	940321    	1900.000000	916616    	1900.000000	913267    	1900.000000	919881    	1900.000000	2719.46   	1900.000000	1768.22   	1900.000000	2405.25   	1900.000000	2286.05   	1900.000000	3240.12
1950.000000	970067    	1950.000000	945694    	1950.000000	942292    	1950.000000	949124    	1950.000000	2776.84   	1950.000000	1822.86   	1950.000000	2459.84   	1950.000000	2343.64   	1950.000000	3324.82
2000.000000	999765    	2000.000000	974760    	2000.000000	971328    	2000.000000	978378    	2000.000000	2833.35   	2000.000000	1877.63   	2000.000000	2513.71   	2000.000000	2400.66   	2000.000000	3408.76
2100.000000	1.05899e+06	2100.000000	1.03284e+06	2100.000000	1.02942e+06	2100.000000	1.0369e+06	2100.000000	2943.85   	2100.000000	1987.57   	2100.000000	2619.36   	2100.000000	2513.02   	2100.000000	3574.38
2200.000000	1.11794e+06	2200.000000	1.09081e+06	2200.000000	1.08752e+06	2200.000000	1.09543e+06	2200.000000	3051.15   	2200.000000	2098.06   	2200.000000	2722.34   	2200.000000	2623.19   	2200.000000	3737.04
2300.000000	1.17659e+06	2300.000000	1.14864e+06	2300.000000	1.14559e+06	2300.000000	1.15394e+06	2300.000000	3155.44   	2300.000000	2209.13   	2300.000000	2822.77   	2300.000000	2731.23   	2300.000000	3896.82
2400.000000	1.23488e+06	2400.000000	1.2063e+06	2400.000000	1.20364e+06	2400.000000	1.21241e+06	2400.000000	3256.87   	2400.000000	2320.77   	2400.000000	2920.78   	2400.000000	2837.21   	2400.000000	4053.78
2500.000000	1.29279e+06	2500.000000	1.26377e+06	2500.000000	1.26163e+06	2500.000000	1.27082e+06	2500.000000	3355.6    	2500.000000	2432.98   	2500.000000	3016.47   	2500.000000	2941.17   	2500.000000	4207.99
2600.000000	1.35028e+06	2600.000000	1.32103e+06	2600.000000	1.31955e+06	2600.000000	1.32917e+06	2600.000000	3451.75   	2600.000000	2545.7    	2600.000000	3109.95   	2600.000000	3043.19   	2600.000000	4359.52
2700.000000	1.40735e+06	2700.000000	1.37805e+06	2700.000000	1.37738e+06	2700.000000	1.38742e+06	2700.000000	3545.44   	2700.000000	2658.92   	2700.000000	3201.32   	2700.000000	3143.32   	2700.000000	4508.43
2800.000000	1.46397e+06	2800.000000	1.43483e+06	2800.000000	1.43513e+06	2800.000000	1.44559e+06	2800.000000	3636.81   	2800.000000	2772.63   	2800.000000	3290.67   	2800.000000	3241.61   	2800.000000	4654.81
2900.000000	1.52012e+06	2900.000000	1.49136e+06	2900.000000	1.49278e+06	2900.000000	1.50366e+06	2900.000000	3725.97   	2900.000000	2886.83   	2900.000000	3378.1    	2900.000000	3338.14   	2900.000000	4798.72
3000.000000	1.57579e+06	3000.000000	1.54761e+06	3000.000000	1.55032e+06	3000.000000	1.56162e+06	3000.000000	3813.03   	3000.000000	3001.53   	3000.000000	3463.69   	3000.000000	3432.96   	3000.000000	4940.25
3200.000000	1.68564e+06	3200.000000	1.65926e+06	3200.000000	1.66509e+06	3200.000000	1.67721e+06	3200.000000	3981.29   	3200.000000	3232.39   	3200.000000	3629.69   	3200.000000	3617.71   	3200.000000	5216.46
3400.000000	1.79347e+06	3400.000000	1.76974e+06	3400.000000	1.7794e+06	3400.000000	1.79234e+06	3400.000000	4142.33   	3400.000000	3465.21   	3400.000000	3789.28   	3400.000000	3796.3    	3400.000000	5484.01
3600.000000	1.89924e+06	3600.000000	1.879e+06 	3600.000000	1.89324e+06	3600.000000	1.90699e+06	3600.000000	4296.8    	3600.000000	3700.01   	3600.000000	3943.01   	3600.000000	3969.15   	3600.000000	5743.44
3800.000000	2.00292e+06	3800.000000	1.98702e+06	3800.000000	2.0066e+06	3800.000000	2.02115e+06	3800.000000	4445.3    	3800.000000	3936.76   	3800.000000	4091.36   	3800.000000	4136.64   	3800.000000	5995.28
4000.000000	2.10453e+06	4000.000000	2.09378e+06	4000.000000	2.11949e+06	4000.000000	2.13483e+06	4000.000000	4588.3    	4000.000000	4175.47   	4000.000000	4234.75   	4000.000000	4299.11   	4000.000000	6239.97
4200.000000	2.20406e+06	4200.000000	2.19927e+06	4200.000000	2.2319e+06	4200.000000	2.24802e+06	4200.000000	4726.26   	4200.000000	4416.13   	4200.000000	4373.59   	4200.000000	4456.89   	4200.000000	6477.98
4400.000000	2.30154e+06	4400.000000	2.3035e+06	4400.000000	2.34383e+06	4400.000000	2.36073e+06	4400.000000	4859.57   	4400.000000	4658.73   	4400.000000	4508.2    	4400.000000	4610.28   	4400.000000	6709.69
4600.000000	2.39699e+06	4600.000000	2.40647e+06	4600.000000	2.4553e+06	4600.000000	2.47297e+06	4600.000000	4988.58   	4600.000000	4903.27   	4600.000000	4638.92   	4600.000000	4759.55   	4600.000000	6935.48
4800.000000	2.49046e+06	4800.000000	2.50819e+06	4800.000000	2.56631e+06	4800.000000	2.58474e+06	4800.000000	5113.59   	4800.000000	5149.74   	4800.000000	4766.01   	4800.000000	4904.95   	4800.000000	7155.7
5000.000000	2.58197e+06	5000.000000	2.60867e+06	5000.000000	2.67687e+06	5000.000000	2.69605e+06	5000.000000	5234.9    	5000.000000	5398.12   	5000.000000	4889.73   	5000.000000	5046.7    	5000.000000	7370.66
5250.000000	2.69366e+06	5250.000000	2.73255e+06	5250.000000	2.81446e+06	5250.000000	2.83457e+06	5250.000000	5381.69   	5250.000000	5711.28   	5250.000000	5039.99   	5250.000000	5219.09   	5250.000000	7632.42
5500.000000	2.80244e+06	5500.000000	2.85455e+06	5500.000000	2.95137e+06	5500.000000	2.9724e+06	5500.000000	5523.51   	5500.000000	6027.4    	5500.000000	5185.76   	5500.000000	5386.5    	5500.000000	7886.97
6000.000000	3.01161e+06	6000.000000	3.09306e+06	6000.000000	3.22329e+06	6000.000000	3.24613e+06	6000.000000	5793.73   	6000.000000	6668.39   	6000.000000	5465.22   	6000.000000	5707.73   	6000.000000	8376.28
6500.000000	3.21014e+06	6500.000000	3.32451e+06	6500.000000	3.49278e+06	6500.000000	3.51739e+06	6500.000000	6048.17   	6500.000000	7320.87   	6500.000000	5730.56   	6500.000000	6012.77   	6500.000000	8841.97
7000.000000	3.39872e+06	7000.000000	3.54922e+06	7000.000000	3.75998e+06	7000.000000	3.78634e+06	7000.000000	6288.9    	7000.000000	7984.61   	7000.000000	5983.77   	7000.000000	6303.62   	7000.000000	9286.87
7500.000000	3.57799e+06	7500.000000	3.76752e+06	7500.000000	4.02506e+06	7500.000000	4.05312e+06	7500.000000	6517.62   	7500.000000	8659.39   	7500.000000	6226.51   	7500.000000	6581.96   	7500.000000	9713.37
8000.000000	3.74858e+06	8000.000000	3.97971e+06	8000.000000	4.28814e+06	8000.000000	4.31787e+06	8000.000000	6735.73   	8000.000000	9345.04   	8000.000000	6460.12   	8000.000000	6849.2    	8000.000000	10123.5
8500.000000	3.91105e+06	8500.000000	4.18611e+06	8500.000000	4.54934e+06	8500.000000	4.58072e+06	8500.000000	6944.37   	8500.000000	10041.3   	8500.000000	6685.72   	8500.000000	7106.54   	8500.000000	10519
9000.000000	4.06594e+06	9000.000000	4.387e+06 	9000.000000	4.80877e+06	9000.000000	4.84177e+06	9000.000000	7144.52   	9000.000000	10747.6   	9000.000000	6904.28   	9000.000000	7355.01   	9000.000000	10901.3
9500.000000	4.21375e+06	9500.000000	4.58264e+06	9500.000000	5.06653e+06	9500.000000	5.10114e+06	9500.000000	7337      	9500.000000	11463.9   	9500.000000	7116.59   	9500.000000	7595.51   	9500.000000	11271.7
10000.000000	4.35493e+06	10000.000000	4.77331e+06	10000.000000	5.32272e+06	10000.000000	5.3589e+06	10000.000000	7522.54   	10000.000000	12190.3   	10000.000000	7323.36   	10000.000000	7828.83   	10000.000000	11631.4
11000.000000	4.61908e+06	11000.000000	5.14063e+06	11000.000000	5.83074e+06	11000.000000	5.86999e+06	11000.000000	7875.17   	11000.000000	13672.5   	11000.000000	7722.59   	11000.000000	8276.52   	11000.000000	12322.6
12000.000000	4.8614e+06	12000.000000	5.49071e+06	12000.000000	6.33339e+06	12000.000000	6.37563e+06	12000.000000	8206.37   	12000.000000	15191.4   	12000.000000	8105.79   	12000.000000	8702.57   	12000.000000	12981.3
13000.000000	5.08445e+06	13000.000000	5.82508e+06	13000.000000	6.83118e+06	13000.000000	6.87635e+06	13000.000000	8519.22   	13000.000000	16744.9   	13000.000000	8475.88   	13000.000000	9110.47   	13000.000000	13612.6
14000.000000	5.29041e+06	14000.000000	6.14511e+06	14000.000000	7.32454e+06	14000.000000	7.37259e+06	14000.000000	8816.21   	14000.000000	18332.9   	14000.000000	8835.12   	14000.000000	9503.02   	14000.000000	14220.8
15000.000000	5.48115e+06	15000.000000	6.45197e+06	15000.000000	7.81388e+06	15000.000000	7.86472e+06	15000.000000	9099.33   	15000.000000	19955.2   	15000.000000	9185.27   	15000.000000	9882.48   	15000.000000	14809.2
16000.000000	5.65828e+06	16000.000000	6.74672e+06	16000.000000	8.2995e+06	16000.000000	8.35306e+06	16000.000000	9370.21   	16000.000000	21610.9   	16000.000000	9527.71   	16000.000000	10250.7   	16000.000000	15380.5
17000.000000	5.82321e+06	17000.000000	7.03029e+06	17000.000000	8.7817e+06	17000.000000	8.83791e+06	17000.000000	9630.15   	17000.000000	23298.3   	17000.000000	9863.52   	17000.000000	10609     	17000.000000	15936.9
18000.000000	5.97713e+06	18000.000000	7.30352e+06	18000.000000	9.26071e+06	18000.000000	9.31951e+06	18000.000000	9880.28   	18000.000000	25015.9   	18000.000000	10193.6   	18000.000000	10958.8   	18000.000000	16480.3
19000.000000	6.1211e+06	19000.000000	7.56715e+06	19000.000000	9.73673e+06	19000.000000	9.79807e+06	19000.000000	10121.5   	19000.000000	26762.1   	19000.000000	10518.5   	19000.000000	11301     	19000.000000	17012.2
20000.000000	6.25604e+06	20000.000000	7.82184e+06	20000.000000	1.021e+07 	20000.000000	1.02738e+07	20000.000000	10354.7   	20000.000000	28535.7   	20000.000000	10839     	20000.000000	11636.5   	20000.000000	17534
21000.000000	6.38277e+06	21000.000000	8.06819e+06	21000.000000	1.06806e+07	21000.000000	1.07469e+07	21000.000000	10580.4   	21000.000000	30335.7   	21000.000000	11155.3   	21000.000000	11966     	21000.000000	18046.6
22000.000000	6.50201e+06	22000.000000	8.30675e+06	22000.000000	1.11487e+07	22000.000000	1.12175e+07	22000.000000	10799.4   	22000.000000	32162.8   	22000.000000	11468     	22000.000000	12290.1   	22000.000000	18551.1
23000.000000	6.61439e+06	23000.000000	8.53801e+06	23000.000000	1.16146e+07	23000.000000	1.16857e+07	23000.000000	11012.2   	23000.000000	34017     	23000.000000	11777.2   	23000.000000	12609.3   	23000.000000	19048.2
24000.000000	6.72047e+06	24000.000000	8.7624e+06	24000.000000	1.20782e+07	24000.000000	1.21516e+07	24000.000000	11219.2   	24000.000000	35896.3   	24000.000000	12083.3   	24000.000000	12924     	24000.000000	19538.6
25000.000000	6.82077e+06	25000.000000	8.98034e+06	25000.000000	1.25398e+07	25000.000000	1.26155e+07	25000.000000	11420.9   	25000.000000	37799.6   	25000.000000	12386.3   	25000.000000	13234.6   	25000.000000	20022.8
26000.000000	6.91573e+06	26000.000000	9.19219e+06	26000.000000	1.29994e+07	26000.000000	1.30774e+07	26000.000000	11617.6   	26000.000000	39726.6   	26000.000000	12686.6   	26000.000000	13541.4   	26000.000000	20501.4
27000.000000	7.00576e+06	27000.000000	9.3983e+06	27000.000000	1.34571e+07	27000.000000	1.35373e+07	27000.000000	11809.6   	27000.000000	41677.6   	27000.000000	12984.2   	27000.000000	13844.8   	27000.000000	20974.8
28000.000000	7.09122e+06	28000.000000	9.59898e+06	28000.000000	1.39131e+07	28000.000000	1.39954e+07	28000.000000	11997.2   	28000.000000	43652.5   	28000.000000	13279.3   	28000.000000	14144.8   	28000.000000	21443.3
29000.000000	7.17246e+06	29000.000000	9.79451e+06	29000.000000	1.43674e+07	29000.000000	1.44518e+07	29000.000000	12180.8   	29000.000000	45650.2   	29000.000000	13571.9   	29000.000000	14441.8   	29000.000000	21907.3
30000.000000	7.24976e+06	30000.000000	9.98516e+06	30000.000000	1.482e+07 	30000.000000	1.49065e+07	30000.000000	12360.5   	30000.000000	47669.5   	30000.000000	13862.1   	30000.000000	14736     	30000.000000	22367.1
32000.000000	7.39361e+06	32000.000000	1.03528e+07	32000.000000	1.57206e+07	32000.000000	1.58112e+07	32000.000000	12709.3   	32000.000000	51771.2   	32000.000000	14435.6   	32000.000000	15316.1   	32000.000000	23274.8
34000.000000	7.52469e+06	34000.000000	1.07036e+07	34000.000000	1.66155e+07	34000.000000	1.671e+07 	34000.000000	13045     	34000.000000	55957.4   	34000.000000	15000.3   	34000.000000	15886.4   	34000.000000	24168.1
36000.000000	7.64458e+06	36000.000000	1.10391e+07	36000.000000	1.75052e+07	36000.000000	1.76033e+07	36000.000000	13369     	36000.000000	60226.2   	36000.000000	15556.4   	36000.000000	16447.6   	36000.000000	25048.2
38000.000000	7.75461e+06	38000.000000	1.13606e+07	38000.000000	1.83899e+07	38000.000000	1.84916e+07	38000.000000	13682.4   	38000.000000	64571.9   	38000.000000	16104.2   	38000.000000	17000.2   	38000.000000	25916
40000.000000	7.8559e+06	40000.000000	1.16692e+07	40000.000000	1.92701e+07	40000.000000	1.93752e+07	40000.000000	13986.1   	40000.000000	68988.3   	40000.000000	16643.9   	40000.000000	17544.8   	40000.000000	26772.4
42000.000000	7.94942e+06	42000.000000	1.19661e+07	42000.000000	2.01461e+07	42000.000000	2.02543e+07	42000.000000	14281     	42000.000000	73472.5   	42000.000000	17175.7   	42000.000000	18081.8   	42000.000000	27617.8
44000.000000	8.036e+06 	44000.000000	1.2252e+07	44000.000000	2.10181e+07	44000.000000	2.11293e+07	44000.000000	14567.8   	44000.000000	78023.5   	44000.000000	17699.8   	44000.000000	18611.5   	44000.000000	28452.9
46000.000000	8.11636e+06	46000.000000	1.25278e+07	46000.000000	2.18863e+07	46000.000000	2.20003e+07	46000.000000	14847     	46000.000000	82641.6   	46000.000000	18216.3   	46000.000000	19134.2   	46000.000000	29278
48000.000000	8.19111e+06	48000.000000	1.27942e+07	48000.000000	2.27509e+07	48000.000000	2.28676e+07	48000.000000	15119.2   	48000.000000	87327     	48000.000000	18725.3   	48000.000000	19650     	48000.000000	30093.4
50000.000000	8.2608e+06	50000.000000	1.30518e+07	50000.000000	2.36123e+07	50000.000000	2.37315e+07	50000.000000	15384.9   	50000.000000	92078.3   	50000.000000	19226.9   	50000.000000	20159.2   	50000.000000	30899.3
