Energy (MeV/u)	0 - [He-base] F.Hubert et al, AD&ND Tables 46(1990)1	1 - [H -base] J.F.Ziegler et al, Pergamon Press, NY (low energy)	2 - ATIMA 1.2  LS-theory (recommended for high energy)	3 - ATIMA 1.2  without LS-correction	4 - Range straggling - method [0] - LISE	5 - Range straggling - method [1] - Atima	6 - Lateral range - method [0] - LISE	7 - Lateral range - method [1] - Atima	8 - Lateral range - method [2] - PDG
0.001000	0.0719592 	0.0719592 	0.0882143 	0.0882143 	-	-	0.000408973	0.000623145	0.000360437
93.633957	10223     	10045.9   	10044.5   	10053.6   	52.6487   	26.1895   	42.5254   	36.9102   	44.3097   
187.266914	33247.4   	32842.6   	32707.7   	32819.4   	164.89    	78.6363   	132.785   	112.352   	141.73    
280.899871	65022.9   	64235.6   	64009.5   	64302.4   	308.541   	146.21    	249.981   	210.834   	273.067   
374.532828	103097    	101875    	101636    	102171    	468.631   	223.632   	382.639   	324.026   	427.035   
468.165785	146026    	144210    	144007    	144832    	636.372   	307.699   	523.729   	446.598   	596.082   
561.798742	192797    	190180    	190013    	191163    	806.442   	396.468   	668.816   	574.985   	775.013   
655.431699	242636    	238996    	238825    	240330    	975.619   	488.596   	815.03    	706.699   	960.112   
749.064655	294934    	290063    	289830    	291713    	1142.06   	583.315   	960.574   	840.039   	1148.78   
842.697612	349208    	342920    	342565    	344840    	1304.74   	679.96    	1104.33   	973.832   	1339.17   
936.330569	405084    	397225    	396679    	399363    	1462.98   	778.153   	1245.56   	1107.22   	1529.94   
1029.963526	462237    	452684    	451890    	454991    	1616.54   	877.606   	1383.82   	1239.61   	1720.1    
1123.596483	520396    	509062    	507972    	511496    	1765.36   	978.156   	1518.9    	1370.59   	1908.96   
1217.229440	579345    	566173    	564748    	568704    	1909.41   	1079.67   	1650.65   	1499.85   	2095.98   
1310.862397	638896    	623863    	622077    	626470    	2048.79   	1182.02   	1779.02   	1627.18   	2280.78   
1404.495354	698886    	681995    	679842    	684674    	2183.72   	1285.07   	1904.08   	1752.48   	2463.15   
1498.128311	759181    	740464    	737953    	743223    	2314.37   	1388.8    	2025.88   	1875.66   	2642.91   
1591.761268	819666    	799177    	796330    	802039    	2440.9    	1493.15   	2144.49   	1996.66   	2819.92   
1685.394225	880239    	858054    	854905    	861057    	2563.52   	1598.09   	2260.03   	2115.5    	2994.13   
1779.027182	940813    	917030    	913632    	920227    	2682.33   	1703.62   	2372.52   	2232.09   	3165.43   
1872.660139	1.00132e+06	976044    	972459    	979496    	2797.72   	1809.64   	2482.25   	2346.6    	3333.98   
1966.293096	1.06169e+06	1.03505e+06	1.03135e+06	1.03883e+06	2909.8    	1916.14   	2589.27   	2459      	3499.73   
2059.926052	1.12184e+06	1.094e+06 	1.09029e+06	1.09821e+06	3018.39   	2023.15   	2693.4    	2569.11   	3662.41   
2153.559009	1.18178e+06	1.15286e+06	1.14924e+06	1.15759e+06	3124.31   	2130.62   	2795.29   	2677.41   	3822.65   
2247.191966	1.24143e+06	1.21161e+06	1.20817e+06	1.21697e+06	3227.42   	2238.61   	2894.82   	2783.75   	3980.22   
2340.824923	1.30078e+06	1.27021e+06	1.26709e+06	1.27632e+06	3327.86   	2347.11   	2992.07   	2888.18   	4135.19   
2434.457880	1.35978e+06	1.32865e+06	1.32596e+06	1.33562e+06	3425.75   	2456.13   	3087.15   	2990.75   	4287.62   
2528.090837	1.41841e+06	1.38689e+06	1.38477e+06	1.39487e+06	3521.23   	2565.64   	3180.14   	3091.52   	4437.57   
2621.723794	1.47665e+06	1.44494e+06	1.44352e+06	1.45404e+06	3614.39   	2675.62   	3271.15   	3190.52   	4585.08   
2715.356751	1.53448e+06	1.50276e+06	1.50219e+06	1.51314e+06	3705.34   	2786.04   	3360.24   	3287.82   	4730.22   
2808.989708	1.59188e+06	1.56034e+06	1.56077e+06	1.57215e+06	3794.19   	2896.9    	3447.5    	3383.46   	4873.06   
2902.622665	1.64884e+06	1.61768e+06	1.61926e+06	1.63106e+06	3881.03   	3008.21   	3533      	3477.5    	5013.65   
2996.255622	1.70532e+06	1.67476e+06	1.67765e+06	1.68987e+06	3965.89   	3119.99   	3616.76   	3569.92   	5151.99   
3089.888579	1.76108e+06	1.73142e+06	1.73588e+06	1.74852e+06	4048.01   	3232.46   	3698.09   	3660.05   	5287.1    
3183.521536	1.81682e+06	1.78807e+06	1.7941e+06	1.80716e+06	4130.01   	3344.96   	3779.32   	3750.09   	5422.09   
3277.154493	1.8717e+06	1.84422e+06	1.85214e+06	1.86561e+06	4209.11   	3458.25   	3857.96   	3837.66   	5553.58   
3370.787449	1.9264e+06	1.90027e+06	1.91013e+06	1.92402e+06	4287.59   	3571.71   	3936.05   	3924.69   	5684.34   
3464.420406	1.98039e+06	1.95589e+06	1.96796e+06	1.98226e+06	4363.88   	3685.84   	4012.17   	4009.8    	5812.36   
3558.053363	2.03405e+06	2.01132e+06	2.02571e+06	2.04042e+06	4439.17   	3800.26   	4087.39   	4094.04   	5939.15   
3651.686320	2.08712e+06	2.0664e+06	2.08333e+06	2.09845e+06	4512.84   	3915.22   	4161.16   	4176.84   	6063.89   
3745.319277	2.13972e+06	2.1212e+06	2.14084e+06	2.15637e+06	4585.21   	4030.61   	4233.74   	4258.46   	6186.96   
3838.952234	2.19188e+06	2.17574e+06	2.19826e+06	2.21418e+06	4656.47   	4146.39   	4305.33   	4339.07   	6308.58   
3932.585191	2.24343e+06	2.2299e+06	2.25552e+06	2.27185e+06	4726.16   	4262.73   	4375.49   	4418.26   	6428.16   
4026.218148	2.29468e+06	2.28388e+06	2.31273e+06	2.32946e+06	4795.17   	4379.34   	4445.03   	4496.8    	6546.83   
4119.851105	2.34517e+06	2.3374e+06	2.36975e+06	2.38688e+06	4862.4    	4496.63   	4512.97   	4573.7    	6663.14   
4213.484062	2.39552e+06	2.39083e+06	2.42675e+06	2.44427e+06	4929.31   	4614.06   	4580.6    	4650.28   	6779.01   
4307.117019	2.44497e+06	2.4437e+06	2.48353e+06	2.50145e+06	4994.28   	4732.3    	4646.47   	4725.04   	6892.24   
4400.749976	2.49442e+06	2.49658e+06	2.54032e+06	2.55863e+06	5059.23   	4850.54   	4712.33   	4799.78   	7005.46   
4494.382933	2.54284e+06	2.54881e+06	2.59687e+06	2.61557e+06	5122.11   	4969.72   	4776.29   	4872.52   	7115.8    
4588.015890	2.59127e+06	2.60105e+06	2.65342e+06	2.67251e+06	5184.98   	5088.91   	4840.25   	4945.27   	7226.14   
4681.648846	2.63882e+06	2.65274e+06	2.70977e+06	2.72924e+06	5246.15   	5208.91   	4902.66   	5016.37   	7334.11   
4775.281803	2.68623e+06	2.70434e+06	2.76608e+06	2.78594e+06	5307.08   	5329.03   	4964.85   	5087.23   	7441.73   
4868.914760	2.73292e+06	2.75548e+06	2.82224e+06	2.84248e+06	5366.68   	5449.83   	5025.82   	5156.78   	7547.45   
4962.547717	2.77934e+06	2.80646e+06	2.87833e+06	2.89895e+06	5425.79   	5570.88   	5086.36   	5225.86   	7652.5    
5056.180674	2.82511e+06	2.85701e+06	2.93427e+06	2.95527e+06	5483.78   	5692.56   	5145.87   	5293.82   	7755.92   
5149.813631	2.87044e+06	2.90729e+06	2.99011e+06	3.01148e+06	5541.01   	5814.66   	5204.69   	5361.03   	7858.26   
5243.446588	2.91578e+06	2.95757e+06	3.04594e+06	3.0677e+06	5598.24   	5936.76   	5263.51   	5428.24   	7960.6    
5337.079545	2.96001e+06	3.00714e+06	3.10153e+06	3.12366e+06	5653.67   	6059.92   	5320.69   	5493.65   	8060.31   
5430.712502	3.00416e+06	3.05665e+06	3.1571e+06	3.17961e+06	5708.96   	6183.17   	5377.75   	5558.92   	8159.82   
5524.345459	3.04786e+06	3.10588e+06	3.21257e+06	3.23544e+06	5763.57   	6306.86   	5434.2    	5623.5    	8258.33   
5617.978416	3.09031e+06	3.15428e+06	3.26775e+06	3.29099e+06	5816.25   	6431.81   	5488.9    	5686.12   	8353.97   
5711.611373	3.13276e+06	3.20268e+06	3.32293e+06	3.34654e+06	5868.93   	6556.77   	5543.59   	5748.74   	8449.62   
5805.244330	3.1752e+06	3.25108e+06	3.37811e+06	3.40208e+06	5921.6    	6681.72   	5598.29   	5811.36   	8545.27   
5898.877287	3.21765e+06	3.29948e+06	3.43329e+06	3.45763e+06	5974.28   	6806.68   	5652.98   	5873.98   	8640.91   
5992.510243	3.26009e+06	3.34788e+06	3.48847e+06	3.51318e+06	6026.96   	6931.63   	5707.68   	5936.6    	8736.56   
6086.143200	3.30055e+06	3.39496e+06	3.54319e+06	3.56826e+06	6076.8    	7058.65   	5759.83   	5996.32   	8827.96   
6179.776157	3.34084e+06	3.44193e+06	3.59788e+06	3.62331e+06	6126.4    	7185.84   	5811.77   	6055.78   	8918.99   
6273.409114	3.38113e+06	3.4889e+06	3.65256e+06	3.67835e+06	6176      	7313.04   	5863.7    	6115.25   	9010.02   
6367.042071	3.42142e+06	3.53586e+06	3.70725e+06	3.7334e+06	6225.6    	7440.23   	5915.63   	6174.71   	9101.04   
6460.675028	3.4617e+06	3.58283e+06	3.76194e+06	3.78845e+06	6275.2    	7567.43   	5967.57   	6234.18   	9192.07   
6554.307985	3.50082e+06	3.629e+06 	3.81636e+06	3.84322e+06	6323.25   	7695.89   	6018.12   	6292.04   	9280.74   
6647.940942	3.53909e+06	3.6746e+06	3.87058e+06	3.8978e+06	6370.18   	7825.28   	6067.68   	6348.73   	9367.71   
6741.573899	3.57736e+06	3.72021e+06	3.9248e+06	3.95238e+06	6417.11   	7954.67   	6117.24   	6405.43   	9454.67   
6835.206856	3.61562e+06	3.76581e+06	3.97903e+06	4.00695e+06	6464.03   	8084.06   	6166.8    	6462.13   	9541.63   
6928.839813	3.65389e+06	3.81141e+06	4.03325e+06	4.06153e+06	6510.96   	8213.45   	6216.36   	6518.83   	9628.6    
7022.472770	3.69171e+06	3.85669e+06	4.08737e+06	4.116e+06 	6557.33   	8343.36   	6265.43   	6574.94   	9714.7    
7116.105727	3.72809e+06	3.90099e+06	4.14116e+06	4.17014e+06	6601.91   	8474.9    	6312.94   	6629.2    	9798.07   
7209.738684	3.76447e+06	3.94529e+06	4.19496e+06	4.22428e+06	6646.5    	8606.45   	6360.45   	6683.46   	9881.43   
7303.371640	3.80085e+06	3.98959e+06	4.24875e+06	4.27841e+06	6691.09   	8737.99   	6407.96   	6737.72   	9964.8    
7397.004597	3.83723e+06	4.03389e+06	4.30254e+06	4.33255e+06	6735.68   	8869.53   	6455.47   	6791.98   	10048.2   
7490.637554	3.87361e+06	4.07819e+06	4.35633e+06	4.38669e+06	6780.27   	9001.08   	6502.98   	6846.24   	10131.5   
7584.270511	3.9084e+06	4.12137e+06	4.40976e+06	4.44046e+06	6822.99   	9134.53   	6548.88   	6898.55   	10212     
7677.903468	3.94301e+06	4.16443e+06	4.46315e+06	4.49418e+06	6865.51   	9268.19   	6594.6    	6950.65   	10292.2   
7771.536425	3.97763e+06	4.20749e+06	4.51653e+06	4.54791e+06	6908.03   	9401.86   	6640.33   	7002.74   	10372.3   
7865.169382	4.01225e+06	4.25055e+06	4.56992e+06	4.60164e+06	6950.55   	9535.52   	6686.05   	7054.84   	10452.5   
7958.802339	4.04686e+06	4.29361e+06	4.62331e+06	4.65536e+06	6993.07   	9669.18   	6731.77   	7106.94   	10532.7   
8052.435296	4.08056e+06	4.33601e+06	4.67648e+06	4.70887e+06	7034.55   	9804      	6776.62   	7157.95   	10611.2   
8146.068253	4.11353e+06	4.3779e+06	4.72949e+06	4.76221e+06	7075.23   	9939.72   	6820.78   	7208.12   	10688.5   
8239.701210	4.1465e+06	4.41978e+06	4.78249e+06	4.81555e+06	7115.9    	10075.4   	6864.93   	7258.28   	10765.8   
8333.334167	4.17947e+06	4.46166e+06	4.8355e+06	4.86889e+06	7156.58   	10211.2   	6909.09   	7308.45   	10843.1   
8426.967124	4.21244e+06	4.50355e+06	4.8885e+06	4.92223e+06	7197.25   	10346.9   	6953.25   	7358.62   	10920.5   
8520.600081	4.24507e+06	4.54519e+06	4.94143e+06	4.97549e+06	7237.56   	10483.1   	6997.1    	7408.4    	10997.2   
8614.233037	4.2765e+06	4.58595e+06	4.99407e+06	5.02846e+06	7276.58   	10620.7   	7039.87   	7456.84   	11071.9   
8707.865994	4.30793e+06	4.62672e+06	5.04672e+06	5.08144e+06	7315.59   	10758.4   	7082.65   	7505.28   	11146.6   
8801.498951	4.33936e+06	4.66748e+06	5.09937e+06	5.13441e+06	7354.61   	10896.1   	7125.43   	7553.71   	11221.4   
8895.131908	4.37079e+06	4.70825e+06	5.15201e+06	5.18739e+06	7393.63   	11033.8   	7168.2    	7602.15   	11296.1   
8988.764865	4.40222e+06	4.74901e+06	5.20466e+06	5.24036e+06	7432.64   	11171.5   	7210.98   	7650.59   	11370.8   
9082.397822	4.43239e+06	4.78884e+06	5.257e+06 	5.29303e+06	7470.34   	11310.9   	7252.68   	7697.66   	11443.5   
9176.030779	4.46239e+06	4.82854e+06	5.30931e+06	5.34567e+06	7507.87   	11450.5   	7294.24   	7744.54   	11515.9   
9269.663736	4.49238e+06	4.86825e+06	5.36162e+06	5.3983e+06	7545.39   	11590.2   	7335.79   	7791.42   	11588.3   
9363.296693	4.52237e+06	4.90795e+06	5.41393e+06	5.45093e+06	7582.91   	11729.8   	7377.35   	7838.31   	11660.7   
9456.929650	4.55237e+06	4.94765e+06	5.46623e+06	5.50356e+06	7620.44   	11869.4   	7418.9    	7885.19   	11733.2   
9550.562607	4.58164e+06	4.98681e+06	5.51837e+06	5.55602e+06	7657.23   	12010.1   	7459.87   	7931.32   	11804.4   
9644.195564	4.61029e+06	5.0255e+06	5.57036e+06	5.60833e+06	7693.4    	12151.7   	7500.34   	7976.8    	11874.7   
9737.828521	4.63894e+06	5.06419e+06	5.62234e+06	5.66063e+06	7729.57   	12293.3   	7540.81   	8022.28   	11945.1   
9831.461478	4.66759e+06	5.10288e+06	5.67433e+06	5.71294e+06	7765.74   	12434.8   	7581.28   	8067.76   	12015.4   
9925.094434	4.69624e+06	5.14157e+06	5.72632e+06	5.76525e+06	7801.91   	12576.4   	7621.75   	8113.25   	12085.7   
10018.727391	4.72452e+06	5.17998e+06	5.77822e+06	5.81747e+06	7837.72   	12718.5   	7661.94   	8158.36   	12155.5   
10112.360348	4.75132e+06	5.21725e+06	5.82977e+06	5.86932e+06	7872.09   	12863     	7701.01   	8202      	12223     
10205.993305	4.77812e+06	5.25452e+06	5.88131e+06	5.92118e+06	7906.46   	13007.4   	7740.08   	8245.63   	12290.6   
10299.626262	4.80492e+06	5.29179e+06	5.93286e+06	5.97304e+06	7940.83   	13151.9   	7779.15   	8289.27   	12358.1   
10393.259219	4.83172e+06	5.32906e+06	5.9844e+06	6.02489e+06	7975.2    	13296.3   	7818.22   	8332.91   	12425.6   
10486.892176	4.85853e+06	5.36633e+06	6.03595e+06	6.07675e+06	8009.57   	13440.7   	7857.29   	8376.54   	12493.2   
10580.525133	4.88533e+06	5.4036e+06	6.0875e+06	6.12861e+06	8043.94   	13585.2   	7896.36   	8420.18   	12560.7   
10674.158090	4.91213e+06	5.44087e+06	6.13904e+06	6.18046e+06	8078.32   	13729.6   	7935.42   	8463.82   	12628.3   
10767.791047	4.93893e+06	5.47814e+06	6.19059e+06	6.23232e+06	8112.69   	13874.1   	7974.49   	8507.45   	12695.8   
10861.424004	4.96573e+06	5.51541e+06	6.24213e+06	6.28418e+06	8147.06   	14018.5   	8013.56   	8551.09   	12763.4   
10955.056961	4.99254e+06	5.55268e+06	6.29368e+06	6.33603e+06	8181.43   	14162.9   	8052.63   	8594.73   	12830.9   
11048.689918	5.01819e+06	5.58904e+06	6.34494e+06	6.3876e+06	8214.71   	14309.3   	8090.88   	8637.27   	12896.8   
11142.322875	5.04277e+06	5.62456e+06	6.39594e+06	6.43891e+06	8247      	14457.3   	8128.39   	8678.79   	12961.2   
11235.955831	5.06736e+06	5.66008e+06	6.44694e+06	6.49021e+06	8279.28   	14605.3   	8165.89   	8720.32   	13025.6   
11329.588788	5.09195e+06	5.6956e+06	6.49795e+06	6.54152e+06	8311.56   	14753.4   	8203.39   	8761.85   	13089.9   
11423.221745	5.11653e+06	5.73112e+06	6.54895e+06	6.59282e+06	8343.85   	14901.4   	8240.89   	8803.38   	13154.3   
11516.854702	5.14112e+06	5.76664e+06	6.59995e+06	6.64413e+06	8376.13   	15049.5   	8278.39   	8844.9    	13218.7   
11610.487659	5.16571e+06	5.80216e+06	6.65095e+06	6.69543e+06	8408.41   	15197.5   	8315.89   	8886.43   	13283.1   
11704.120616	5.19029e+06	5.83768e+06	6.70195e+06	6.74674e+06	8440.7    	15345.5   	8353.39   	8927.96   	13347.4   
11797.753573	5.21488e+06	5.8732e+06	6.75295e+06	6.79804e+06	8472.98   	15493.6   	8390.9    	8969.49   	13411.8   
11891.386530	5.23947e+06	5.90872e+06	6.80396e+06	6.84935e+06	8505.26   	15641.6   	8428.4    	9011.01   	13476.2   
11985.019487	5.26405e+06	5.94424e+06	6.85496e+06	6.90065e+06	8537.55   	15789.6   	8465.9    	9052.54   	13540.6   
12078.652444	5.287e+06 	5.97842e+06	6.90555e+06	6.95154e+06	8568.33   	15940.5   	8502.32   	9092.58   	13602.7   
12172.285401	5.30963e+06	6.01235e+06	6.95605e+06	7.00234e+06	8598.82   	16092     	8538.54   	9132.34   	13664.4   
12265.918358	5.33226e+06	6.04628e+06	7.00656e+06	7.05315e+06	8629.32   	16243.4   	8574.76   	9172.1    	13726.1   
12359.551315	5.35489e+06	6.08021e+06	7.05707e+06	7.10395e+06	8659.81   	16394.9   	8610.98   	9211.86   	13787.8   
12453.184272	5.37752e+06	6.11413e+06	7.10758e+06	7.15476e+06	8690.31   	16546.3   	8647.19   	9251.62   	13849.5   
12546.817228	5.40015e+06	6.14806e+06	7.15809e+06	7.20556e+06	8720.8    	16697.7   	8683.41   	9291.38   	13911.2   
12640.450185	5.42278e+06	6.18199e+06	7.20859e+06	7.25637e+06	8751.3    	16849.2   	8719.63   	9331.14   	13972.9   
12734.083142	5.44542e+06	6.21591e+06	7.2591e+06	7.30717e+06	8781.79   	17000.6   	8755.85   	9370.89   	14034.6   
12827.716099	5.46805e+06	6.24984e+06	7.30961e+06	7.35798e+06	8812.29   	17152     	8792.07   	9410.65   	14096.3   
12921.349056	5.49068e+06	6.28377e+06	7.36012e+06	7.40879e+06	8842.78   	17303.5   	8828.29   	9450.41   	14158     
13014.982013	5.51303e+06	6.31746e+06	7.41056e+06	7.45952e+06	8873.03   	17455.4   	8864.33   	9489.93   	14219.4   
13108.614970	5.53393e+06	6.34993e+06	7.46062e+06	7.50987e+06	8901.98   	17610.2   	8899.49   	9528.19   	14278.8   
13202.247927	5.55483e+06	6.3824e+06	7.51067e+06	7.56022e+06	8930.93   	17765     	8934.65   	9566.46   	14338.3   
13295.880884	5.57572e+06	6.41488e+06	7.56073e+06	7.61057e+06	8959.88   	17919.8   	8969.8    	9604.72   	14397.7   
13389.513841	5.59662e+06	6.44735e+06	7.61079e+06	7.66092e+06	8988.82   	18074.5   	9004.96   	9642.98   	14457.1   
13483.146798	5.61752e+06	6.47982e+06	7.66085e+06	7.71127e+06	9017.77   	18229.3   	9040.12   	9681.24   	14516.6   
13576.779755	5.63842e+06	6.51229e+06	7.71091e+06	7.76162e+06	9046.72   	18384.1   	9075.27   	9719.51   	14576     
13670.412712	5.65931e+06	6.54476e+06	7.76097e+06	7.81197e+06	9075.67   	18538.9   	9110.43   	9757.77   	14635.5   
13764.045669	5.68021e+06	6.57723e+06	7.81103e+06	7.86232e+06	9104.62   	18693.6   	9145.58   	9796.03   	14694.9   
13857.678625	5.70111e+06	6.6097e+06	7.86109e+06	7.91267e+06	9133.57   	18848.4   	9180.74   	9834.29   	14754.3   
13951.311582	5.72201e+06	6.64217e+06	7.91115e+06	7.96302e+06	9162.52   	19003.2   	9215.9    	9872.56   	14813.8   
14044.944539	5.74216e+06	6.674e+06 	7.96102e+06	8.01317e+06	9190.81   	19159.5   	9250.62   	9910.21   	14872.3   
14138.577496	5.76152e+06	6.70514e+06	8.01067e+06	8.0631e+06	9218.41   	19317.6   	9284.89   	9947.19   	14929.8   
14232.210453	5.78087e+06	6.73627e+06	8.06032e+06	8.11304e+06	9246.01   	19475.7   	9319.16   	9984.18   	14987.3   
14325.843410	5.80022e+06	6.76741e+06	8.10997e+06	8.16297e+06	9273.6    	19633.8   	9353.42   	10021.2   	15044.8   
14419.476367	5.81958e+06	6.79854e+06	8.15962e+06	8.2129e+06	9301.2    	19791.8   	9387.69   	10058.2   	15102.3   
14513.109324	5.83893e+06	6.82968e+06	8.20927e+06	8.26284e+06	9328.8    	19949.9   	9421.96   	10095.1   	15159.8   
14606.742281	5.85828e+06	6.86081e+06	8.25892e+06	8.31277e+06	9356.39   	20108     	9456.22   	10132.1   	15217.3   
14700.375238	5.87764e+06	6.89195e+06	8.30857e+06	8.3627e+06	9383.99   	20266.1   	9490.49   	10169.1   	15274.8   
14794.008195	5.89699e+06	6.92308e+06	8.35822e+06	8.41264e+06	9411.59   	20424.1   	9524.76   	10206.1   	15332.3   
14887.641152	5.91634e+06	6.95422e+06	8.40787e+06	8.46257e+06	9439.18   	20582.2   	9559.02   	10243.1   	15389.8   
14981.274109	5.9357e+06	6.98535e+06	8.45752e+06	8.5125e+06	9466.78   	20740.3   	9593.29   	10280.1   	15447.3   
15074.907066	5.95395e+06	7.01551e+06	8.50687e+06	8.56213e+06	9493.42   	20900.9   	9626.95   	10316.2   	15503.5   
15168.540022	5.97192e+06	7.04541e+06	8.55614e+06	8.61168e+06	9519.82   	21062.2   	9660.46   	10352.1   	15559.3   
15262.172979	5.98989e+06	7.07532e+06	8.60542e+06	8.66123e+06	9546.23   	21223.5   	9693.98   	10387.9   	15615.1   
15355.805936	6.00787e+06	7.10523e+06	8.65469e+06	8.71078e+06	9572.63   	21384.8   	9727.49   	10423.8   	15671     
15449.438893	6.02584e+06	7.13513e+06	8.70397e+06	8.76033e+06	9599.03   	21546.1   	9761      	10459.7   	15726.8   
15543.071850	6.04381e+06	7.16504e+06	8.75324e+06	8.80988e+06	9625.43   	21707.4   	9794.51   	10495.6   	15782.7   
15636.704807	6.06178e+06	7.19495e+06	8.80251e+06	8.85943e+06	9651.84   	21868.6   	9828.02   	10531.5   	15838.5   
15730.337764	6.07976e+06	7.22485e+06	8.85179e+06	8.90898e+06	9678.24   	22029.9   	9861.54   	10567.4   	15894.3   
15823.970721	6.09773e+06	7.25476e+06	8.90106e+06	8.95853e+06	9704.64   	22191.2   	9895.05   	10603.3   	15950.2   
15917.603678	6.1157e+06	7.28467e+06	8.95034e+06	9.00808e+06	9731.04   	22352.5   	9928.56   	10639.2   	16006     
16011.236635	6.13353e+06	7.31444e+06	8.99957e+06	9.05758e+06	9757.32   	22514.1   	9961.99   	10674.9   	16061.6   
16104.869592	6.15026e+06	7.34321e+06	9.0485e+06	9.10678e+06	9782.65   	22678.5   	9994.86   	10709.9   	16116     
16198.502549	6.167e+06 	7.37198e+06	9.09742e+06	9.15597e+06	9807.99   	22842.9   	10027.7   	10744.8   	16170.4   
16292.135506	6.18373e+06	7.40075e+06	9.14635e+06	9.20517e+06	9833.33   	23007.2   	10060.6   	10779.7   	16224.8   
16385.768463	6.20046e+06	7.42953e+06	9.19527e+06	9.25436e+06	9858.67   	23171.6   	10093.4   	10814.6   	16279.2   
16479.401419	6.2172e+06	7.4583e+06	9.2442e+06	9.30355e+06	9884      	23335.9   	10126.3   	10849.6   	16333.6   
16573.034376	6.23393e+06	7.48707e+06	9.29313e+06	9.35275e+06	9909.34   	23500.3   	10159.2   	10884.5   	16387.9   
16666.667333	6.25066e+06	7.51585e+06	9.34205e+06	9.40194e+06	9934.68   	23664.7   	10192     	10919.4   	16442.3   
16760.300290	6.2674e+06	7.54462e+06	9.39098e+06	9.45114e+06	9960.01   	23829     	10224.9   	10954.4   	16496.7   
16853.933247	6.28413e+06	7.57339e+06	9.4399e+06	9.50033e+06	9985.35   	23993.4   	10257.8   	10989.3   	16551.1   
16947.566204	6.30087e+06	7.60216e+06	9.48883e+06	9.54953e+06	10010.7   	24157.7   	10290.6   	11024.2   	16605.5   
17041.199161	6.31711e+06	7.63047e+06	9.53761e+06	9.59858e+06	10035.6   	24323.4   	10323.2   	11058.8   	16659.3   
17134.832118	6.33273e+06	7.6582e+06	9.58622e+06	9.64744e+06	10060     	24490.7   	10355.5   	11092.9   	16712.4   
17228.465075	6.34834e+06	7.68592e+06	9.63482e+06	9.69631e+06	10084.4   	24658     	10387.8   	11127     	16765.5   
17322.098032	6.36396e+06	7.71364e+06	9.68342e+06	9.74517e+06	10108.7   	24825.3   	10420.1   	11161.1   	16818.6   
17415.730989	6.37958e+06	7.74137e+06	9.73202e+06	9.79404e+06	10133.1   	24992.6   	10452.4   	11195.2   	16871.7   
17509.363946	6.3952e+06	7.76909e+06	9.78063e+06	9.8429e+06	10157.5   	25159.9   	10484.7   	11229.3   	16924.8   
17602.996903	6.41081e+06	7.79681e+06	9.82923e+06	9.89176e+06	10181.9   	25327.2   	10517     	11263.4   	16977.9   
17696.629860	6.42643e+06	7.82453e+06	9.87783e+06	9.94063e+06	10206.3   	25494.5   	10549.3   	11297.5   	17031     
17790.262816	6.44205e+06	7.85226e+06	9.92643e+06	9.98949e+06	10230.6   	25661.8   	10581.6   	11331.5   	17084.1   
17883.895773	6.45766e+06	7.87998e+06	9.97503e+06	1.00384e+07	10255     	25829.1   	10613.9   	11365.6   	17137.3   
17977.528730	6.47328e+06	7.9077e+06	1.00236e+07	1.00872e+07	10279.4   	25996.4   	10646.2   	11399.7   	17190.4   
18071.161687	6.48813e+06	7.93469e+06	1.0072e+07	1.01359e+07	10303.1   	26165.8   	10678.1   	11433.3   	17242.6   
18164.794644	6.50274e+06	7.96143e+06	1.01203e+07	1.01844e+07	10326.6   	26335.9   	10709.9   	11466.6   	17294.6   
18258.427601	6.51735e+06	7.98818e+06	1.01686e+07	1.0233e+07	10350.2   	26506     	10741.7   	11500     	17346.6   
18352.060558	6.53196e+06	8.01493e+06	1.02169e+07	1.02815e+07	10373.7   	26676.1   	10773.5   	11533.3   	17398.6   
18445.693515	6.54656e+06	8.04168e+06	1.02652e+07	1.03301e+07	10397.2   	26846.2   	10805.3   	11566.7   	17450.6   
18539.326472	6.56117e+06	8.06843e+06	1.03135e+07	1.03786e+07	10420.7   	27016.3   	10837.1   	11600.1   	17502.5   
18632.959429	6.57578e+06	8.09518e+06	1.03618e+07	1.04272e+07	10444.2   	27186.4   	10869     	11633.4   	17554.5   
18726.592386	6.59039e+06	8.12193e+06	1.04101e+07	1.04758e+07	10467.7   	27356.5   	10900.8   	11666.8   	17606.5   
18820.225343	6.60499e+06	8.14868e+06	1.04584e+07	1.05243e+07	10491.2   	27526.7   	10932.6   	11700.1   	17658.5   
18913.858300	6.6196e+06	8.17542e+06	1.05067e+07	1.05729e+07	10514.8   	27696.8   	10964.4   	11733.5   	17710.5   
19007.491257	6.63414e+06	8.2021e+06	1.0555e+07	1.06214e+07	10538.2   	27867.1   	10996.1   	11766.8   	17762.4   
19101.124213	6.64783e+06	8.22794e+06	1.0603e+07	1.06697e+07	10560.9   	28039.9   	11027.5   	11799.5   	17813.4   
19194.757170	6.66152e+06	8.25378e+06	1.0651e+07	1.07179e+07	10583.7   	28212.7   	11058.8   	11832.2   	17864.4   
19288.390127	6.67521e+06	8.27963e+06	1.0699e+07	1.07662e+07	10606.4   	28385.5   	11090.2   	11864.9   	17915.4   
19382.023084	6.68891e+06	8.30547e+06	1.07471e+07	1.08145e+07	10629.1   	28558.3   	11121.6   	11897.6   	17966.4   
19475.656041	6.7026e+06	8.33131e+06	1.07951e+07	1.08628e+07	10651.8   	28731.1   	11152.9   	11930.3   	18017.4   
19569.288998	6.71629e+06	8.35715e+06	1.08431e+07	1.0911e+07	10674.6   	28903.9   	11184.3   	11963     	18068.3   
19662.921955	6.72998e+06	8.38299e+06	1.08911e+07	1.09593e+07	10697.3   	29076.7   	11215.6   	11995.7   	18119.3   
19756.554912	6.74367e+06	8.40884e+06	1.09391e+07	1.10076e+07	10720     	29249.5   	11247     	12028.4   	18170.3   
19850.187869	6.75737e+06	8.43468e+06	1.09871e+07	1.10558e+07	10742.7   	29422.3   	11278.4   	12061.1   	18221.3   
19943.820826	6.77106e+06	8.46052e+06	1.10352e+07	1.11041e+07	10765.5   	29595.2   	11309.7   	12093.8   	18272.3   
20037.453783	6.78442e+06	8.48602e+06	1.10831e+07	1.11523e+07	10787.9   	29769     	11340.9   	12126.3   	18323     
20131.086740	6.79727e+06	8.51102e+06	1.11308e+07	1.12003e+07	10809.9   	29944.4   	11371.9   	12158.4   	18373.1   
20224.719697	6.81013e+06	8.53602e+06	1.11786e+07	1.12483e+07	10831.9   	30119.9   	11402.8   	12190.5   	18423.2   
20318.352654	6.82299e+06	8.56101e+06	1.12263e+07	1.12963e+07	10853.9   	30295.3   	11433.8   	12222.6   	18473.3   
20411.985610	6.83585e+06	8.58601e+06	1.12741e+07	1.13443e+07	10875.9   	30470.7   	11464.8   	12254.7   	18523.4   
20505.618567	6.84871e+06	8.611e+06 	1.13218e+07	1.13923e+07	10897.9   	30646.1   	11495.7   	12286.8   	18573.5   
20599.251524	6.86157e+06	8.636e+06 	1.13696e+07	1.14403e+07	10919.9   	30821.6   	11526.7   	12319     	18623.6   
20692.884481	6.87443e+06	8.661e+06 	1.14173e+07	1.14883e+07	10942     	30997     	11557.6   	12351.1   	18673.7   
20786.517438	6.88729e+06	8.68599e+06	1.14651e+07	1.15363e+07	10964     	31172.4   	11588.6   	12383.2   	18723.8   
20880.150395	6.90014e+06	8.71099e+06	1.15128e+07	1.15843e+07	10986     	31347.8   	11619.6   	12415.3   	18773.9   
20973.783352	6.913e+06 	8.73598e+06	1.15606e+07	1.16323e+07	11008     	31523.3   	11650.5   	12447.4   	18824     
21067.416309	6.92531e+06	8.76041e+06	1.16081e+07	1.16801e+07	11029.5   	31700.6   	11681.2   	12479.2   	18873.5   
21161.049266	6.93741e+06	8.78462e+06	1.16556e+07	1.17278e+07	11050.9   	31878.7   	11711.8   	12510.7   	18922.8   
21254.682223	6.94951e+06	8.80882e+06	1.17031e+07	1.17756e+07	11072.2   	32056.8   	11742.4   	12542.3   	18972.1   
21348.315180	6.96161e+06	8.83303e+06	1.17506e+07	1.18233e+07	11093.5   	32234.8   	11773     	12573.9   	19021.4   
21441.948137	6.97371e+06	8.85723e+06	1.17981e+07	1.18711e+07	11114.9   	32412.9   	11803.6   	12605.5   	19070.7   
21535.581094	6.98581e+06	8.88144e+06	1.18457e+07	1.19188e+07	11136.2   	32591     	11834.2   	12637.1   	19120     
21629.214051	6.9979e+06	8.90564e+06	1.18932e+07	1.19666e+07	11157.6   	32769     	11864.8   	12668.7   	19169.3   
21722.847007	7.01e+06  	8.92985e+06	1.19407e+07	1.20143e+07	11178.9   	32947.1   	11895.4   	12700.3   	19218.6   
21816.479964	7.0221e+06	8.95405e+06	1.19882e+07	1.20621e+07	11200.3   	33125.2   	11926     	12731.9   	19267.9   
21910.112921	7.0342e+06	8.97826e+06	1.20357e+07	1.21098e+07	11221.6   	33303.3   	11956.6   	12763.5   	19317.2   
22003.745878	7.04627e+06	9.00243e+06	1.20831e+07	1.21575e+07	11243     	33481.4   	11987.2   	12795     	19366.5   
22097.378835	7.05767e+06	9.0259e+06	1.21304e+07	1.2205e+07	11263.7   	33662.1   	12017.4   	12826.1   	19415.1   
22191.011792	7.06907e+06	9.04936e+06	1.21777e+07	1.22525e+07	11284.4   	33842.8   	12047.7   	12857.2   	19463.7   
22284.644749	7.08048e+06	9.07282e+06	1.2225e+07	1.23001e+07	11305.2   	34023.5   	12078     	12888.4   	19512.2   
22378.277706	7.09188e+06	9.09629e+06	1.22722e+07	1.23476e+07	11325.9   	34204.2   	12108.2   	12919.5   	19560.8   
22471.910663	7.10328e+06	9.11975e+06	1.23195e+07	1.23951e+07	11346.7   	34384.9   	12138.5   	12950.6   	19609.4   
22565.543620	7.11468e+06	9.14321e+06	1.23668e+07	1.24426e+07	11367.4   	34565.5   	12168.7   	12981.7   	19658     
22659.176577	7.12608e+06	9.16668e+06	1.2414e+07	1.24901e+07	11388.1   	34746.2   	12199     	13012.8   	19706.6   
22752.809534	7.13749e+06	9.19014e+06	1.24613e+07	1.25376e+07	11408.9   	34926.9   	12229.3   	13043.9   	19755.1   
22846.442491	7.14889e+06	9.21361e+06	1.25086e+07	1.25851e+07	11429.6   	35107.6   	12259.5   	13075     	19803.7   
22940.075448	7.16029e+06	9.23707e+06	1.25558e+07	1.26326e+07	11450.4   	35288.3   	12289.8   	13106.1   	19852.3   
23033.708404	7.17146e+06	9.26028e+06	1.2603e+07	1.268e+07 	11470.9   	35469.8   	12319.9   	13137.1   	19900.7   
23127.341361	7.18223e+06	9.28305e+06	1.26501e+07	1.27273e+07	11491.1   	35653     	12349.9   	13167.8   	19948.6   
23220.974318	7.19299e+06	9.30582e+06	1.26971e+07	1.27746e+07	11511.3   	35836.1   	12379.8   	13198.4   	19996.5   
23314.607275	7.20375e+06	9.32859e+06	1.27441e+07	1.28219e+07	11531.4   	36019.2   	12409.8   	13229.1   	20044.4   
23408.240232	7.21452e+06	9.35135e+06	1.27912e+07	1.28691e+07	11551.6   	36202.4   	12439.8   	13259.8   	20092.3   
23501.873189	7.22528e+06	9.37412e+06	1.28382e+07	1.29164e+07	11571.8   	36385.5   	12469.7   	13290.5   	20140.3   
23595.506146	7.23605e+06	9.39689e+06	1.28853e+07	1.29637e+07	11592     	36568.6   	12499.7   	13321.1   	20188.2   
23689.139103	7.24681e+06	9.41966e+06	1.29323e+07	1.3011e+07	11612.2   	36751.7   	12529.6   	13351.8   	20236.1   
23782.772060	7.25757e+06	9.44243e+06	1.29794e+07	1.30583e+07	11632.3   	36934.9   	12559.6   	13382.5   	20284     
23876.405017	7.26834e+06	9.46519e+06	1.30264e+07	1.31055e+07	11652.5   	37118     	12589.5   	13413.2   	20332     
23970.037974	7.2791e+06	9.48796e+06	1.30735e+07	1.31528e+07	11672.7   	37301.1   	12619.5   	13443.8   	20379.9   
24063.670931	7.28946e+06	9.51028e+06	1.31204e+07	1.32e+07  	11692.5   	37485.8   	12649.2   	13474.2   	20427.4   
24157.303888	7.29964e+06	9.5324e+06	1.31672e+07	1.3247e+07	11712.2   	37671.3   	12678.9   	13504.5   	20474.7   
24250.936845	7.30982e+06	9.55451e+06	1.3214e+07	1.32941e+07	11731.8   	37856.8   	12708.5   	13534.8   	20522.1   
24344.569801	7.31999e+06	9.57662e+06	1.32609e+07	1.33412e+07	11751.5   	38042.2   	12738.2   	13565.1   	20569.4   
24438.202758	7.33017e+06	9.59874e+06	1.33077e+07	1.33882e+07	11771.1   	38227.7   	12767.9   	13595.3   	20616.7   
24531.835715	7.34035e+06	9.62085e+06	1.33545e+07	1.34353e+07	11790.8   	38413.1   	12797.5   	13625.6   	20664     
24625.468672	7.35052e+06	9.64296e+06	1.34014e+07	1.34823e+07	11810.5   	38598.6   	12827.2   	13655.9   	20711.4   
24719.101629	7.3607e+06	9.66507e+06	1.34482e+07	1.35294e+07	11830.1   	38784.1   	12856.8   	13686.2   	20758.7   
24812.734586	7.37088e+06	9.68719e+06	1.3495e+07	1.35765e+07	11849.8   	38969.5   	12886.5   	13716.4   	20806     
24906.367543	7.38105e+06	9.7093e+06	1.35419e+07	1.36235e+07	11869.4   	39155     	12916.2   	13746.7   	20853.3   
25000.000500	7.39123e+06	9.73141e+06	1.35887e+07	1.36706e+07	11889.1   	39340.4   	12945.8   	13777     	20900.7   
25093.633457	7.40086e+06	9.75291e+06	1.36354e+07	1.37175e+07	11908.3   	39528.2   	12975.2   	13806.9   	20947.4   
25187.266414	7.4105e+06	9.7744e+06	1.3682e+07	1.37643e+07	11927.4   	39716     	13004.6   	13836.8   	20994.2   
25280.899371	7.42013e+06	9.7959e+06	1.37286e+07	1.38112e+07	11946.6   	39903.7   	13034     	13866.7   	21041     
25374.532328	7.42977e+06	9.81739e+06	1.37753e+07	1.38581e+07	11965.8   	40091.5   	13063.4   	13896.6   	21087.8   
25468.165285	7.4394e+06	9.83889e+06	1.38219e+07	1.39049e+07	11985     	40279.2   	13092.8   	13926.5   	21134.5   
25561.798242	7.44904e+06	9.86039e+06	1.38685e+07	1.39518e+07	12004.1   	40467     	13122.1   	13956.4   	21181.3   
25655.431199	7.45867e+06	9.88188e+06	1.39152e+07	1.39986e+07	12023.3   	40654.8   	13151.5   	13986.3   	21228.1   
25749.064155	7.46831e+06	9.90338e+06	1.39618e+07	1.40455e+07	12042.5   	40842.5   	13180.9   	14016.2   	21274.8   
25842.697112	7.47794e+06	9.92487e+06	1.40084e+07	1.40924e+07	12061.6   	41030.3   	13210.3   	14046.2   	21321.6   
25936.330069	7.48758e+06	9.94637e+06	1.40551e+07	1.41392e+07	12080.8   	41218     	13239.7   	14076.1   	21368.4   
26029.963026	7.49705e+06	9.96768e+06	1.41017e+07	1.4186e+07	12099.8   	41406.5   	13269     	14105.9   	21415     
26123.595983	7.50619e+06	9.98859e+06	1.41481e+07	1.42327e+07	12118.6   	41596.6   	13298.1   	14135.4   	21461.3   
26217.228940	7.51532e+06	1.00095e+07	1.41945e+07	1.42794e+07	12137.3   	41786.7   	13327.2   	14165     	21507.5   
26310.861897	7.52446e+06	1.00304e+07	1.4241e+07	1.4326e+07	12156     	41976.8   	13356.4   	14194.6   	21553.8   
26404.494854	7.53359e+06	1.00513e+07	1.42874e+07	1.43727e+07	12174.7   	42166.9   	13385.5   	14224.1   	21600.1   
26498.127811	7.54273e+06	1.00722e+07	1.43339e+07	1.44194e+07	12193.4   	42357     	13414.6   	14253.7   	21646.3   
26591.760768	7.55186e+06	1.00932e+07	1.43803e+07	1.4466e+07	12212.1   	42547.1   	13443.8   	14283.3   	21692.6   
26685.393725	7.561e+06 	1.01141e+07	1.44268e+07	1.45127e+07	12230.9   	42737.2   	13472.9   	14312.8   	21738.9   
26779.026682	7.57013e+06	1.0135e+07	1.44732e+07	1.45594e+07	12249.6   	42927.3   	13502     	14342.4   	21785.1   
26872.659639	7.57927e+06	1.01559e+07	1.45197e+07	1.4606e+07	12268.3   	43117.4   	13531.1   	14372     	21831.4   
26966.292596	7.5884e+06	1.01768e+07	1.45661e+07	1.46527e+07	12287     	43307.5   	13560.3   	14401.5   	21877.7   
27059.925552	7.59724e+06	1.01974e+07	1.46124e+07	1.46992e+07	12305.5   	43499.1   	13589.2   	14430.9   	21923.6   
27153.558509	7.60591e+06	1.02177e+07	1.46587e+07	1.47457e+07	12323.8   	43691.5   	13618.1   	14460.2   	21969.4   
27247.191466	7.61458e+06	1.02381e+07	1.4705e+07	1.47922e+07	12342.1   	43883.9   	13647     	14489.4   	22015.2   
27340.824423	7.62325e+06	1.02584e+07	1.47512e+07	1.48387e+07	12360.3   	44076.4   	13675.9   	14518.6   	22061     
27434.457380	7.63193e+06	1.02788e+07	1.47975e+07	1.48852e+07	12378.6   	44268.8   	13704.7   	14547.9   	22106.8   
27528.090337	7.6406e+06	1.02992e+07	1.48438e+07	1.49317e+07	12396.9   	44461.2   	13733.6   	14577.1   	22152.6   
27621.723294	7.64927e+06	1.03195e+07	1.489e+07 	1.49781e+07	12415.2   	44653.6   	13762.5   	14606.4   	22198.4   
27715.356251	7.65794e+06	1.03399e+07	1.49363e+07	1.50246e+07	12433.5   	44846     	13791.4   	14635.6   	22244.2   
27808.989208	7.66661e+06	1.03603e+07	1.49826e+07	1.50711e+07	12451.8   	45038.5   	13820.2   	14664.9   	22289.9   
27902.622165	7.67528e+06	1.03806e+07	1.50288e+07	1.51176e+07	12470.1   	45230.9   	13849.1   	14694.1   	22335.7   
27996.255122	7.68396e+06	1.0401e+07	1.50751e+07	1.51641e+07	12488.4   	45423.3   	13878     	14723.4   	22381.5   
28089.888079	7.69222e+06	1.04208e+07	1.51212e+07	1.52104e+07	12506.3   	45617.9   	13906.6   	14752.4   	22426.9   
28183.521036	7.70046e+06	1.04407e+07	1.51673e+07	1.52567e+07	12524.2   	45812.5   	13935.3   	14781.3   	22472.2   
28277.153993	7.7087e+06	1.04605e+07	1.52134e+07	1.5303e+07	12542.1   	46007.2   	13963.9   	14810.3   	22517.6   
28370.786949	7.71694e+06	1.04804e+07	1.52595e+07	1.53493e+07	12560     	46201.8   	13992.5   	14839.2   	22562.9   
28464.419906	7.72518e+06	1.05002e+07	1.53056e+07	1.53956e+07	12577.9   	46396.5   	14021.2   	14868.2   	22608.3   
28558.052863	7.73343e+06	1.052e+07 	1.53517e+07	1.54419e+07	12595.8   	46591.1   	14049.8   	14897.1   	22653.6   
28651.685820	7.74167e+06	1.05399e+07	1.53977e+07	1.54882e+07	12613.7   	46785.8   	14078.4   	14926.1   	22699     
28745.318777	7.74991e+06	1.05597e+07	1.54438e+07	1.55345e+07	12631.6   	46980.4   	14107.1   	14955     	22744.3   
28838.951734	7.75815e+06	1.05796e+07	1.54899e+07	1.55808e+07	12649.5   	47175.1   	14135.7   	14984     	22789.7   
28932.584691	7.7664e+06	1.05994e+07	1.5536e+07	1.56271e+07	12667.4   	47369.7   	14164.3   	15012.9   	22835     
29026.217648	7.77453e+06	1.06191e+07	1.55821e+07	1.56734e+07	12685.1   	47565     	14192.9   	15041.8   	22880.3   
29119.850605	7.78237e+06	1.06384e+07	1.5628e+07	1.57195e+07	12702.7   	47761.7   	14221.3   	15070.4   	22925.2   
29213.483562	7.79021e+06	1.06578e+07	1.56739e+07	1.57656e+07	12720.2   	47958.5   	14249.7   	15099.1   	22970.1   
29307.116519	7.79806e+06	1.06771e+07	1.57199e+07	1.58118e+07	12737.7   	48155.2   	14278.1   	15127.8   	23015.1   
29400.749476	7.8059e+06	1.06965e+07	1.57658e+07	1.58579e+07	12755.2   	48352     	14306.5   	15156.5   	23060     
29494.382433	7.81374e+06	1.07158e+07	1.58117e+07	1.59041e+07	12772.7   	48548.8   	14334.9   	15185.1   	23104.9   
29588.015390	7.82158e+06	1.07352e+07	1.58576e+07	1.59502e+07	12790.3   	48745.5   	14363.3   	15213.8   	23149.9   
29681.648346	7.82943e+06	1.07545e+07	1.59036e+07	1.59963e+07	12807.8   	48942.3   	14391.7   	15242.5   	23194.8   
29775.281303	7.83727e+06	1.07738e+07	1.59495e+07	1.60425e+07	12825.3   	49139     	14420.1   	15271.1   	23239.7   
29868.914260	7.84511e+06	1.07932e+07	1.59954e+07	1.60886e+07	12842.8   	49335.8   	14448.5   	15299.8   	23284.7   
29962.547217	7.85296e+06	1.08125e+07	1.60414e+07	1.61347e+07	12860.3   	49532.6   	14476.9   	15328.5   	23329.6   
30056.180174	7.86047e+06	1.08315e+07	1.60871e+07	1.61807e+07	12877.5   	49731.1   	14505.1   	15356.9   	23374.2   
30149.813131	7.86777e+06	1.08501e+07	1.61328e+07	1.62266e+07	12894.5   	49931     	14533.2   	15385.2   	23418.6   
30243.446088	7.87507e+06	1.08688e+07	1.61785e+07	1.62725e+07	12911.5   	50130.8   	14561.2   	15413.5   	23462.9   
30337.079045	7.88237e+06	1.08874e+07	1.62242e+07	1.63184e+07	12928.5   	50330.6   	14589.3   	15441.7   	23507.3   
30430.712002	7.88967e+06	1.09061e+07	1.62699e+07	1.63643e+07	12945.5   	50530.4   	14617.4   	15470     	23551.6   
30524.344959	7.89696e+06	1.09247e+07	1.63156e+07	1.64102e+07	12962.5   	50730.2   	14645.4   	15498.3   	23596     
30617.977916	7.90426e+06	1.09434e+07	1.63613e+07	1.64561e+07	12979.5   	50930.1   	14673.5   	15526.6   	23640.3   
30711.610873	7.91156e+06	1.0962e+07	1.6407e+07	1.6502e+07	12996.5   	51129.9   	14701.6   	15554.8   	23684.7   
30805.243830	7.91886e+06	1.09807e+07	1.64527e+07	1.65479e+07	13013.5   	51329.7   	14729.6   	15583.1   	23729     
30898.876787	7.92616e+06	1.09993e+07	1.64984e+07	1.65938e+07	13030.5   	51529.5   	14757.7   	15611.4   	23773.4   
30992.509743	7.93346e+06	1.1018e+07	1.65441e+07	1.66397e+07	13047.5   	51729.3   	14785.7   	15639.7   	23817.8   
31086.142700	7.94075e+06	1.10366e+07	1.65898e+07	1.66856e+07	13064.5   	51929.2   	14813.8   	15667.9   	23862.1   
31179.775657	7.94805e+06	1.10553e+07	1.66355e+07	1.67315e+07	13081.5   	52129     	14841.9   	15696.2   	23906.5   
31273.408614	7.95535e+06	1.10739e+07	1.66812e+07	1.67774e+07	13098.5   	52328.8   	14869.9   	15724.5   	23950.8   
31367.041571	7.96265e+06	1.10926e+07	1.67269e+07	1.68233e+07	13115.5   	52528.6   	14898     	15752.8   	23995.2   
31460.674528	7.96995e+06	1.11112e+07	1.67726e+07	1.68692e+07	13132.5   	52728.4   	14926.1   	15781     	24039.5   
31554.307485	7.97725e+06	1.11299e+07	1.68182e+07	1.69151e+07	13149.5   	52928.2   	14954.1   	15809.3   	24083.9   
31647.940442	7.98454e+06	1.11485e+07	1.68639e+07	1.6961e+07	13166.5   	53128.1   	14982.2   	15837.6   	24128.3   
31741.573399	7.99184e+06	1.11672e+07	1.69096e+07	1.70069e+07	13183.5   	53327.9   	15010.2   	15865.9   	24172.6   
31835.206356	7.99914e+06	1.11858e+07	1.69553e+07	1.70528e+07	13200.5   	53527.7   	15038.3   	15894.1   	24217     
31928.839313	8.00644e+06	1.12045e+07	1.7001e+07	1.70987e+07	13217.5   	53727.5   	15066.4   	15922.4   	24261.3   
32022.472270	8.01358e+06	1.12229e+07	1.70467e+07	1.71445e+07	13234.4   	53928.3   	15094.3   	15950.6   	24305.5   
32116.105227	8.02023e+06	1.12407e+07	1.70921e+07	1.71901e+07	13250.7   	54132.2   	15122     	15978.4   	24349.2   
32209.738184	8.02688e+06	1.12585e+07	1.71375e+07	1.72357e+07	13267.1   	54336.1   	15149.6   	16006.2   	24392.8   
32303.371140	8.03353e+06	1.12763e+07	1.71829e+07	1.72813e+07	13283.4   	54540     	15177.2   	16034     	24436.5   
32397.004097	8.04018e+06	1.12941e+07	1.72283e+07	1.73269e+07	13299.8   	54744     	15204.9   	16061.8   	24480.1   
32490.637054	8.04683e+06	1.13119e+07	1.72737e+07	1.73725e+07	13316.2   	54947.9   	15232.5   	16089.6   	24523.8   
32584.270011	8.05348e+06	1.13297e+07	1.73191e+07	1.74181e+07	13332.5   	55151.8   	15260.1   	16117.3   	24567.4   
32677.902968	8.06013e+06	1.13475e+07	1.73645e+07	1.74637e+07	13348.9   	55355.7   	15287.7   	16145.1   	24611.1   
32771.535925	8.06678e+06	1.13653e+07	1.74099e+07	1.75093e+07	13365.3   	55559.6   	15315.4   	16172.9   	24654.7   
32865.168882	8.07343e+06	1.13831e+07	1.74553e+07	1.75549e+07	13381.6   	55763.5   	15343     	16200.7   	24698.4   
32958.801839	8.08008e+06	1.14009e+07	1.75007e+07	1.76005e+07	13398     	55967.4   	15370.6   	16228.5   	24742     
33052.434796	8.08673e+06	1.14187e+07	1.75461e+07	1.76461e+07	13414.4   	56171.3   	15398.3   	16256.3   	24785.7   
33146.067753	8.09338e+06	1.14365e+07	1.75915e+07	1.76917e+07	13430.7   	56375.2   	15425.9   	16284.1   	24829.3   
33239.700710	8.10003e+06	1.14543e+07	1.76369e+07	1.77373e+07	13447.1   	56579.1   	15453.5   	16311.9   	24873     
33333.333667	8.10668e+06	1.14721e+07	1.76823e+07	1.77829e+07	13463.5   	56783     	15481.2   	16339.7   	24916.6   
33426.966624	8.11333e+06	1.14899e+07	1.77277e+07	1.78285e+07	13479.8   	56986.9   	15508.8   	16367.5   	24960.3   
33520.599581	8.11998e+06	1.15077e+07	1.77731e+07	1.78741e+07	13496.2   	57190.8   	15536.4   	16395.3   	25003.9   
33614.232537	8.12663e+06	1.15255e+07	1.78185e+07	1.79196e+07	13512.5   	57394.7   	15564.1   	16423.1   	25047.6   
33707.865494	8.13328e+06	1.15432e+07	1.78639e+07	1.79652e+07	13528.9   	57598.6   	15591.7   	16450.9   	25091.3   
33801.498451	8.13993e+06	1.1561e+07	1.79093e+07	1.80108e+07	13545.3   	57802.6   	15619.3   	16478.7   	25134.9   
33895.131408	8.14658e+06	1.15788e+07	1.79547e+07	1.80564e+07	13561.6   	58006.5   	15646.9   	16506.5   	25178.6   
33988.764365	8.15323e+06	1.15966e+07	1.80001e+07	1.8102e+07	13578     	58210.4   	15674.6   	16534.3   	25222.2   
34082.397322	8.15938e+06	1.16138e+07	1.80453e+07	1.81474e+07	13593.9   	58417.8   	15701.8   	16561.7   	25265.3   
34176.030279	8.16546e+06	1.16308e+07	1.80904e+07	1.81927e+07	13609.7   	58625.7   	15729.1   	16589     	25308.3   
34269.663236	8.17155e+06	1.16478e+07	1.81356e+07	1.8238e+07	13625.5   	58833.6   	15756.3   	16616.4   	25351.3   
34363.296193	8.17763e+06	1.16648e+07	1.81807e+07	1.82834e+07	13641.2   	59041.5   	15783.5   	16643.7   	25394.3   
34456.929150	8.18371e+06	1.16818e+07	1.82259e+07	1.83287e+07	13657     	59249.4   	15810.7   	16671.1   	25437.3   
34550.562107	8.18979e+06	1.16989e+07	1.8271e+07	1.8374e+07	13672.8   	59457.3   	15837.9   	16698.4   	25480.3   
34644.195064	8.19587e+06	1.17159e+07	1.83161e+07	1.84193e+07	13688.6   	59665.2   	15865.1   	16725.8   	25523.3   
34737.828021	8.20196e+06	1.17329e+07	1.83613e+07	1.84646e+07	13704.4   	59873.2   	15892.3   	16753.1   	25566.3   
34831.460978	8.20804e+06	1.17499e+07	1.84064e+07	1.851e+07 	13720.2   	60081.1   	15919.5   	16780.5   	25609.3   
34925.093934	8.21412e+06	1.17669e+07	1.84515e+07	1.85553e+07	13736     	60289     	15946.8   	16807.8   	25652.4   
35018.726891	8.2202e+06	1.1784e+07	1.84967e+07	1.86006e+07	13751.8   	60496.9   	15974     	16835.1   	25695.4   
35112.359848	8.22628e+06	1.1801e+07	1.85418e+07	1.86459e+07	13767.6   	60704.8   	16001.2   	16862.5   	25738.4   
35205.992805	8.23237e+06	1.1818e+07	1.85869e+07	1.86913e+07	13783.4   	60912.7   	16028.4   	16889.8   	25781.4   
35299.625762	8.23845e+06	1.1835e+07	1.86321e+07	1.87366e+07	13799.2   	61120.6   	16055.6   	16917.2   	25824.4   
35393.258719	8.24453e+06	1.1852e+07	1.86772e+07	1.87819e+07	13815     	61328.5   	16082.8   	16944.5   	25867.4   
35486.891676	8.25061e+06	1.18691e+07	1.87223e+07	1.88272e+07	13830.8   	61536.4   	16110     	16971.9   	25910.4   
35580.524633	8.25669e+06	1.18861e+07	1.87675e+07	1.88725e+07	13846.6   	61744.3   	16137.3   	16999.2   	25953.4   
35674.157590	8.26278e+06	1.19031e+07	1.88126e+07	1.89179e+07	13862.4   	61952.2   	16164.5   	17026.6   	25996.4   
35767.790547	8.26886e+06	1.19201e+07	1.88578e+07	1.89632e+07	13878.1   	62160.2   	16191.7   	17053.9   	26039.4   
35861.423504	8.27494e+06	1.19371e+07	1.89029e+07	1.90085e+07	13893.9   	62368.1   	16218.9   	17081.3   	26082.4   
35955.056461	8.28102e+06	1.19542e+07	1.8948e+07	1.90538e+07	13909.7   	62576     	16246.1   	17108.6   	26125.4   
36048.689418	8.28684e+06	1.19708e+07	1.8993e+07	1.9099e+07	13925.3   	62785.8   	16273.1   	17135.8   	26168.1   
36142.322375	8.29243e+06	1.19871e+07	1.90379e+07	1.91441e+07	13940.5   	62997.5   	16299.9   	17162.7   	26210.5   
36235.955331	8.29801e+06	1.20034e+07	1.90828e+07	1.91891e+07	13955.8   	63209.1   	16326.7   	17189.6   	26252.9   
36329.588288	8.30359e+06	1.20197e+07	1.91277e+07	1.92342e+07	13971.1   	63420.7   	16353.5   	17216.6   	26295.4   
36423.221245	8.30917e+06	1.20361e+07	1.91726e+07	1.92793e+07	13986.4   	63632.4   	16380.3   	17243.5   	26337.8   
36516.854202	8.31475e+06	1.20524e+07	1.92175e+07	1.93243e+07	14001.6   	63844     	16407.1   	17270.4   	26380.2   
36610.487159	8.32034e+06	1.20687e+07	1.92624e+07	1.93694e+07	14016.9   	64055.6   	16434     	17297.4   	26422.6   
36704.120116	8.32592e+06	1.2085e+07	1.93073e+07	1.94145e+07	14032.2   	64267.3   	16460.8   	17324.3   	26465     
36797.753073	8.3315e+06	1.21013e+07	1.93521e+07	1.94595e+07	14047.5   	64478.9   	16487.6   	17351.3   	26507.4   
36891.386030	8.33708e+06	1.21176e+07	1.9397e+07	1.95046e+07	14062.7   	64690.6   	16514.4   	17378.2   	26549.8   
36985.018987	8.34266e+06	1.21339e+07	1.94419e+07	1.95497e+07	14078     	64902.2   	16541.2   	17405.1   	26592.2   
37078.651944	8.34824e+06	1.21502e+07	1.94868e+07	1.95947e+07	14093.3   	65113.8   	16568     	17432.1   	26634.6   
37172.284901	8.35383e+06	1.21665e+07	1.95317e+07	1.96398e+07	14108.6   	65325.5   	16594.8   	17459     	26677     
37265.917858	8.35941e+06	1.21829e+07	1.95766e+07	1.96849e+07	14123.9   	65537.1   	16621.6   	17485.9   	26719.4   
37359.550815	8.36499e+06	1.21992e+07	1.96215e+07	1.97299e+07	14139.1   	65748.7   	16648.4   	17512.9   	26761.8   
37453.183772	8.37057e+06	1.22155e+07	1.96664e+07	1.9775e+07	14154.4   	65960.4   	16675.2   	17539.8   	26804.3   
37546.816728	8.37615e+06	1.22318e+07	1.97113e+07	1.982e+07 	14169.7   	66172     	16702     	17566.7   	26846.7   
37640.449685	8.38173e+06	1.22481e+07	1.97561e+07	1.98651e+07	14185     	66383.7   	16728.8   	17593.7   	26889.1   
37734.082642	8.38732e+06	1.22644e+07	1.9801e+07	1.99102e+07	14200.2   	66595.3   	16755.6   	17620.6   	26931.5   
37827.715599	8.3929e+06	1.22807e+07	1.98459e+07	1.99552e+07	14215.5   	66806.9   	16782.4   	17647.5   	26973.9   
37921.348556	8.39848e+06	1.2297e+07	1.98908e+07	2.00003e+07	14230.8   	67018.6   	16809.2   	17674.5   	27016.3   
38014.981513	8.40399e+06	1.23132e+07	1.99357e+07	2.00453e+07	14246     	67230.8   	16836     	17701.3   	27058.6   
38108.614470	8.40913e+06	1.23289e+07	1.99803e+07	2.00902e+07	14260.8   	67445.8   	16862.4   	17727.9   	27100.5   
38202.247427	8.41427e+06	1.23446e+07	2.0025e+07	2.0135e+07	14275.6   	67660.9   	16888.8   	17754.4   	27142.3   
38295.880384	8.41941e+06	1.23602e+07	2.00696e+07	2.01798e+07	14290.4   	67876     	16915.2   	17781     	27184.2   
38389.513341	8.42455e+06	1.23759e+07	2.01143e+07	2.02246e+07	14305.2   	68091.1   	16941.6   	17807.5   	27226     
38483.146298	8.42968e+06	1.23915e+07	2.01589e+07	2.02695e+07	14320     	68306.2   	16968     	17834     	27267.8   
38576.779255	8.43482e+06	1.24072e+07	2.02036e+07	2.03143e+07	14334.8   	68521.2   	16994.5   	17860.6   	27309.7   
38670.412212	8.43996e+06	1.24228e+07	2.02483e+07	2.03591e+07	14349.6   	68736.3   	17020.9   	17887.1   	27351.5   
38764.045169	8.4451e+06	1.24385e+07	2.02929e+07	2.04039e+07	14364.4   	68951.4   	17047.3   	17913.7   	27393.4   
38857.678125	8.45024e+06	1.24542e+07	2.03376e+07	2.04487e+07	14379.3   	69166.5   	17073.7   	17940.2   	27435.2   
38951.311082	8.45538e+06	1.24698e+07	2.03822e+07	2.04936e+07	14394.1   	69381.6   	17100.1   	17966.8   	27477.1   
39044.944039	8.46052e+06	1.24855e+07	2.04269e+07	2.05384e+07	14408.9   	69596.7   	17126.5   	17993.3   	27518.9   
39138.576996	8.46566e+06	1.25011e+07	2.04716e+07	2.05832e+07	14423.7   	69811.7   	17152.9   	18019.9   	27560.8   
39232.209953	8.47079e+06	1.25168e+07	2.05162e+07	2.0628e+07	14438.5   	70026.8   	17179.3   	18046.4   	27602.6   
39325.842910	8.47593e+06	1.25325e+07	2.05609e+07	2.06729e+07	14453.3   	70241.9   	17205.7   	18072.9   	27644.5   
39419.475867	8.48107e+06	1.25481e+07	2.06055e+07	2.07177e+07	14468.1   	70457     	17232.2   	18099.5   	27686.3   
39513.108824	8.48621e+06	1.25638e+07	2.06502e+07	2.07625e+07	14482.9   	70672.1   	17258.6   	18126     	27728.2   
39606.741781	8.49135e+06	1.25794e+07	2.06948e+07	2.08073e+07	14497.7   	70887.1   	17285     	18152.6   	27770     
39700.374738	8.49649e+06	1.25951e+07	2.07395e+07	2.08522e+07	14512.5   	71102.2   	17311.4   	18179.1   	27811.8   
39794.007695	8.50163e+06	1.26108e+07	2.07842e+07	2.0897e+07	14527.3   	71317.3   	17337.8   	18205.7   	27853.7   
39887.640652	8.50677e+06	1.26264e+07	2.08288e+07	2.09418e+07	14542.1   	71532.4   	17364.2   	18232.2   	27895.5   
39981.273609	8.5119e+06	1.26421e+07	2.08735e+07	2.09866e+07	14556.9   	71747.5   	17390.6   	18258.7   	27937.4   
40074.906566	8.51673e+06	1.26573e+07	2.0918e+07	2.10313e+07	14571.4   	71965.2   	17416.7   	18285     	27978.8   
40168.539522	8.52147e+06	1.26723e+07	2.09624e+07	2.10759e+07	14585.8   	72183.6   	17442.7   	18311.2   	28020.1   
40262.172479	8.52622e+06	1.26874e+07	2.10069e+07	2.11205e+07	14600.1   	72401.9   	17468.8   	18337.3   	28061.4   
40355.805436	8.53096e+06	1.27024e+07	2.10513e+07	2.11651e+07	14614.5   	72620.3   	17494.8   	18363.5   	28102.8   
40449.438393	8.53571e+06	1.27175e+07	2.10957e+07	2.12097e+07	14628.9   	72838.7   	17520.8   	18389.7   	28144.1   
40543.071350	8.54045e+06	1.27326e+07	2.11402e+07	2.12543e+07	14643.3   	73057     	17546.8   	18415.8   	28185.4   
40636.704307	8.54519e+06	1.27476e+07	2.11846e+07	2.12989e+07	14657.6   	73275.4   	17572.9   	18442     	28226.7   
40730.337264	8.54994e+06	1.27627e+07	2.12291e+07	2.13435e+07	14672     	73493.8   	17598.9   	18468.2   	28268     
40823.970221	8.55468e+06	1.27777e+07	2.12735e+07	2.13881e+07	14686.4   	73712.2   	17624.9   	18494.4   	28309.3   
40917.603178	8.55943e+06	1.27928e+07	2.1318e+07	2.14327e+07	14700.8   	73930.5   	17650.9   	18520.5   	28350.6   
41011.236135	8.56417e+06	1.28079e+07	2.13624e+07	2.14773e+07	14715.1   	74148.9   	17677     	18546.7   	28392     
41104.869092	8.56892e+06	1.28229e+07	2.14068e+07	2.15219e+07	14729.5   	74367.3   	17703     	18572.9   	28433.3   
41198.502049	8.57366e+06	1.2838e+07	2.14513e+07	2.15665e+07	14743.9   	74585.6   	17729     	18599     	28474.6   
41292.135006	8.57841e+06	1.2853e+07	2.14957e+07	2.16111e+07	14758.3   	74804     	17755     	18625.2   	28515.9   
41385.767963	8.58315e+06	1.28681e+07	2.15402e+07	2.16557e+07	14772.6   	75022.4   	17781     	18651.4   	28557.2   
41479.400919	8.5879e+06	1.28832e+07	2.15846e+07	2.17003e+07	14787     	75240.8   	17807.1   	18677.6   	28598.5   
41573.033876	8.59264e+06	1.28982e+07	2.16291e+07	2.17449e+07	14801.4   	75459.1   	17833.1   	18703.7   	28639.8   
41666.666833	8.59739e+06	1.29133e+07	2.16735e+07	2.17895e+07	14815.8   	75677.5   	17859.1   	18729.9   	28681.2   
41760.299790	8.60213e+06	1.29283e+07	2.17179e+07	2.18341e+07	14830.1   	75895.9   	17885.1   	18756.1   	28722.5   
41853.932747	8.60687e+06	1.29434e+07	2.17624e+07	2.18787e+07	14844.5   	76114.3   	17911.2   	18782.2   	28763.8   
41947.565704	8.61162e+06	1.29585e+07	2.18068e+07	2.19233e+07	14858.9   	76332.6   	17937.2   	18808.4   	28805.1   
42041.198661	8.61621e+06	1.29733e+07	2.18512e+07	2.19678e+07	14873.1   	76552.4   	17963     	18834.4   	28846.2   
42134.831618	8.6206e+06	1.29878e+07	2.18954e+07	2.20122e+07	14887.1   	76774     	17988.7   	18860.2   	28887     
42228.464575	8.62499e+06	1.30023e+07	2.19397e+07	2.20566e+07	14901.1   	76995.6   	18014.3   	18886.1   	28927.8   
42322.097532	8.62939e+06	1.30168e+07	2.19839e+07	2.2101e+07	14915     	77217.2   	18040     	18911.9   	28968.6   
42415.730489	8.63378e+06	1.30313e+07	2.20281e+07	2.21454e+07	14929     	77438.9   	18065.6   	18937.7   	29009.4   
42509.363446	8.63817e+06	1.30458e+07	2.20724e+07	2.21897e+07	14943     	77660.5   	18091.3   	18963.5   	29050.2   
42602.996403	8.64256e+06	1.30603e+07	2.21166e+07	2.22341e+07	14957     	77882.1   	18116.9   	18989.3   	29091     
42696.629360	8.64696e+06	1.30748e+07	2.21609e+07	2.22785e+07	14970.9   	78103.7   	18142.6   	19015.1   	29131.8   
42790.262316	8.65135e+06	1.30893e+07	2.22051e+07	2.23229e+07	14984.9   	78325.3   	18168.2   	19041     	29172.7   
42883.895273	8.65574e+06	1.31038e+07	2.22494e+07	2.23673e+07	14998.9   	78546.9   	18193.8   	19066.8   	29213.5   
42977.528230	8.66013e+06	1.31183e+07	2.22936e+07	2.24117e+07	15012.9   	78768.5   	18219.5   	19092.6   	29254.3   
43071.161187	8.66453e+06	1.31328e+07	2.23378e+07	2.24561e+07	15026.9   	78990.1   	18245.1   	19118.4   	29295.1   
43164.794144	8.66892e+06	1.31473e+07	2.23821e+07	2.25005e+07	15040.8   	79211.7   	18270.8   	19144.2   	29335.9   
43258.427101	8.67331e+06	1.31618e+07	2.24263e+07	2.25449e+07	15054.8   	79433.3   	18296.4   	19170     	29376.7   
43352.060058	8.6777e+06	1.31763e+07	2.24706e+07	2.25892e+07	15068.8   	79655     	18322.1   	19195.9   	29417.5   
43445.693015	8.6821e+06	1.31909e+07	2.25148e+07	2.26336e+07	15082.8   	79876.6   	18347.7   	19221.7   	29458.3   
43539.325972	8.68649e+06	1.32054e+07	2.2559e+07	2.2678e+07	15096.7   	80098.2   	18373.4   	19247.5   	29499.1   
43632.958929	8.69088e+06	1.32199e+07	2.26033e+07	2.27224e+07	15110.7   	80319.8   	18399     	19273.3   	29539.9   
43726.591886	8.69527e+06	1.32344e+07	2.26475e+07	2.27668e+07	15124.7   	80541.4   	18424.7   	19299.1   	29580.7   
43820.224843	8.69967e+06	1.32489e+07	2.26918e+07	2.28112e+07	15138.7   	80763     	18450.3   	19324.9   	29621.5   
43913.857800	8.70406e+06	1.32634e+07	2.2736e+07	2.28556e+07	15152.7   	80984.6   	18475.9   	19350.8   	29662.3   
44007.490757	8.70843e+06	1.32778e+07	2.27802e+07	2.28999e+07	15166.6   	81206.5   	18501.6   	19376.5   	29703.1   
44101.123713	8.7125e+06	1.32918e+07	2.28243e+07	2.29441e+07	15180.2   	81431.3   	18526.8   	19402     	29743.4   
44194.756670	8.71658e+06	1.33058e+07	2.28683e+07	2.29883e+07	15193.8   	81656.2   	18552.1   	19427.5   	29783.8   
44288.389627	8.72066e+06	1.33198e+07	2.29124e+07	2.30325e+07	15207.4   	81881     	18577.4   	19453     	29824.1   
44382.022584	8.72473e+06	1.33338e+07	2.29564e+07	2.30767e+07	15221.1   	82105.8   	18602.6   	19478.4   	29864.4   
44475.655541	8.72881e+06	1.33478e+07	2.30005e+07	2.31209e+07	15234.7   	82330.7   	18627.9   	19503.9   	29904.7   
44569.288498	8.73289e+06	1.33618e+07	2.30445e+07	2.31651e+07	15248.3   	82555.5   	18653.2   	19529.4   	29945     
44662.921455	8.73696e+06	1.33758e+07	2.30886e+07	2.32093e+07	15261.9   	82780.4   	18678.5   	19554.9   	29985.3   
44756.554412	8.74104e+06	1.33898e+07	2.31326e+07	2.32535e+07	15275.5   	83005.2   	18703.7   	19580.3   	30025.7   
44850.187369	8.74512e+06	1.34038e+07	2.31767e+07	2.32977e+07	15289.1   	83230     	18729     	19605.8   	30066     
44943.820326	8.74919e+06	1.34178e+07	2.32207e+07	2.33418e+07	15302.7   	83454.9   	18754.3   	19631.3   	30106.3   
45037.453283	8.75327e+06	1.34317e+07	2.32648e+07	2.3386e+07	15316.3   	83679.7   	18779.6   	19656.8   	30146.6   
45131.086240	8.75735e+06	1.34457e+07	2.33089e+07	2.34302e+07	15329.9   	83904.6   	18804.8   	19682.2   	30186.9   
45224.719197	8.76142e+06	1.34597e+07	2.33529e+07	2.34744e+07	15343.6   	84129.4   	18830.1   	19707.7   	30227.3   
45318.352154	8.7655e+06	1.34737e+07	2.3397e+07	2.35186e+07	15357.2   	84354.3   	18855.4   	19733.2   	30267.6   
45411.985110	8.76958e+06	1.34877e+07	2.3441e+07	2.35628e+07	15370.8   	84579.1   	18880.6   	19758.7   	30307.9   
45505.618067	8.77365e+06	1.35017e+07	2.34851e+07	2.3607e+07	15384.4   	84803.9   	18905.9   	19784.1   	30348.2   
45599.251024	8.77773e+06	1.35157e+07	2.35291e+07	2.36512e+07	15398     	85028.8   	18931.2   	19809.6   	30388.5   
45692.883981	8.78181e+06	1.35297e+07	2.35732e+07	2.36954e+07	15411.6   	85253.6   	18956.5   	19835.1   	30428.9   
45786.516938	8.78588e+06	1.35437e+07	2.36172e+07	2.37396e+07	15425.2   	85478.5   	18981.7   	19860.5   	30469.2   
45880.149895	8.78996e+06	1.35577e+07	2.36613e+07	2.37837e+07	15438.8   	85703.3   	19007     	19886     	30509.5   
45973.782852	8.79404e+06	1.35717e+07	2.37053e+07	2.38279e+07	15452.4   	85928.1   	19032.3   	19911.5   	30549.8   
46067.415809	8.79791e+06	1.35853e+07	2.37492e+07	2.3872e+07	15465.8   	86155.3   	19057.3   	19936.7   	30589.8   
46161.048766	8.8017e+06	1.35988e+07	2.37931e+07	2.3916e+07	15479.1   	86383.4   	19082.2   	19961.9   	30629.6   
46254.681723	8.80549e+06	1.36123e+07	2.3837e+07	2.396e+07 	15492.4   	86611.4   	19107.1   	19987     	30669.5   
46348.314680	8.80928e+06	1.36259e+07	2.38808e+07	2.4004e+07	15505.6   	86839.5   	19132     	20012.2   	30709.3   
46441.947637	8.81308e+06	1.36394e+07	2.39247e+07	2.4048e+07	15518.9   	87067.6   	19156.9   	20037.3   	30749.2   
46535.580594	8.81687e+06	1.36529e+07	2.39686e+07	2.4092e+07	15532.2   	87295.6   	19181.8   	20062.4   	30789     
46629.213551	8.82066e+06	1.36664e+07	2.40125e+07	2.4136e+07	15545.4   	87523.7   	19206.7   	20087.6   	30828.9   
46722.846507	8.82445e+06	1.36799e+07	2.40563e+07	2.418e+07 	15558.7   	87751.8   	19231.6   	20112.7   	30868.7   
46816.479464	8.82825e+06	1.36934e+07	2.41002e+07	2.4224e+07	15572     	87979.8   	19256.5   	20137.9   	30908.6   
46910.112421	8.83204e+06	1.37069e+07	2.41441e+07	2.4268e+07	15585.2   	88207.9   	19281.4   	20163     	30948.4   
47003.745378	8.83583e+06	1.37204e+07	2.41879e+07	2.4312e+07	15598.5   	88436     	19306.4   	20188.1   	30988.2   
47097.378335	8.83962e+06	1.3734e+07	2.42318e+07	2.4356e+07	15611.8   	88664     	19331.3   	20213.3   	31028.1   
47191.011292	8.84341e+06	1.37475e+07	2.42757e+07	2.44e+07  	15625.1   	88892.1   	19356.2   	20238.4   	31067.9   
47284.644249	8.84721e+06	1.3761e+07	2.43196e+07	2.4444e+07	15638.3   	89120.2   	19381.1   	20263.6   	31107.8   
47378.277206	8.851e+06 	1.37745e+07	2.43634e+07	2.4488e+07	15651.6   	89348.2   	19406     	20288.7   	31147.6   
47471.910163	8.85479e+06	1.3788e+07	2.44073e+07	2.4532e+07	15664.9   	89576.3   	19430.9   	20313.8   	31187.5   
47565.543120	8.85858e+06	1.38015e+07	2.44512e+07	2.4576e+07	15678.1   	89804.4   	19455.8   	20339     	31227.3   
47659.176077	8.86238e+06	1.3815e+07	2.4495e+07	2.462e+07 	15691.4   	90032.4   	19480.7   	20364.1   	31267.2   
47752.809034	8.86617e+06	1.38286e+07	2.45389e+07	2.4664e+07	15704.7   	90260.5   	19505.6   	20389.3   	31307     
47846.441991	8.86996e+06	1.38421e+07	2.45828e+07	2.4708e+07	15717.9   	90488.6   	19530.5   	20414.4   	31346.9   
47940.074948	8.87375e+06	1.38556e+07	2.46267e+07	2.4752e+07	15731.2   	90716.6   	19555.4   	20439.6   	31386.7   
48033.707904	8.87745e+06	1.38689e+07	2.46705e+07	2.4796e+07	15744.4   	90945.8   	19580.2   	20464.6   	31426.4   
48127.340861	8.88099e+06	1.3882e+07	2.47142e+07	2.48398e+07	15757.3   	91177.1   	19604.7   	20489.4   	31465.8   
48220.973818	8.88452e+06	1.38951e+07	2.47579e+07	2.48836e+07	15770.3   	91408.3   	19629.3   	20514.2   	31505.2   
48314.606775	8.88806e+06	1.39081e+07	2.48016e+07	2.49274e+07	15783.2   	91639.5   	19653.8   	20539     	31544.5   
48408.239732	8.89159e+06	1.39212e+07	2.48453e+07	2.49713e+07	15796.2   	91870.7   	19678.4   	20563.9   	31583.9   
48501.872689	8.89513e+06	1.39343e+07	2.4889e+07	2.50151e+07	15809.1   	92102     	19702.9   	20588.7   	31623.3   
48595.505646	8.89867e+06	1.39474e+07	2.49327e+07	2.50589e+07	15822.1   	92333.2   	19727.5   	20613.5   	31662.7   
48689.138603	8.9022e+06	1.39604e+07	2.49764e+07	2.51027e+07	15835     	92564.4   	19752     	20638.3   	31702.1   
48782.771560	8.90574e+06	1.39735e+07	2.50201e+07	2.51466e+07	15848     	92795.6   	19776.6   	20663.1   	31741.5   
48876.404517	8.90927e+06	1.39866e+07	2.50638e+07	2.51904e+07	15860.9   	93026.9   	19801.1   	20687.9   	31780.8   
48970.037474	8.91281e+06	1.39996e+07	2.51075e+07	2.52342e+07	15873.9   	93258.1   	19825.7   	20712.8   	31820.2   
49063.670431	8.91634e+06	1.40127e+07	2.51512e+07	2.5278e+07	15886.8   	93489.3   	19850.2   	20737.6   	31859.6   
49157.303388	8.91988e+06	1.40258e+07	2.51949e+07	2.53219e+07	15899.8   	93720.5   	19874.7   	20762.4   	31899     
49250.936345	8.92341e+06	1.40388e+07	2.52386e+07	2.53657e+07	15912.8   	93951.7   	19899.3   	20787.2   	31938.4   
49344.569301	8.92695e+06	1.40519e+07	2.52823e+07	2.54095e+07	15925.7   	94183     	19923.8   	20812     	31977.8   
49438.202258	8.93048e+06	1.4065e+07	2.5326e+07	2.54533e+07	15938.7   	94414.2   	19948.4   	20836.8   	32017.2   
49531.835215	8.93402e+06	1.4078e+07	2.53697e+07	2.54972e+07	15951.6   	94645.4   	19972.9   	20861.7   	32056.5   
49625.468172	8.93755e+06	1.40911e+07	2.54134e+07	2.5541e+07	15964.6   	94876.6   	19997.5   	20886.5   	32095.9   
49719.101129	8.94109e+06	1.41042e+07	2.54571e+07	2.55848e+07	15977.5   	95107.9   	20022     	20911.3   	32135.3   
49812.734086	8.94463e+06	1.41172e+07	2.55008e+07	2.56286e+07	15990.5   	95339.1   	20046.6   	20936.1   	32174.7   
49906.367043	8.94816e+06	1.41303e+07	2.55445e+07	2.56725e+07	16003.4   	95570.3   	20071.1   	20960.9   	32214.1   
50000.000000	8.9517e+06	1.41434e+07	2.55882e+07	2.57163e+07	16016.4   	95801.5   	20095.7   	20985.8   	32253.5   
