*Energy (MeV/u)1	0 - [He-base] F.Hubert et al, AD&ND Tables 46(1990)1	Energy (MeV/u)2	1 - [H -base] J.F.Ziegler et al, Pergamon Press, NY (low energy)	Energy (MeV/u)3	2 - ATIMA 1.2  LS-theory (recommended for high energy)	Energy (MeV/u)4	3 - ATIMA 1.2  without LS-correction	Energy (MeV/u)5	4 - Range straggling - method [0] - LISE	Energy (MeV/u)6	5 - Range straggling - method [1] - Atima	Energy (MeV/u)7	6 - Lateral range - method [0] - LISE	Energy (MeV/u)8	7 - Lateral range - method [1] - Atima	Energy (MeV/u)9	8 - Lateral range - method [2] - PDG	
0.001000	0.107192  	0.001000	0.107192  	0.001000	0.0874391 	0.001000	0.0874391 	0.001000	0         	0.001000	0         	0.001000	0.000292321	0.001000	0.000454394	0.001000	0.000224429
0.002000	0.218484  	0.002000	0.214385  	0.002000	0.174878  	0.002000	0.174878  	0.002000	0.017787  	0.002000	0.017787  	0.002000	0.000856092	0.002000	0.00128563	0.002000	0.000680975
0.005000	0.445104  	0.005000	0.432657  	0.005000	0.344619  	0.005000	0.344619  	0.005000	0.0196279 	0.005000	0.0196279 	0.005000	0.00228418	0.005000	0.00337449	0.005000	0.00184513
0.008000	0.60324   	0.008000	0.584969  	0.008000	0.460256  	0.008000	0.460256  	0.008000	0.0196556 	0.008000	0.0196556 	0.008000	0.00343728	0.008000	0.00503637	0.008000	0.00279717
0.010000	0.690354  	0.010000	0.668874  	0.010000	0.523508  	0.010000	0.523508  	0.010000	0.0197344 	0.010000	0.0197344 	0.010000	0.00413952	0.010000	0.00604215	0.010000	0.00337998
0.015000	0.865011  	0.015000	0.837098  	0.015000	0.65495   	0.015000	0.65495   	0.015000	0.0200607 	0.015000	0.0200607 	0.015000	0.00579596	0.015000	0.00840142	0.015000	0.00476094
0.020000	1.00028   	0.020000	0.967386  	0.020000	0.763334  	0.020000	0.763334  	0.020000	0.0204392 	0.020000	0.0204392 	0.020000	0.00738149	0.020000	0.0106468 	0.020000	0.00608884
0.025000	1.11292   	0.025000	1.07588   	0.025000	0.857446  	0.025000	0.857446  	0.025000	0.0208073 	0.025000	0.0208073 	0.025000	0.0089457 	0.025000	0.0128523 	0.025000	0.0074034
0.030000	1.21097   	0.030000	1.17032   	0.030000	0.942146  	0.030000	0.942146  	0.030000	0.0211554 	0.030000	0.0211554 	0.030000	0.0105179 	0.030000	0.01506   	0.030000	0.00872878
0.035000	1.29894   	0.035000	1.25504   	0.035000	1.02049   	0.035000	1.02049   	0.035000	0.0214877 	0.035000	0.0214877 	0.035000	0.0121142 	0.035000	0.0172928 	0.035000	0.0100786
0.040000	1.37961   	0.040000	1.33275   	0.040000	1.09406   	0.040000	1.09406   	0.040000	0.0218056 	0.040000	0.0218056 	0.040000	0.0137431 	0.040000	0.0195628 	0.040000	0.0114595
0.045000	1.45487   	0.045000	1.40523   	0.045000	1.16393   	0.045000	1.16393   	0.045000	0.0221111 	0.045000	0.0221111 	0.045000	0.0154135 	0.045000	0.0218826 	0.045000	0.0128793
0.050000	1.52601   	0.050000	1.47375   	0.050000	1.23088   	0.050000	1.23088   	0.050000	0.0224068 	0.050000	0.0224626 	0.050000	0.017121  	0.050000	0.0242463 	0.050000	0.0143339
0.055000	1.59399   	0.055000	1.53923   	0.055000	1.29551   	0.055000	1.29551   	0.055000	0.0226946 	0.055000	0.0228272 	0.055000	0.0188736 	0.055000	0.026665  	0.055000	0.0158304
0.060000	1.65951   	0.060000	1.60234   	0.060000	1.35825   	0.060000	1.35825   	0.060000	0.0229766 	0.060000	0.0231749 	0.060000	0.0205596 	0.060000	0.0289871 	0.060000	0.0172717
0.070000	1.78527   	0.070000	1.72346   	0.070000	1.47945   	0.070000	1.47945   	0.070000	0.0235296 	0.070000	0.0238345 	0.070000	0.0237104 	0.070000	0.0332969 	0.070000	0.0199699
0.080000	1.90638   	0.080000	1.84011   	0.080000	1.59659   	0.080000	1.59659   	0.080000	0.0240769 	0.080000	0.0244646 	0.080000	0.0267092 	0.080000	0.036921  	0.080000	0.0225446
0.090000	2.02481   	0.090000	1.95418   	0.090000	1.71112   	0.090000	1.71112   	0.090000	0.0246269 	0.090000	0.0250803 	0.090000	0.0295731 	0.090000	0.0403271 	0.090000	0.0250111
0.100000	2.14186   	0.100000	2.06692   	0.100000	1.82406   	0.100000	1.82406   	0.100000	0.0251862 	0.100000	0.0256922 	0.100000	0.0322058 	0.100000	0.0434203 	0.100000	0.0272859
0.120000	2.375     	0.120000	2.29147   	0.120000	2.04802   	0.120000	2.04802   	0.120000	0.0263521 	0.120000	0.0269321 	0.120000	0.0371642 	0.120000	0.0491594 	0.120000	0.0315876
0.140000	2.60993   	0.140000	2.51775   	0.140000	2.27246   	0.140000	2.27246   	0.140000	0.0276042 	0.140000	0.0282236 	0.140000	0.0417058 	0.140000	0.0543417 	0.140000	0.0355479
0.160000	2.84861   	0.160000	2.74764   	0.160000	2.49972   	0.160000	2.49972   	0.160000	0.0289608 	0.160000	0.0295887 	0.160000	0.0458363 	0.160000	0.0589999 	0.160000	0.0391669
0.180000	3.092     	0.180000	2.98206   	0.180000	2.73116   	0.180000	2.73116   	0.180000	0.0304322 	0.180000	0.0310393 	0.180000	0.0495654 	0.180000	0.0631501 	0.180000	0.0424481
0.200000	3.34057   	0.200000	3.22148   	0.200000	2.96761   	0.200000	2.96761   	0.200000	0.032024  	0.200000	0.032581  	0.200000	0.0528445 	0.200000	0.0667808 	0.200000	0.0453462
0.250000	3.98611   	0.250000	3.84324   	0.250000	3.58346   	0.250000	3.58346   	0.250000	0.0365359 	0.250000	0.0368401 	0.250000	0.061151  	0.250000	0.0759243 	0.250000	0.0527173
0.300000	4.66754   	0.300000	4.49957   	0.300000	4.23695   	0.300000	4.23695   	0.300000	0.0417845 	0.300000	0.0416548 	0.300000	0.0689729 	0.300000	0.0844716 	0.300000	0.0597039
0.350000	5.3861    	0.350000	5.19166   	0.350000	4.92918   	0.350000	4.92918   	0.350000	0.0477232 	0.350000	0.0469811 	0.350000	0.0759136 	0.350000	0.091985  	0.350000	0.0659441
0.400000	6.14281   	0.400000	5.9205    	0.400000	5.66043   	0.400000	5.66043   	0.400000	0.0543066 	0.400000	0.0527768 	0.400000	0.0828747 	0.400000	0.0994808 	0.400000	0.0722286
0.450000	6.93846   	0.450000	6.68685   	0.450000	6.43076   	0.450000	6.43076   	0.450000	0.0614982 	0.450000	0.0590076 	0.450000	0.0895096 	0.450000	0.106607  	0.450000	0.0782482
0.500000	7.77363   	0.500000	7.49126   	0.500000	7.24009   	0.500000	7.24009   	0.500000	0.0692696 	0.500000	0.0656463 	0.500000	0.0960604 	0.500000	0.113592  	0.500000	0.0842128
0.600000	9.56368   	0.600000	9.21537   	0.600000	8.97512   	0.600000	8.97512   	0.600000	0.0864663 	0.600000	0.080062  	0.600000	0.108553  	0.600000	0.126909  	0.600000	0.0956582
0.700000	11.5136   	0.700000	11.0935   	0.700000	10.8636   	0.700000	10.8636   	0.700000	0.105759  	0.700000	0.0958827 	0.700000	0.120714  	0.700000	0.139804  	0.700000	0.106872
0.800000	13.6222   	0.800000	13.1244   	0.800000	12.903    	0.800000	12.903    	0.800000	0.127041  	0.800000	0.112998  	0.800000	0.132826  	0.800000	0.15259   	0.800000	0.118099
0.900000	15.8874   	0.900000	15.3061   	0.900000	15.0904   	0.900000	15.0904   	0.900000	0.150229  	0.900000	0.131318  	0.900000	0.144835  	0.900000	0.165291  	0.900000	0.129291
1.000000	18.3063   	1.000000	17.636    	1.000000	17.423    	1.000000	17.423    	1.000000	0.175252  	1.000000	0.150771  	1.000000	0.157075  	1.000000	0.178174  	1.000000	0.140738
1.250000	25.0095   	1.250000	24.0922   	1.250000	23.8718   	1.250000	23.8718   	1.250000	0.245478  	1.250000	0.204607  	1.250000	0.18857   	1.250000	0.211296  	1.250000	0.170369
1.500000	32.6192   	1.500000	31.4217   	1.500000	31.1741   	1.500000	31.1741   	1.500000	0.326176  	1.500000	0.268153  	1.500000	0.222235  	1.500000	0.246535  	1.500000	0.202218
1.750000	41.1044   	1.750000	39.5944   	1.750000	39.3014   	1.750000	39.3014   	1.750000	0.416948  	1.750000	0.339775  	1.750000	0.25849   	1.750000	0.284329  	1.750000	0.23665
2.000000	50.4399   	2.000000	48.586    	2.000000	48.2313   	2.000000	48.2313   	2.000000	0.517534  	2.000000	0.418167  	2.000000	0.297552  	2.000000	0.324869  	2.000000	0.273847
2.250000	60.605    	2.250000	58.3767   	2.250000	57.9458   	2.250000	57.9458   	2.250000	0.627752  	2.250000	0.502628  	2.250000	0.339615  	2.250000	0.368265  	2.250000	0.313966
2.500000	71.5848   	2.500000	68.9497   	2.500000	68.4295   	2.500000	68.4295   	2.500000	0.747453  	2.500000	0.592756  	2.500000	0.380513  	2.500000	0.414558  	2.500000	0.353201
3.000000	95.3746   	3.000000	92.3844   	3.000000	91.6523   	3.000000	91.6523   	3.000000	1.01478   	3.000000	0.789015  	3.000000	0.465388  	3.000000	0.515832  	3.000000	0.434945
3.500000	122.099   	3.500000	118.786   	3.500000	117.806   	3.500000	117.806   	3.500000	1.31855   	3.500000	1.00536   	3.500000	0.567719  	3.500000	0.61945   	3.500000	0.533207
4.000000	151.682   	4.000000	148.067   	4.000000	146.809   	4.000000	146.809   	4.000000	1.65782   	4.000000	1.24064   	4.000000	0.685269  	4.000000	0.735527  	4.000000	0.645945
4.500000	184.063   	4.500000	180.149   	4.500000	178.591   	4.500000	178.591   	4.500000	2.03174   	4.500000	1.49401   	4.500000	0.816572  	4.500000	0.864633  	4.500000	0.771826
5.000000	219.186   	5.000000	214.961   	5.000000	213.088   	5.000000	213.088   	5.000000	2.43949   	5.000000	1.76478   	5.000000	0.960623  	5.000000	1.00553   	5.000000	0.909933
5.500000	257.003   	5.500000	252.442   	5.500000	250.241   	5.500000	250.241   	5.500000	2.88032   	5.500000	2.05232   	5.500000	1.11672   	5.500000	1.15734   	5.500000	1.05962
6.000000	297.472   	6.000000	292.536   	6.000000	289.998   	6.000000	289.998   	6.000000	3.35356   	6.000000	2.3561    	6.000000	1.28432   	6.000000	1.31943   	6.000000	1.2204
6.500000	340.555   	6.500000	335.191   	6.500000	332.313   	6.500000	332.313   	6.500000	3.85859   	6.500000	2.67565   	6.500000	1.46304   	6.500000	1.4913    	6.500000	1.3919
7.000000	386.216   	7.000000	380.361   	7.000000	377.142   	7.000000	377.142   	7.000000	4.39485   	7.000000	3.01056   	7.000000	1.65253   	7.000000	1.67256   	7.000000	1.57382
7.500000	434.424   	7.500000	428.004   	7.500000	424.445   	7.500000	424.445   	7.500000	4.96184   	7.500000	3.36046   	7.500000	1.85252   	7.500000	1.86288   	7.500000	1.76589
8.000000	485.148   	8.000000	478.081   	8.000000	474.188   	8.000000	474.188   	8.000000	5.5591    	8.000000	3.72502   	8.000000	2.0628    	8.000000	2.062     	8.000000	1.96791
8.500000	538.361   	8.500000	530.558   	8.500000	526.335   	8.500000	526.335   	8.500000	6.18622   	8.500000	4.10399   	8.500000	2.28315   	8.500000	2.26969   	8.500000	2.17969
9.000000	594.036   	9.000000	585.401   	9.000000	580.858   	9.000000	580.858   	9.000000	6.8428    	9.000000	4.49709   	9.000000	2.51341   	9.000000	2.48575   	9.000000	2.40106
9.500000	652.149   	9.500000	642.58    	9.500000	637.727   	9.500000	637.727   	9.500000	7.52851   	9.500000	4.90402   	9.500000	2.75342   	9.500000	2.71      	9.500000	2.63189
10.000000	712.677   	10.000000	702.057   	10.000000	696.917   	10.000000	696.917   	10.000000	8.24303   	10.000000	5.32449   	10.000000	3.00304   	10.000000	2.94228   	10.000000	2.87203
11.000000	840.892   	11.000000	827.318   	11.000000	822.269   	11.000000	822.264   	11.000000	9.76104   	11.000000	6.20745   	11.000000	3.53131   	11.000000	3.43101   	11.000000	3.38048
12.000000	978.517   	12.000000	961.59    	12.000000	956.873   	12.000000	956.856   	12.000000	11.3988   	12.000000	7.14735   	12.000000	4.0983    	12.000000	3.9518    	12.000000	3.92651
13.000000	1125.4    	13.000000	1104.77   	13.000000	1100.61   	13.000000	1100.58   	13.000000	13.1551   	13.000000	8.14324   	13.000000	4.70369   	13.000000	4.50418   	13.000000	4.50982
14.000000	1281.41   	14.000000	1256.78   	14.000000	1253.39   	14.000000	1253.33   	14.000000	15.0288   	14.000000	9.19384   	14.000000	5.34715   	14.000000	5.08775   	14.000000	5.13012
15.000000	1446.42   	15.000000	1417.5    	15.000000	1415.11   	15.000000	1415.03   	15.000000	17.0193   	15.000000	10.2985   	15.000000	6.02844   	15.000000	5.70214   	15.000000	5.78719
16.000000	1620.31   	16.000000	1586.86   	16.000000	1585.71   	16.000000	1585.6    	16.000000	19.1262   	16.000000	11.4572   	16.000000	6.74737   	16.000000	6.34708   	16.000000	6.48087
17.000000	1802.96   	17.000000	1764.78   	17.000000	1765.12   	17.000000	1764.99   	17.000000	21.349    	17.000000	12.6699   	17.000000	7.50377   	17.000000	7.02231   	17.000000	7.21102
18.000000	1994.27   	18.000000	1951.17   	18.000000	1953.28   	18.000000	1953.13   	18.000000	23.6876   	18.000000	13.9363   	18.000000	8.29749   	18.000000	7.72762   	18.000000	7.97751
19.000000	2194.15   	19.000000	2145.96   	19.000000	2150.14   	19.000000	2149.97   	19.000000	26.1416   	19.000000	15.2556   	19.000000	9.12843   	19.000000	8.46281   	19.000000	8.78027
20.000000	2402.5    	20.000000	2349.07   	20.000000	2355.66   	20.000000	2355.47   	20.000000	28.7111   	20.000000	16.6277   	20.000000	9.99653   	20.000000	9.22775   	20.000000	9.61925
21.000000	2619.22   	21.000000	2560.43   	21.000000	2569.8    	21.000000	2569.59   	21.000000	31.3964   	21.000000	18.0525   	21.000000	10.9018   	21.000000	10.0223   	21.000000	10.4944
22.000000	2844.24   	22.000000	2779.97   	22.000000	2792.53   	22.000000	2792.29   	22.000000	34.1972   	22.000000	19.53     	22.000000	11.8441   	22.000000	10.8464   	22.000000	11.4059
23.000000	3077.47   	23.000000	3007.63   	23.000000	3023.8    	23.000000	3023.55   	23.000000	37.1133   	23.000000	21.0599   	23.000000	12.8234   	23.000000	11.6999   	23.000000	12.3534
24.000000	3318.82   	24.000000	3243.34   	24.000000	3263.58   	24.000000	3263.33   	24.000000	40.1445   	24.000000	22.642    	24.000000	13.8396   	24.000000	12.5827   	24.000000	13.337
25.000000	3568.24   	25.000000	3487.04   	25.000000	3511.83   	25.000000	3511.6    	25.000000	43.291    	25.000000	24.2765   	25.000000	14.8927   	25.000000	13.4947   	25.000000	14.3568
27.000000	4090.95   	27.000000	3998.16   	27.000000	4033.67   	27.000000	4033.53   	27.000000	49.9292   	27.000000	27.7008   	27.000000	17.1097   	27.000000	15.4059   	27.000000	16.5046
29.000000	4645.03   	29.000000	4540.53   	29.000000	4589.1    	29.000000	4589.12   	29.000000	57.028    	29.000000	31.3305   	29.000000	19.474    	29.000000	17.4331   	29.000000	18.7969
31.000000	5229.98   	31.000000	5113.69   	31.000000	5177.69   	31.000000	5177.9    	31.000000	64.5773   	31.000000	35.1625   	31.000000	21.9839   	31.000000	19.5743   	31.000000	21.232
33.000000	5845.31   	33.000000	5717.22   	33.000000	5797.17   	33.000000	5797.66   	33.000000	72.5025   	33.000000	39.1567   	33.000000	24.6259   	33.000000	21.8186   	33.000000	23.7974
35.000000	6490.54   	35.000000	6350.73   	35.000000	6446.84   	35.000000	6447.65   	35.000000	80.7911   	35.000000	43.3072   	35.000000	27.3952   	35.000000	24.1616   	35.000000	26.4883
38.000000	7513.55   	38.000000	7356.33   	38.000000	7477.09   	38.000000	7478.45   	38.000000	93.9022   	38.000000	49.827    	38.000000	31.7817   	38.000000	27.8559   	38.000000	30.7547
41.000000	8601.51   	41.000000	8427.24   	41.000000	8572.98   	41.000000	8575.07   	41.000000	107.813   	41.000000	56.6876   	41.000000	36.4392   	41.000000	31.7587   	41.000000	35.29
44.000000	9753.14   	44.000000	9562.27   	44.000000	9733.46   	44.000000	9736.28   	44.000000	122.518   	44.000000	63.889    	44.000000	41.3618   	44.000000	35.8648   	44.000000	40.089
47.000000	10967.2   	47.000000	10760.3   	47.000000	10957.3   	47.000000	10960.9   	47.000000	137.999   	47.000000	71.4274   	47.000000	46.5428   	47.000000	40.1687   	47.000000	45.1459
50.000000	12242.7   	50.000000	12020.2   	50.000000	12243.3   	50.000000	12248     	50.000000	154.239   	50.000000	79.2894   	50.000000	51.9762   	50.000000	44.6653   	50.000000	50.4555
55.000000	14501.8   	55.000000	14254.9   	55.000000	14522.3   	55.000000	14528.8   	55.000000	182.959   	55.000000	93.0956   	55.000000	61.5799   	55.000000	52.5772   	55.000000	59.8555
60.000000	16923.8   	60.000000	16654.3   	60.000000	16966.7   	60.000000	16975.5   	60.000000	213.685   	60.000000	107.75    	60.000000	71.848    	60.000000	60.9946   	60.000000	69.9262
65.000000	19504.4   	65.000000	19214.1   	65.000000	19572.7   	65.000000	19583.9   	65.000000	246.36    	65.000000	123.242   	65.000000	82.7615   	65.000000	69.9027   	65.000000	80.6517
70.000000	22239.5   	70.000000	21930.2   	70.000000	22336     	70.000000	22350.1   	70.000000	280.908   	70.000000	139.526   	70.000000	94.298    	70.000000	79.2842   	70.000000	92.0132
75.000000	25125.7   	75.000000	24799     	75.000000	25253.2   	75.000000	25270.3   	75.000000	317.282   	75.000000	156.596   	75.000000	106.441   	75.000000	89.1266   	75.000000	103.997
80.000000	28159.4   	80.000000	27816.8   	80.000000	28320.7   	80.000000	28341.1   	80.000000	355.414   	80.000000	174.409   	80.000000	119.171   	80.000000	99.4154   	80.000000	116.586
85.000000	31337.5   	85.000000	30980.2   	85.000000	31534.9   	85.000000	31559.2   	85.000000	395.245   	85.000000	192.946   	85.000000	132.471   	85.000000	110.138   	85.000000	129.767
90.000000	34656.8   	90.000000	34285.9   	90.000000	34893.1   	90.000000	34921.3   	90.000000	436.735   	90.000000	212.192   	90.000000	146.325   	90.000000	121.283   	90.000000	143.526
95.000000	38114.6   	95.000000	37730.8   	95.000000	38391.9   	95.000000	38424.4   	95.000000	479.816   	95.000000	232.123   	95.000000	160.716   	95.000000	132.838   	95.000000	157.849
100.000000	41708.1   	100.000000	41312     	100.000000	42028.4   	100.000000	42065.6   	100.000000	524.44    	100.000000	252.72    	100.000000	175.629   	100.000000	144.792   	100.000000	172.723
105.000000	45434.6   	105.000000	45026.4   	105.000000	45800.1   	105.000000	45842.1   	105.000000	570.569   	105.000000	273.975   	105.000000	191.05    	105.000000	157.136   	105.000000	188.136
110.000000	49291.9   	110.000000	48871.3   	110.000000	49704.2   	110.000000	49751.2   	110.000000	618.156   	110.000000	295.86    	110.000000	206.965   	110.000000	169.859   	110.000000	204.078
115.000000	53277.3   	115.000000	52844.1   	115.000000	53738.1   	115.000000	53790.3   	115.000000	667.15    	115.000000	318.35    	115.000000	223.36    	115.000000	182.951   	115.000000	220.535
120.000000	57388.9   	120.000000	56942.1   	120.000000	57898.8   	120.000000	57956.8   	120.000000	717.495   	120.000000	341.438   	120.000000	240.218   	120.000000	196.401   	120.000000	237.493
125.000000	61624.3   	125.000000	61162.9   	125.000000	62184.4   	125.000000	62248.4   	125.000000	769.163   	125.000000	365.101   	125.000000	257.531   	125.000000	210.203   	125.000000	254.946
130.000000	65981.5   	130.000000	65504.1   	130.000000	66592.6   	130.000000	66662.6   	130.000000	822.119   	130.000000	389.341   	130.000000	275.284   	130.000000	224.347   	130.000000	272.881
135.000000	70458.5   	135.000000	69963.4   	135.000000	71120.8   	135.000000	71197.3   	135.000000	876.311   	135.000000	414.137   	135.000000	293.465   	135.000000	238.825   	135.000000	291.288
140.000000	75053.4   	140.000000	74538.4   	140.000000	75766.6   	140.000000	75850.1   	140.000000	931.694   	140.000000	439.458   	140.000000	312.06    	140.000000	253.627   	140.000000	310.154
145.000000	79764.3   	145.000000	79227.1   	145.000000	80528.3   	145.000000	80619     	145.000000	988.246   	145.000000	465.3     	145.000000	331.062   	145.000000	268.747   	145.000000	329.474
150.000000	84589.5   	150.000000	84027.2   	150.000000	85403.9   	150.000000	85501.8   	150.000000	1045.93   	150.000000	491.655   	150.000000	350.457   	150.000000	284.177   	150.000000	349.236
155.000000	89595.2   	155.000000	88936.8   	155.000000	90391.2   	155.000000	90496.6   	155.000000	1104.72   	155.000000	518.509   	155.000000	370.237   	155.000000	299.91    	155.000000	369.431
160.000000	94709.5   	160.000000	93953.8   	160.000000	95488.4   	160.000000	95601.3   	160.000000	1164.57   	160.000000	545.852   	160.000000	390.39    	160.000000	315.94    	160.000000	390.052
165.000000	99928.1   	165.000000	99076.3   	165.000000	100693    	165.000000	100814    	165.000000	1225.45   	165.000000	573.667   	165.000000	410.904   	165.000000	332.257   	165.000000	411.087
170.000000	105249    	170.000000	104302    	170.000000	106003    	170.000000	106133    	170.000000	1287.31   	170.000000	601.945   	170.000000	431.77    	170.000000	348.856   	170.000000	432.526
175.000000	110671    	175.000000	109630    	175.000000	111418    	175.000000	111556    	175.000000	1350.13   	175.000000	630.683   	175.000000	452.979   	175.000000	365.73    	175.000000	454.364
180.000000	116192    	180.000000	115058    	180.000000	116935    	180.000000	117082    	180.000000	1413.91   	180.000000	659.859   	180.000000	474.523   	180.000000	382.873   	180.000000	476.593
185.000000	121810    	185.000000	120584    	185.000000	122553    	185.000000	122709    	185.000000	1478.59   	185.000000	689.453   	185.000000	496.392   	185.000000	400.28    	185.000000	499.205
190.000000	127524    	190.000000	126207    	190.000000	128269    	190.000000	128434    	190.000000	1544.16   	190.000000	719.474   	190.000000	518.577   	190.000000	417.944   	190.000000	522.191
195.000000	133332    	195.000000	131925    	195.000000	134083    	195.000000	134258    	195.000000	1610.58   	195.000000	749.917   	195.000000	541.071   	195.000000	435.86    	195.000000	545.544
200.000000	139232    	200.000000	137736    	200.000000	139993    	200.000000	140177    	200.000000	1677.82   	200.000000	780.754   	200.000000	563.862   	200.000000	454.02    	200.000000	569.255
210.000000	151306    	210.000000	149632    	210.000000	152091    	210.000000	152296    	210.000000	1814.65   	210.000000	843.555   	210.000000	610.306   	210.000000	491.051   	210.000000	617.721
220.000000	163732    	220.000000	161882    	220.000000	164555    	220.000000	164781    	220.000000	1954.51   	220.000000	907.873   	220.000000	657.853   	220.000000	529.001   	220.000000	667.54
230.000000	176500    	230.000000	174477    	230.000000	177371    	230.000000	177619    	230.000000	2097.21   	230.000000	973.677   	230.000000	706.446   	230.000000	567.829   	230.000000	718.658
240.000000	189601    	240.000000	187404    	240.000000	190529    	240.000000	190799    	240.000000	2242.55   	240.000000	1040.84   	240.000000	756.024   	240.000000	607.495   	240.000000	771.022
250.000000	203023    	250.000000	200653    	250.000000	204016    	250.000000	204311    	250.000000	2390.34   	250.000000	1109.31   	250.000000	806.531   	250.000000	647.958   	250.000000	824.576
260.000000	216758    	260.000000	214215    	260.000000	217825    	260.000000	218144    	260.000000	2540.46   	260.000000	1179.05   	260.000000	857.922   	260.000000	689.188   	260.000000	879.28
270.000000	230797    	270.000000	228079    	270.000000	231944    	270.000000	232288    	270.000000	2692.77   	270.000000	1250.03   	270.000000	910.149   	270.000000	731.152   	270.000000	935.089
280.000000	245130    	280.000000	242236    	280.000000	246365    	280.000000	246735    	280.000000	2847.14   	280.000000	1322.14   	280.000000	963.167   	280.000000	773.819   	280.000000	991.96
290.000000	259750    	290.000000	256679    	290.000000	261078    	290.000000	261475    	290.000000	3003.39   	290.000000	1395.34   	290.000000	1016.93   	290.000000	817.154   	290.000000	1049.85
300.000000	274649    	300.000000	271397    	300.000000	276074    	300.000000	276499    	300.000000	3161.39   	300.000000	1469.62   	300.000000	1071.39   	300.000000	861.128   	300.000000	1108.71
310.000000	289819    	310.000000	286384    	310.000000	291345    	310.000000	291799    	310.000000	3321.06   	310.000000	1544.9    	310.000000	1126.51   	310.000000	905.715   	310.000000	1168.51
320.000000	305253    	320.000000	301631    	320.000000	306884    	320.000000	307367    	320.000000	3482.28   	320.000000	1621.19   	320.000000	1182.27   	320.000000	950.891   	320.000000	1229.21
330.000000	320944    	330.000000	317131    	330.000000	322683    	330.000000	323195    	330.000000	3644.95   	330.000000	1698.47   	330.000000	1238.62   	330.000000	996.629   	330.000000	1290.78
340.000000	336885    	340.000000	332878    	340.000000	338734    	340.000000	339276    	340.000000	3808.98   	340.000000	1776.66   	340.000000	1295.53   	340.000000	1042.91   	340.000000	1353.19
350.000000	353069    	350.000000	348863    	350.000000	355029    	350.000000	355602    	350.000000	3974.22   	350.000000	1855.69   	350.000000	1352.96   	350.000000	1089.69   	350.000000	1416.39
360.000000	369490    	360.000000	365080    	360.000000	371562    	360.000000	372167    	360.000000	4140.59   	360.000000	1935.55   	360.000000	1410.88   	360.000000	1136.97   	360.000000	1480.36
370.000000	386143    	370.000000	381523    	370.000000	388325    	370.000000	388964    	370.000000	4308.02   	370.000000	2016.29   	370.000000	1469.26   	370.000000	1184.71   	370.000000	1545.06
380.000000	403021    	380.000000	398186    	380.000000	405314    	380.000000	405986    	380.000000	4476.44   	380.000000	2097.87   	380.000000	1528.08   	380.000000	1232.91   	380.000000	1610.48
390.000000	420119    	390.000000	415063    	390.000000	422521    	390.000000	423227    	390.000000	4645.78   	390.000000	2180.21   	390.000000	1587.32   	390.000000	1281.53   	390.000000	1676.57
400.000000	437430    	400.000000	432148    	400.000000	439941    	400.000000	440681    	400.000000	4815.96   	400.000000	2263.29   	400.000000	1646.94   	400.000000	1330.57   	400.000000	1743.32
410.000000	454951    	410.000000	449435    	410.000000	457569    	410.000000	458343    	410.000000	4986.9    	410.000000	2347.1    	410.000000	1706.92   	410.000000	1380      	410.000000	1810.7
420.000000	472675    	420.000000	466920    	420.000000	475397    	420.000000	476206    	420.000000	5158.53   	420.000000	2431.56   	420.000000	1767.23   	420.000000	1429.8    	420.000000	1878.67
430.000000	490598    	430.000000	484596    	430.000000	493420    	430.000000	494265    	430.000000	5330.76   	430.000000	2516.63   	430.000000	1827.86   	430.000000	1479.96   	430.000000	1947.22
440.000000	508714    	440.000000	502459    	440.000000	511632    	440.000000	512516    	440.000000	5503.55   	440.000000	2602.3    	440.000000	1888.78   	440.000000	1530.45   	440.000000	2016.32
450.000000	527020    	450.000000	520504    	450.000000	530030    	450.000000	530952    	450.000000	5676.85   	450.000000	2688.6    	450.000000	1949.97   	450.000000	1581.27   	450.000000	2085.95
460.000000	545511    	460.000000	538727    	460.000000	548609    	460.000000	549569    	460.000000	5850.62   	460.000000	2775.54   	460.000000	2011.42   	460.000000	1632.4    	460.000000	2156.09
470.000000	564182    	470.000000	557123    	470.000000	567364    	470.000000	568362    	470.000000	6024.81   	470.000000	2863.09   	470.000000	2073.1    	470.000000	1683.83   	470.000000	2226.73
480.000000	583028    	480.000000	575687    	480.000000	586290    	480.000000	587327    	480.000000	6199.36   	480.000000	2951.22   	480.000000	2135      	480.000000	1735.54   	480.000000	2297.83
490.000000	602047    	490.000000	594415    	490.000000	605383    	490.000000	606458    	490.000000	6374.23   	490.000000	3039.87   	490.000000	2197.11   	490.000000	1787.52   	490.000000	2369.37
500.000000	621233    	500.000000	613303    	500.000000	624639    	500.000000	625753    	500.000000	6549.38   	500.000000	3129.02   	500.000000	2259.4    	500.000000	1839.75   	500.000000	2441.35
520.000000	660094    	520.000000	651543    	520.000000	663619    	520.000000	664813    	520.000000	6900.27   	520.000000	3308.85   	520.000000	2384.47   	520.000000	1944.94   	520.000000	2586.52
540.000000	699580    	540.000000	690378    	540.000000	703197    	540.000000	704476    	540.000000	7251.69   	540.000000	3490.66   	540.000000	2510.09   	540.000000	2050.99   	540.000000	2733.18
560.000000	739662    	560.000000	729777    	560.000000	743346    	560.000000	744711    	560.000000	7603.44   	560.000000	3674.24   	560.000000	2636.17   	560.000000	2157.84   	560.000000	2881.23
580.000000	780315    	580.000000	769714    	580.000000	784038    	580.000000	785489    	580.000000	7955.28   	580.000000	3859.47   	580.000000	2762.61   	580.000000	2265.41   	580.000000	3030.53
600.000000	821512    	600.000000	810163    	600.000000	825247    	600.000000	826785    	600.000000	8306.98   	600.000000	4046.3    	600.000000	2889.34   	600.000000	2373.6    	600.000000	3180.98
620.000000	863229    	620.000000	851100    	620.000000	866947    	620.000000	868572    	620.000000	8658.33   	620.000000	4234.65   	620.000000	3016.26   	620.000000	2482.37   	620.000000	3332.47
640.000000	905442    	640.000000	892502    	640.000000	909114    	640.000000	910828    	640.000000	9009.1    	640.000000	4424.42   	640.000000	3143.3    	640.000000	2591.64   	640.000000	3484.9
660.000000	948130    	660.000000	934347    	660.000000	951722    	660.000000	953530    	660.000000	9359.09   	660.000000	4615.53   	660.000000	3270.38   	660.000000	2701.34   	660.000000	3638.17
680.000000	991272    	680.000000	976615    	680.000000	994754    	680.000000	996657    	680.000000	9708.21   	680.000000	4807.94   	680.000000	3397.46   	680.000000	2811.42   	680.000000	3792.21
700.000000	1.03485e+06	700.000000	1.01929e+06	700.000000	1.03819e+06	700.000000	1.04019e+06	700.000000	10056.3   	700.000000	5001.61   	700.000000	3524.48   	700.000000	2921.84   	700.000000	3946.93
720.000000	1.07884e+06	720.000000	1.06234e+06	720.000000	1.08201e+06	720.000000	1.08411e+06	720.000000	10403.4   	720.000000	5196.49   	720.000000	3651.38   	720.000000	3032.54   	720.000000	4102.26
740.000000	1.12322e+06	740.000000	1.10576e+06	740.000000	1.1262e+06	740.000000	1.12839e+06	740.000000	10749.2   	740.000000	5392.52   	740.000000	3778.14   	740.000000	3143.48   	740.000000	4258.13
760.000000	1.16798e+06	760.000000	1.14954e+06	760.000000	1.17074e+06	760.000000	1.17303e+06	760.000000	11093.7   	760.000000	5589.69   	760.000000	3904.69   	760.000000	3254.62   	760.000000	4414.49
780.000000	1.21311e+06	780.000000	1.19365e+06	780.000000	1.21562e+06	780.000000	1.218e+06 	780.000000	11436.8   	780.000000	5787.94   	780.000000	4031      	780.000000	3365.92   	780.000000	4571.26
800.000000	1.25858e+06	800.000000	1.23807e+06	800.000000	1.26081e+06	800.000000	1.26329e+06	800.000000	11778.4   	800.000000	5987.15   	800.000000	4157.04   	800.000000	3477.33   	800.000000	4728.38
820.000000	1.30438e+06	820.000000	1.28281e+06	820.000000	1.30631e+06	820.000000	1.30889e+06	820.000000	12118.5   	820.000000	6187.19   	820.000000	4282.76   	820.000000	3588.83   	820.000000	4885.8
840.000000	1.3505e+06	840.000000	1.32783e+06	840.000000	1.35209e+06	840.000000	1.35478e+06	840.000000	12456.7   	840.000000	6387.97   	840.000000	4408.12   	840.000000	3700.35   	840.000000	5043.44
860.000000	1.39692e+06	860.000000	1.37313e+06	860.000000	1.39814e+06	860.000000	1.40093e+06	860.000000	12793.2   	860.000000	6589.52   	860.000000	4533.08   	860.000000	3811.87   	860.000000	5201.24
880.000000	1.44363e+06	880.000000	1.4187e+06	880.000000	1.44445e+06	880.000000	1.44735e+06	880.000000	13127.7   	880.000000	6791.88   	880.000000	4657.63   	880.000000	3923.36   	880.000000	5359.16
900.000000	1.49061e+06	900.000000	1.46452e+06	900.000000	1.49101e+06	900.000000	1.49401e+06	900.000000	13460.4   	900.000000	6995.02   	900.000000	4781.73   	900.000000	4034.79   	900.000000	5517.17
920.000000	1.53785e+06	920.000000	1.51058e+06	920.000000	1.5378e+06	920.000000	1.54091e+06	920.000000	13791.1   	920.000000	7198.84   	920.000000	4905.39   	920.000000	4146.14   	920.000000	5675.22
940.000000	1.58535e+06	940.000000	1.55688e+06	940.000000	1.58482e+06	940.000000	1.58803e+06	940.000000	14120     	940.000000	7403.26   	940.000000	5028.56   	940.000000	4257.4    	940.000000	5833.28
960.000000	1.63308e+06	960.000000	1.60339e+06	960.000000	1.63205e+06	960.000000	1.63537e+06	960.000000	14446.8   	960.000000	7608.3    	960.000000	5151.25   	960.000000	4368.53   	960.000000	5991.31
980.000000	1.68104e+06	980.000000	1.65012e+06	980.000000	1.67949e+06	980.000000	1.68291e+06	980.000000	14771.7   	980.000000	7813.98   	980.000000	5273.43   	980.000000	4479.51   	980.000000	6149.28
1000.000000	1.72922e+06	1000.000000	1.69704e+06	1000.000000	1.72713e+06	1000.000000	1.73065e+06	1000.000000	15094.7   	1000.000000	8020.34   	1000.000000	5395.09   	1000.000000	4590.33   	1000.000000	6307.16
1020.000000	1.77761e+06	1020.000000	1.74416e+06	1020.000000	1.77495e+06	1020.000000	1.77858e+06	1020.000000	15415.6   	1020.000000	8227.37   	1020.000000	5516.23   	1020.000000	4700.98   	1020.000000	6464.93
1040.000000	1.82619e+06	1040.000000	1.79146e+06	1040.000000	1.82296e+06	1040.000000	1.8267e+06	1040.000000	15734.6   	1040.000000	8435.03   	1040.000000	5636.83   	1040.000000	4811.44   	1040.000000	6622.55
1060.000000	1.87496e+06	1060.000000	1.83894e+06	1060.000000	1.87114e+06	1060.000000	1.87498e+06	1060.000000	16051.5   	1060.000000	8643.28   	1060.000000	5756.89   	1060.000000	4921.69   	1060.000000	6780.02
1080.000000	1.92391e+06	1080.000000	1.88658e+06	1080.000000	1.91948e+06	1080.000000	1.92343e+06	1080.000000	16366.5   	1080.000000	8852.05   	1080.000000	5876.39   	1080.000000	5031.72   	1080.000000	6937.29
1100.000000	1.97303e+06	1100.000000	1.93439e+06	1100.000000	1.96798e+06	1100.000000	1.97204e+06	1100.000000	16679.5   	1100.000000	9061.32   	1100.000000	5995.34   	1100.000000	5141.51   	1100.000000	7094.36
1120.000000	2.02231e+06	1120.000000	1.98234e+06	1120.000000	2.01663e+06	1120.000000	2.02079e+06	1120.000000	16990.4   	1120.000000	9271.08   	1120.000000	6113.72   	1120.000000	5251.06   	1120.000000	7251.2
1140.000000	2.07174e+06	1140.000000	2.03044e+06	1140.000000	2.06543e+06	1140.000000	2.0697e+06	1140.000000	17299.4   	1140.000000	9481.3    	1140.000000	6231.53   	1140.000000	5360.36   	1140.000000	7407.79
1160.000000	2.12132e+06	1160.000000	2.07867e+06	1160.000000	2.11436e+06	1160.000000	2.11874e+06	1160.000000	17606.4   	1160.000000	9692      	1160.000000	6348.76   	1160.000000	5469.38   	1160.000000	7564.11
1180.000000	2.17104e+06	1180.000000	2.12703e+06	1180.000000	2.16343e+06	1180.000000	2.16791e+06	1180.000000	17911.4   	1180.000000	9903.16   	1180.000000	6465.41   	1180.000000	5578.13   	1180.000000	7720.14
1200.000000	2.22088e+06	1200.000000	2.17552e+06	1200.000000	2.21262e+06	1200.000000	2.21722e+06	1200.000000	18214.4   	1200.000000	10114.8   	1200.000000	6581.48   	1200.000000	5686.6    	1200.000000	7875.87
1220.000000	2.27085e+06	1220.000000	2.22413e+06	1220.000000	2.26193e+06	1220.000000	2.26664e+06	1220.000000	18515.4   	1220.000000	10326.9   	1220.000000	6696.97   	1220.000000	5794.77   	1220.000000	8031.3
1240.000000	2.32093e+06	1240.000000	2.27285e+06	1240.000000	2.31136e+06	1240.000000	2.31618e+06	1240.000000	18814.5   	1240.000000	10539.4   	1240.000000	6811.88   	1240.000000	5902.64   	1240.000000	8186.4
1260.000000	2.37112e+06	1260.000000	2.32168e+06	1260.000000	2.36089e+06	1260.000000	2.36583e+06	1260.000000	19111.6   	1260.000000	10752.4   	1260.000000	6926.2    	1260.000000	6010.21   	1260.000000	8341.17
1280.000000	2.42142e+06	1280.000000	2.3706e+06	1280.000000	2.41054e+06	1280.000000	2.41559e+06	1280.000000	19406.9   	1280.000000	10965.8   	1280.000000	7039.94   	1280.000000	6117.47   	1280.000000	8495.59
1300.000000	2.47181e+06	1300.000000	2.41963e+06	1300.000000	2.46028e+06	1300.000000	2.46544e+06	1300.000000	19700.2   	1300.000000	11179.7   	1300.000000	7153.11   	1300.000000	6224.42   	1300.000000	8649.66
1320.000000	2.52229e+06	1320.000000	2.46874e+06	1320.000000	2.51013e+06	1320.000000	2.5154e+06	1320.000000	19991.6   	1320.000000	11393.9   	1320.000000	7265.69   	1320.000000	6331.05   	1320.000000	8803.36
1340.000000	2.57286e+06	1340.000000	2.51794e+06	1340.000000	2.56007e+06	1340.000000	2.56545e+06	1340.000000	20281.2   	1340.000000	11608.7   	1340.000000	7377.69   	1340.000000	6437.35   	1340.000000	8956.69
1360.000000	2.6235e+06	1360.000000	2.56722e+06	1360.000000	2.61009e+06	1360.000000	2.61559e+06	1360.000000	20568.9   	1360.000000	11823.8   	1360.000000	7489.11   	1360.000000	6543.32   	1360.000000	9109.64
1380.000000	2.67422e+06	1380.000000	2.61657e+06	1380.000000	2.66021e+06	1380.000000	2.66581e+06	1380.000000	20854.7   	1380.000000	12039.3   	1380.000000	7599.96   	1380.000000	6648.96   	1380.000000	9262.2
1400.000000	2.72501e+06	1400.000000	2.666e+06 	1400.000000	2.7104e+06	1400.000000	2.71612e+06	1400.000000	21138.7   	1400.000000	12255.3   	1400.000000	7710.22   	1400.000000	6754.26   	1400.000000	9414.36
1420.000000	2.77586e+06	1420.000000	2.7155e+06	1420.000000	2.76067e+06	1420.000000	2.76651e+06	1420.000000	21420.9   	1420.000000	12471.6   	1420.000000	7819.92   	1420.000000	6859.22   	1420.000000	9566.12
1440.000000	2.82677e+06	1440.000000	2.76506e+06	1440.000000	2.81102e+06	1440.000000	2.81696e+06	1440.000000	21701.3   	1440.000000	12688.3   	1440.000000	7929.04   	1440.000000	6963.85   	1440.000000	9717.47
1460.000000	2.87773e+06	1460.000000	2.81468e+06	1460.000000	2.86144e+06	1460.000000	2.86749e+06	1460.000000	21979.9   	1460.000000	12905.5   	1460.000000	8037.6    	1460.000000	7068.12   	1460.000000	9868.4
1480.000000	2.92875e+06	1480.000000	2.86436e+06	1480.000000	2.91192e+06	1480.000000	2.91809e+06	1480.000000	22256.8   	1480.000000	13123     	1480.000000	8145.59   	1480.000000	7172.05   	1480.000000	10018.9
1500.000000	2.9798e+06	1500.000000	2.91408e+06	1500.000000	2.96248e+06	1500.000000	2.96876e+06	1500.000000	22531.9   	1500.000000	13340.9   	1500.000000	8253.01   	1500.000000	7275.63   	1500.000000	10169
1520.000000	3.0309e+06	1520.000000	2.96386e+06	1520.000000	3.01309e+06	1520.000000	3.01948e+06	1520.000000	22805.2   	1520.000000	13559.2   	1520.000000	8359.88   	1520.000000	7378.86   	1520.000000	10318.7
1540.000000	3.08203e+06	1540.000000	3.01368e+06	1540.000000	3.06376e+06	1540.000000	3.07027e+06	1540.000000	23076.9   	1540.000000	13777.8   	1540.000000	8466.19   	1540.000000	7481.74   	1540.000000	10467.9
1560.000000	3.1332e+06	1560.000000	3.06355e+06	1560.000000	3.1145e+06	1560.000000	3.12111e+06	1560.000000	23346.8   	1560.000000	13996.9   	1560.000000	8571.94   	1560.000000	7584.27   	1560.000000	10616.7
1580.000000	3.18439e+06	1580.000000	3.11345e+06	1580.000000	3.16528e+06	1580.000000	3.17201e+06	1580.000000	23615.1   	1580.000000	14216.2   	1580.000000	8677.15   	1580.000000	7686.44   	1580.000000	10765
1600.000000	3.23561e+06	1600.000000	3.16339e+06	1600.000000	3.21612e+06	1600.000000	3.22296e+06	1600.000000	23881.6   	1600.000000	14436     	1600.000000	8781.81   	1600.000000	7788.25   	1600.000000	10912.9
1620.000000	3.28685e+06	1620.000000	3.21336e+06	1620.000000	3.267e+06 	1620.000000	3.27396e+06	1620.000000	24146.5   	1620.000000	14656.1   	1620.000000	8885.92   	1620.000000	7889.71   	1620.000000	11060.4
1640.000000	3.33811e+06	1640.000000	3.26337e+06	1640.000000	3.31794e+06	1640.000000	3.325e+06 	1640.000000	24409.8   	1640.000000	14876.6   	1640.000000	8989.5    	1640.000000	7990.81   	1640.000000	11207.4
1660.000000	3.38938e+06	1660.000000	3.3134e+06	1660.000000	3.36891e+06	1660.000000	3.37609e+06	1660.000000	24671.5   	1660.000000	15097.5   	1660.000000	9092.54   	1660.000000	8091.56   	1660.000000	11354
1680.000000	3.44066e+06	1680.000000	3.36345e+06	1680.000000	3.41993e+06	1680.000000	3.42722e+06	1680.000000	24931.5   	1680.000000	15318.7   	1680.000000	9195.04   	1680.000000	8191.94   	1680.000000	11500.1
1700.000000	3.49194e+06	1700.000000	3.41353e+06	1700.000000	3.47099e+06	1700.000000	3.4784e+06	1700.000000	25189.9   	1700.000000	15540.2   	1700.000000	9297.01   	1700.000000	8291.96   	1700.000000	11645.7
1750.000000	3.62017e+06	1750.000000	3.53879e+06	1750.000000	3.5988e+06	1750.000000	3.6065e+06	1750.000000	25829.1   	1750.000000	16095.6   	1750.000000	9549.66   	1750.000000	8540.46   	1750.000000	12007.9
1800.000000	3.74838e+06	1800.000000	3.66414e+06	1800.000000	3.72682e+06	1800.000000	3.73481e+06	1800.000000	26458.8   	1800.000000	16653     	1800.000000	9799.08   	1800.000000	8786.72   	1800.000000	12367.1
1850.000000	3.87652e+06	1850.000000	3.78954e+06	1850.000000	3.85503e+06	1850.000000	3.8633e+06	1850.000000	27079.1   	1850.000000	17212.4   	1850.000000	10045.4   	1850.000000	9030.76   	1850.000000	12723.5
1900.000000	4.00456e+06	1900.000000	3.91496e+06	1900.000000	3.9834e+06	1900.000000	3.99196e+06	1900.000000	27690.4   	1900.000000	17773.6   	1900.000000	10288.5   	1900.000000	9272.59   	1900.000000	13077.1
1950.000000	4.13246e+06	1950.000000	4.04036e+06	1950.000000	4.11191e+06	1950.000000	4.12076e+06	1950.000000	28292.9   	1950.000000	18336.7   	1950.000000	10528.7   	1950.000000	9512.23   	1950.000000	13427.8
2000.000000	4.26019e+06	2000.000000	4.16573e+06	2000.000000	4.24054e+06	2000.000000	4.24968e+06	2000.000000	28886.8   	2000.000000	18901.5   	2000.000000	10765.9   	2000.000000	9749.7    	2000.000000	13775.6
2100.000000	4.51499e+06	2100.000000	4.41624e+06	2100.000000	4.49809e+06	2100.000000	4.50781e+06	2100.000000	30049.9   	2100.000000	20036.9   	2100.000000	11231.8   	2100.000000	10218.2   	2100.000000	14462.8
2200.000000	4.76874e+06	2200.000000	4.66631e+06	2200.000000	4.75592e+06	2200.000000	4.76622e+06	2200.000000	31181.6   	2200.000000	21180.1   	2200.000000	11686.6   	2200.000000	10678.3   	2200.000000	15138.8
2300.000000	5.02125e+06	2300.000000	4.9158e+06	2300.000000	5.01393e+06	2300.000000	5.02479e+06	2300.000000	32283.3   	2300.000000	22331.2   	2300.000000	12130.8   	2300.000000	11130.2   	2300.000000	15803.9
2400.000000	5.27236e+06	2400.000000	5.16456e+06	2400.000000	5.27201e+06	2400.000000	5.28344e+06	2400.000000	33356.7   	2400.000000	23490     	2400.000000	12564.9   	2400.000000	11574     	2400.000000	16458.2
2500.000000	5.52192e+06	2500.000000	5.41249e+06	2500.000000	5.5301e+06	2500.000000	5.5421e+06	2500.000000	34403.3   	2500.000000	24656.1   	2500.000000	12989.5   	2500.000000	12010.1   	2500.000000	17102
2600.000000	5.76981e+06	2600.000000	5.65949e+06	2600.000000	5.78813e+06	2600.000000	5.80069e+06	2600.000000	35424.5   	2600.000000	25829.4   	2600.000000	13404.8   	2600.000000	12438.6   	2600.000000	17735.6
2700.000000	6.01592e+06	2700.000000	5.90548e+06	2700.000000	6.04604e+06	2700.000000	6.05915e+06	2700.000000	36421.5   	2700.000000	27009.6   	2700.000000	13811.3   	2700.000000	12859.8   	2700.000000	18359.1
2800.000000	6.26019e+06	2800.000000	6.15038e+06	2800.000000	6.30379e+06	2800.000000	6.31746e+06	2800.000000	37395.6   	2800.000000	28196.5   	2800.000000	14209.4   	2800.000000	13273.9   	2800.000000	18972.9
2900.000000	6.50252e+06	2900.000000	6.39414e+06	2900.000000	6.56133e+06	2900.000000	6.57555e+06	2900.000000	38347.8   	2900.000000	29390.2   	2900.000000	14599.5   	2900.000000	13681     	2900.000000	19577.3
3000.000000	6.74286e+06	3000.000000	6.6367e+06	3000.000000	6.81864e+06	3000.000000	6.83341e+06	3000.000000	39279.2   	3000.000000	30590.6   	3000.000000	14981.9   	3000.000000	14081.5   	3000.000000	20172.5
3200.000000	7.21738e+06	3200.000000	7.11806e+06	3200.000000	7.33242e+06	3200.000000	7.34829e+06	3200.000000	41083.4   	3200.000000	33011.2   	3200.000000	15725     	3200.000000	14863.3   	3200.000000	21336.2
3400.000000	7.68345e+06	3400.000000	7.5942e+06	3400.000000	7.84496e+06	3400.000000	7.86194e+06	3400.000000	42815.4   	3400.000000	35458.5   	3400.000000	16441.1   	3400.000000	15620.9   	3400.000000	22466.3
3600.000000	8.1409e+06	3600.000000	8.06493e+06	3600.000000	8.35614e+06	3600.000000	8.37422e+06	3600.000000	44481.4   	3600.000000	37932.3   	3600.000000	17132.4   	3600.000000	16355.7   	3600.000000	23564.6
3800.000000	8.58962e+06	3800.000000	8.53012e+06	3800.000000	8.86588e+06	3800.000000	8.88506e+06	3800.000000	46087.1   	3800.000000	40432.8   	3800.000000	17800.9   	3800.000000	17069.2   	3800.000000	24633.1
4000.000000	9.02961e+06	4000.000000	8.9897e+06	4000.000000	9.37413e+06	4000.000000	9.39439e+06	4000.000000	47637.1   	4000.000000	42959.8   	4000.000000	18448.3   	4000.000000	17762.8   	4000.000000	25673.4
4200.000000	9.46088e+06	4200.000000	9.44365e+06	4200.000000	9.88085e+06	4200.000000	9.9022e+06	4200.000000	49136.1   	4200.000000	45513.2   	4200.000000	19076.2   	4200.000000	18437.5   	4200.000000	26687.2
4400.000000	9.88352e+06	4400.000000	9.89196e+06	4400.000000	1.0386e+07	4400.000000	1.04085e+07	4400.000000	50587.6   	4400.000000	48092.7   	4400.000000	19686     	4400.000000	19094.6   	4400.000000	27676
4600.000000	1.02976e+07	4600.000000	1.03347e+07	4600.000000	1.08897e+07	4600.000000	1.09132e+07	4600.000000	51995.3   	4600.000000	50698     	4600.000000	20279.1   	4600.000000	19735.1   	4600.000000	28641.2
4800.000000	1.07033e+07	4800.000000	1.07718e+07	4800.000000	1.13918e+07	4800.000000	1.14163e+07	4800.000000	53362.2   	4800.000000	53328.6   	4800.000000	20856.5   	4800.000000	20359.9   	4800.000000	29584.1
5000.000000	1.11008e+07	5000.000000	1.12034e+07	5000.000000	1.18924e+07	5000.000000	1.1918e+07	5000.000000	54691     	5000.000000	55984.3   	5000.000000	21419.4   	5000.000000	20970     	5000.000000	30505.9
5250.000000	1.15862e+07	5250.000000	1.17353e+07	5250.000000	1.2516e+07	5250.000000	1.25429e+07	5250.000000	56302.2   	5250.000000	59338.5   	5250.000000	22103.9   	5250.000000	21713.1   	5250.000000	31630.2
5500.000000	1.20593e+07	5500.000000	1.22588e+07	5500.000000	1.31374e+07	5500.000000	1.31655e+07	5500.000000	57862.2   	5500.000000	62730.5   	5500.000000	22768.9   	5500.000000	22435.8   	5500.000000	32725.3
6000.000000	1.297e+07 	6000.000000	1.32814e+07	6000.000000	1.43733e+07	6000.000000	1.4404e+07	6000.000000	60843.4   	6000.000000	69625.5   	6000.000000	24046.1   	6000.000000	23825.6   	6000.000000	34835.3
6500.000000	1.38356e+07	6500.000000	1.42727e+07	6500.000000	1.56007e+07	6500.000000	1.56339e+07	6500.000000	63660.7   	6500.000000	76664.8   	6500.000000	25261.2   	6500.000000	25148.8   	6500.000000	36848.9
7000.000000	1.4659e+07	7000.000000	1.52342e+07	7000.000000	1.682e+07 	7000.000000	1.68556e+07	7000.000000	66335.1   	7000.000000	83844.9   	7000.000000	26422.6   	7000.000000	26413.1   	7000.000000	38777.2
7500.000000	1.54428e+07	7500.000000	1.61672e+07	7500.000000	1.80316e+07	7500.000000	1.80696e+07	7500.000000	68883.9   	7500.000000	91162     	7500.000000	27537.3   	7500.000000	27625.4   	7500.000000	40629.4
8000.000000	1.61897e+07	8000.000000	1.70734e+07	8000.000000	1.92359e+07	8000.000000	1.92763e+07	8000.000000	71321     	8000.000000	98613.7   	8000.000000	28611.2   	8000.000000	28791.1   	8000.000000	42413.6
8500.000000	1.6902e+07	8500.000000	1.7954e+07	8500.000000	2.04333e+07	8500.000000	2.04761e+07	8500.000000	73658.3   	8500.000000	106196    	8500.000000	29648.9   	8500.000000	29915.1   	8500.000000	44136.7
9000.000000	1.7582e+07	9000.000000	1.88104e+07	9000.000000	2.16243e+07	9000.000000	2.16694e+07	9000.000000	75906.2   	9000.000000	113902    	9000.000000	30654.7   	9000.000000	31001.7   	9000.000000	45804.6
9500.000000	1.82318e+07	9500.000000	1.96438e+07	9500.000000	2.28092e+07	9500.000000	2.28565e+07	9500.000000	78073     	9500.000000	121729    	9500.000000	31632     	9500.000000	32054.5   	9500.000000	47422.7
10000.000000	1.88533e+07	10000.000000	2.04552e+07	10000.000000	2.39883e+07	10000.000000	2.40378e+07	10000.000000	80165.9   	10000.000000	129674    	10000.000000	32583.9   	10000.000000	33076.6   	10000.000000	48995.3
11000.000000	2.00183e+07	11000.000000	2.20169e+07	11000.000000	2.63302e+07	11000.000000	2.6384e+07	11000.000000	84154.6   	11000.000000	145923    	11000.000000	34421.2   	11000.000000	35039.3   	11000.000000	52019.7
12000.000000	2.10899e+07	12000.000000	2.35032e+07	12000.000000	2.8652e+07	12000.000000	2.87101e+07	12000.000000	87913.8   	12000.000000	162637    	12000.000000	36183.7   	12000.000000	36908.3   	12000.000000	54904.7
13000.000000	2.20787e+07	13000.000000	2.49211e+07	13000.000000	3.09556e+07	13000.000000	3.10179e+07	13000.000000	91475.8   	13000.000000	179798    	13000.000000	37884.2   	13000.000000	38698.1   	13000.000000	57671.3
14000.000000	2.29941e+07	14000.000000	2.62766e+07	14000.000000	3.32426e+07	14000.000000	3.33089e+07	14000.000000	94866.7   	14000.000000	197381    	14000.000000	39532.9   	14000.000000	40420.4   	14000.000000	60336.8
15000.000000	2.38438e+07	15000.000000	2.75749e+07	15000.000000	3.55143e+07	15000.000000	3.55845e+07	15000.000000	98107.2   	15000.000000	215363    	15000.000000	41137.7   	15000.000000	42084.5   	15000.000000	62914.9
16000.000000	2.46349e+07	16000.000000	2.88209e+07	16000.000000	3.77718e+07	16000.000000	3.7846e+07	16000.000000	101214    	16000.000000	233729    	16000.000000	42704.9   	16000.000000	43698.2   	16000.000000	65417
17000.000000	2.53731e+07	17000.000000	3.00185e+07	17000.000000	4.00163e+07	17000.000000	4.00942e+07	17000.000000	104202    	17000.000000	252471    	17000.000000	44239.6   	17000.000000	45267.7   	17000.000000	67852.6
18000.000000	2.60636e+07	18000.000000	3.11714e+07	18000.000000	4.22486e+07	18000.000000	4.23302e+07	18000.000000	107083    	18000.000000	271584    	18000.000000	45745.9   	18000.000000	46798.3   	18000.000000	70229.4
19000.000000	2.67109e+07	19000.000000	3.2283e+07	19000.000000	4.44694e+07	19000.000000	4.45547e+07	19000.000000	109866    	19000.000000	291061    	19000.000000	47226.9   	19000.000000	48294.4   	19000.000000	72554.1
20000.000000	2.7319e+07	20000.000000	3.33561e+07	20000.000000	4.66796e+07	20000.000000	4.67684e+07	20000.000000	112560    	20000.000000	310896    	20000.000000	48685.5   	20000.000000	49759.7   	20000.000000	74832.3
21000.000000	2.78913e+07	21000.000000	3.43935e+07	21000.000000	4.88796e+07	21000.000000	4.89721e+07	21000.000000	115173    	21000.000000	331083    	21000.000000	50123.8   	21000.000000	51197.3   	21000.000000	77068.7
22000.000000	2.84309e+07	22000.000000	3.53973e+07	22000.000000	5.10702e+07	22000.000000	5.11661e+07	22000.000000	117711    	22000.000000	351605    	22000.000000	51543.8   	22000.000000	52609.9   	22000.000000	79267.3
23000.000000	2.89405e+07	23000.000000	3.63699e+07	23000.000000	5.32518e+07	23000.000000	5.33512e+07	23000.000000	120180    	23000.000000	372458    	23000.000000	52946.9   	23000.000000	53999.9   	23000.000000	81431.8
24000.000000	2.94225e+07	24000.000000	3.7313e+07	24000.000000	5.5425e+07	24000.000000	5.55277e+07	24000.000000	122585    	24000.000000	393639    	24000.000000	54334.4   	24000.000000	55369.1   	24000.000000	83565.1
25000.000000	2.98791e+07	25000.000000	3.82286e+07	25000.000000	5.75902e+07	25000.000000	5.76961e+07	25000.000000	124931    	25000.000000	415125    	25000.000000	55707.4   	25000.000000	56719.3   	25000.000000	85669.8
26000.000000	3.03123e+07	26000.000000	3.91182e+07	26000.000000	5.97477e+07	26000.000000	5.98568e+07	26000.000000	127222    	26000.000000	436897    	26000.000000	57066.7   	26000.000000	58051.9   	26000.000000	87748.1
27000.000000	3.07237e+07	27000.000000	3.99833e+07	27000.000000	6.18979e+07	27000.000000	6.20102e+07	27000.000000	129460    	27000.000000	458963    	27000.000000	58413.1   	27000.000000	59368.2   	27000.000000	89802.1
28000.000000	3.11151e+07	28000.000000	4.08251e+07	28000.000000	6.40411e+07	28000.000000	6.41565e+07	28000.000000	131650    	28000.000000	481327    	28000.000000	59747.3   	28000.000000	60669.3   	28000.000000	91833.4
29000.000000	3.14877e+07	29000.000000	4.16451e+07	29000.000000	6.61778e+07	29000.000000	6.62961e+07	29000.000000	133794    	29000.000000	503983    	29000.000000	61069.7   	29000.000000	61956.2   	29000.000000	93843.6
30000.000000	3.1843e+07	30000.000000	4.24443e+07	30000.000000	6.83081e+07	30000.000000	6.84293e+07	30000.000000	135895    	30000.000000	526916    	30000.000000	62380.9   	30000.000000	63229.8   	30000.000000	95834
32000.000000	3.25058e+07	32000.000000	4.39844e+07	32000.000000	7.25506e+07	32000.000000	7.26774e+07	32000.000000	139976    	32000.000000	573585    	32000.000000	64971.1   	32000.000000	65739.7   	32000.000000	99759.7
34000.000000	3.31119e+07	34000.000000	4.54531e+07	34000.000000	7.67706e+07	34000.000000	7.69027e+07	34000.000000	143912    	34000.000000	621303    	34000.000000	67520.5   	34000.000000	68204.1   	34000.000000	103618
36000.000000	3.36681e+07	36000.000000	4.68569e+07	36000.000000	8.09698e+07	36000.000000	8.11068e+07	36000.000000	147714    	36000.000000	670040    	36000.000000	70030.7   	36000.000000	70626.8   	36000.000000	107416
38000.000000	3.41802e+07	38000.000000	4.82014e+07	38000.000000	8.51496e+07	38000.000000	8.52912e+07	38000.000000	151397    	38000.000000	719741    	38000.000000	72502.9   	38000.000000	73010.5   	38000.000000	111157
40000.000000	3.46531e+07	40000.000000	4.94915e+07	40000.000000	8.93112e+07	40000.000000	8.94571e+07	40000.000000	154970    	40000.000000	770354    	40000.000000	74938.4   	40000.000000	75357.8   	40000.000000	114845
42000.000000	3.50911e+07	42000.000000	5.07316e+07	42000.000000	9.34558e+07	42000.000000	9.36058e+07	42000.000000	158441    	42000.000000	821853    	42000.000000	77338.3   	42000.000000	77670.7   	42000.000000	118483
44000.000000	3.54978e+07	44000.000000	5.19256e+07	44000.000000	9.75844e+07	44000.000000	9.77381e+07	44000.000000	161819    	44000.000000	874229    	44000.000000	79703.5   	44000.000000	79951     	44000.000000	122074
46000.000000	3.58763e+07	46000.000000	5.30768e+07	46000.000000	1.01698e+08	46000.000000	1.01855e+08	46000.000000	165112    	46000.000000	927479    	46000.000000	82035.1   	46000.000000	82200.2   	46000.000000	125621
48000.000000	3.62295e+07	48000.000000	5.41882e+07	48000.000000	1.05797e+08	48000.000000	1.05957e+08	48000.000000	168324    	48000.000000	981603    	48000.000000	84333.7   	48000.000000	84419.4   	48000.000000	129124
50000.000000	3.65596e+07	50000.000000	5.52627e+07	50000.000000	1.09883e+08	50000.000000	1.10046e+08	50000.000000	171461    	50000.000000	1.03658e+06	50000.000000	86600.1   	50000.000000	86609.7   	50000.000000	132586
