Energy (MeV/u)	0 - [He-base] F.Hubert et al, AD&ND Tables 46(1990)1	1 - [H -base] J.F.Ziegler et al, Pergamon Press, NY (low energy)	2 - ATIMA 1.2  LS-theory (recommended for high energy)	3 - ATIMA 1.2  without LS-correction	4 - Range straggling - method [0] - LISE	5 - Range straggling - method [1] - Atima	6 - Lateral range - method [0] - LISE	7 - Lateral range - method [1] - Atima	8 - Lateral range - method [2] - PDG
0.001000	0.0634173 	0.0634173 	0.0581321 	0.0581321 	-	-	0.000153968	0.000246291	0.000116448
93.633957	19359.6   	19165.1   	19474.8   	19495.2   	134.72    	65.4464   	43.3332   	37.3493   	43.0608   
187.266914	64754.9   	64099.1   	65015.6   	65189.3   	433.774   	202.981   	139.815   	117.45    	142.6     
280.899871	128268    	126757    	128619    	129061    	822.449   	383.706   	267.093   	223.602   	279.079   
374.532828	204949    	202497    	205589    	206394    	1259.89   	593.176   	412.616   	346.78    	440.775   
468.165785	291837    	288194    	292696    	293938    	1721.74   	822.711   	568.561   	481.127   	619.715   
561.798742	386843    	381669    	387671    	389408    	2193.23   	1066.88   	729.967   	622.719   	810.395   
655.431699	488354    	481285    	488812    	491090    	2665.18   	1322.03   	893.575   	768.785   	1008.83   
749.064655	595105    	585791    	594834    	597689    	3132      	1585.7    	1057.26   	917.372   	1212.14   
842.697612	706083    	694210    	704744    	708210    	3590.3    	1856.08   	1219.65   	1067.08   	1418.23   
936.330569	820505    	805808    	817756    	821853    	4037.39   	2131.6    	1379.7    	1216.81   	1625.42   
1029.963526	937689    	919956    	933248    	937990    	4472.23   	2411.53   	1536.82   	1365.8    	1832.53   
1123.596483	1.05706e+06	1.03614e+06	1.05073e+06	1.05614e+06	4894.5    	2694.85   	1690.68   	1513.53   	2038.71   
1217.229440	1.17818e+06	1.15397e+06	1.16986e+06	1.17594e+06	5304.3    	2981.53   	1841.1    	1659.65   	2243.38   
1310.862397	1.30063e+06	1.27309e+06	1.29031e+06	1.29708e+06	5701.82   	3271.36   	1988.01   	1803.9    	2446.11   
1404.495354	1.42407e+06	1.39321e+06	1.41185e+06	1.4193e+06	6087.52   	3563.97   	2131.42   	1946.14   	2646.59   
1498.128311	1.54824e+06	1.5141e+06	1.53428e+06	1.54241e+06	6461.84   	3859.16   	2271.39   	2086.24   	2844.61   
1591.761268	1.67287e+06	1.63556e+06	1.65741e+06	1.66625e+06	6825.14   	4156.79   	2407.95   	2224.13   	3040      
1685.394225	1.79775e+06	1.75741e+06	1.78112e+06	1.79065e+06	7178.01   	4456.57   	2541.23   	2359.79   	3232.67   
1779.027182	1.92271e+06	1.8795e+06	1.90529e+06	1.91553e+06	7520.6    	4758.36   	2671.23   	2493.12   	3422.47   
1872.660139	2.04758e+06	2.0017e+06	2.0298e+06	2.04075e+06	7854.03   	5062.11   	2798.26   	2624.29   	3609.56   
1966.293096	2.17223e+06	2.12391e+06	2.1546e+06	2.16625e+06	8178.55   	5367.97   	2922.36   	2753.26   	3793.87   
2059.926052	2.2965e+06	2.24601e+06	2.27963e+06	2.29198e+06	8493.64   	5676.2    	3043.33   	2879.82   	3975.1    
2153.559009	2.42037e+06	2.36796e+06	2.40479e+06	2.41783e+06	8801.48   	5986.3    	3161.87   	3004.46   	4153.86   
2247.191966	2.54371e+06	2.48967e+06	2.53004e+06	2.54379e+06	9101.63   	6298.4    	3277.82   	3127.02   	4329.92   
2340.824923	2.66645e+06	2.61108e+06	2.65535e+06	2.6698e+06	9394.48   	6612.44   	3391.29   	3247.54   	4503.32   
2434.457880	2.78853e+06	2.73215e+06	2.78069e+06	2.79583e+06	9680.38   	6928.35   	3502.37   	3366.08   	4674.12   
2528.090837	2.90989e+06	2.85282e+06	2.90601e+06	2.92186e+06	9959.68   	7246.06   	3611.17   	3482.69   	4842.38   
2621.723794	3.03048e+06	2.97306e+06	3.03131e+06	3.04784e+06	10232.7   	7565.55   	3717.79   	3597.42   	5008.15   
2715.356751	3.15026e+06	3.09284e+06	3.15655e+06	3.17377e+06	10499.7   	7886.79   	3822.31   	3710.33   	5171.49   
2808.989708	3.26919e+06	3.21212e+06	3.28172e+06	3.29963e+06	10761     	8209.8    	3924.83   	3821.46   	5332.47   
2902.622665	3.38724e+06	3.33088e+06	3.40679e+06	3.42539e+06	11016.9   	8534.56   	4025.42   	3930.88   	5491.15   
2996.255622	3.50435e+06	3.44907e+06	3.53176e+06	3.55103e+06	11267.3   	8861.18   	4124.08   	4038.55   	5647.48   
3089.888579	3.62002e+06	3.56638e+06	3.65653e+06	3.67648e+06	11510.2   	9190.57   	4220.06   	4143.74   	5800.48   
3183.521536	3.73563e+06	3.68366e+06	3.7813e+06	3.80193e+06	11752.8   	9520.06   	4315.93   	4248.84   	5953.34   
3277.154493	3.84955e+06	3.79989e+06	3.90582e+06	3.92712e+06	11987.4   	9852.7    	4408.93   	4351.25   	6102.56   
3370.787449	3.9631e+06	3.91589e+06	4.03029e+06	4.05227e+06	12220.2   	10186     	4501.31   	4453.09   	6251.01   
3464.420406	4.07521e+06	4.03099e+06	4.15453e+06	4.17718e+06	12447     	10521.9   	4591.5    	4552.82   	6396.59   
3558.053363	4.18666e+06	4.14568e+06	4.27867e+06	4.30199e+06	12671     	10859     	4680.69   	4651.61   	6540.88   
3651.686320	4.29693e+06	4.25962e+06	4.40261e+06	4.4266e+06	12890.5   	11198.1   	4768.26   	4748.82   	6683.01   
3745.319277	4.40626e+06	4.37296e+06	4.5264e+06	4.55106e+06	13106.4   	11538.8   	4854.51   	4844.74   	6823.39   
3838.952234	4.5147e+06	4.48572e+06	4.65004e+06	4.67537e+06	13319.2   	11881     	4939.63   	4939.55   	6962.23   
3932.585191	4.62189e+06	4.59769e+06	4.77347e+06	4.79946e+06	13527.7   	12225.4   	5023.16   	5032.79   	7098.92   
4026.218148	4.7285e+06	4.70928e+06	4.8968e+06	4.92345e+06	13734.2   	12570.7   	5105.99   	5125.32   	7234.64   
4119.851105	4.83357e+06	4.81988e+06	5.01987e+06	5.04717e+06	13935.7   	12918.6   	5187.02   	5216.04   	7367.85   
4213.484062	4.93834e+06	4.93028e+06	5.14288e+06	5.17083e+06	14136.4   	13267     	5267.7    	5306.42   	7500.59   
4307.117019	5.04131e+06	5.0395e+06	5.26557e+06	5.29418e+06	14331.6   	13618.3   	5346.4    	5394.77   	7630.53   
4400.749976	5.14426e+06	5.14871e+06	5.38826e+06	5.41752e+06	14526.8   	13969.7   	5425.07   	5483.1    	7760.45   
4494.382933	5.24515e+06	5.25657e+06	5.51058e+06	5.54048e+06	14716.1   	14324.5   	5501.6    	5569.22   	7887.29   
4588.015890	5.34605e+06	5.36443e+06	5.6329e+06	5.66345e+06	14905.4   	14679.3   	5578.14   	5655.34   	8014.14   
4681.648846	5.44515e+06	5.4711e+06	5.7549e+06	5.78609e+06	15089.9   	15037     	5652.91   	5739.63   	8138.44   
4775.281803	5.544e+06 	5.5776e+06	5.87685e+06	5.90868e+06	15273.8   	15395.2   	5727.43   	5823.64   	8262.36   
4868.914760	5.64136e+06	5.68311e+06	5.99853e+06	6.03099e+06	15453.8   	15755.8   	5800.57   	5906.2    	8384.25   
4962.547717	5.73819e+06	5.78827e+06	6.12011e+06	6.15321e+06	15632.5   	16117.4   	5873.21   	5988.24   	8505.41   
5056.180674	5.83369e+06	5.89253e+06	6.24145e+06	6.27518e+06	15808     	16481.1   	5944.67   	6069.01   	8624.81   
5149.813631	5.92831e+06	5.99619e+06	6.36263e+06	6.39698e+06	15981.4   	16846.3   	6015.35   	6148.95   	8743.03   
5243.446588	6.02293e+06	6.09986e+06	6.4838e+06	6.51879e+06	16154.8   	17211.6   	6086.03   	6228.89   	8861.26   
5337.079545	6.11531e+06	6.20201e+06	6.60457e+06	6.64017e+06	16323     	17580.6   	6154.84   	6306.8    	8976.64   
5430.712502	6.20752e+06	6.30404e+06	6.7253e+06	6.76153e+06	16490.9   	17949.9   	6223.5    	6384.55   	9091.81   
5524.345459	6.29884e+06	6.40546e+06	6.84586e+06	6.88271e+06	16656.8   	18320.8   	6291.45   	6461.53   	9205.88   
5617.978416	6.38759e+06	6.50512e+06	6.96594e+06	7.0034e+06	16817.2   	18696.2   	6357.39   	6536.29   	9316.84   
5711.611373	6.47634e+06	6.60478e+06	7.08602e+06	7.1241e+06	16977.6   	19071.5   	6423.33   	6611.06   	9427.8    
5805.244330	6.56509e+06	6.70444e+06	7.20611e+06	7.2448e+06	17138     	19446.8   	6489.27   	6685.82   	9538.76   
5898.877287	6.65383e+06	6.8041e+06	7.32619e+06	7.36549e+06	17298.4   	19822.2   	6555.21   	6760.58   	9649.72   
5992.510243	6.74258e+06	6.90376e+06	7.44627e+06	7.48619e+06	17458.8   	20197.5   	6621.15   	6835.34   	9760.68   
6086.143200	6.82729e+06	7.00061e+06	7.56559e+06	7.60611e+06	17611.1   	20580.1   	6684.14   	6906.81   	9866.98   
6179.776157	6.91165e+06	7.09721e+06	7.68484e+06	7.72597e+06	17762.7   	20963.4   	6746.88   	6977.99   	9972.89   
6273.409114	6.99601e+06	7.19382e+06	7.8041e+06	7.84583e+06	17914.3   	21346.6   	6809.61   	7049.18   	10078.8   
6367.042071	7.08037e+06	7.29043e+06	7.92335e+06	7.96568e+06	18065.9   	21729.9   	6872.35   	7120.36   	10184.7   
6460.675028	7.16472e+06	7.38703e+06	8.0426e+06	8.08554e+06	18217.5   	22113.1   	6935.09   	7191.54   	10290.6   
6554.307985	7.24669e+06	7.48195e+06	8.1614e+06	8.20493e+06	18364.6   	22500.7   	6996.22   	7260.89   	10393.9   
6647.940942	7.32693e+06	7.57565e+06	8.27986e+06	8.324e+06 	18508.6   	22891.4   	7056.2    	7328.91   	10495.3   
6741.573899	7.40717e+06	7.66935e+06	8.39833e+06	8.44306e+06	18652.5   	23282.1   	7116.17   	7396.93   	10596.7   
6835.206856	7.48742e+06	7.76305e+06	8.51679e+06	8.56212e+06	18796.4   	23672.8   	7176.14   	7464.96   	10698.2   
6928.839813	7.56766e+06	7.85675e+06	8.63526e+06	8.68118e+06	18940.3   	24063.4   	7236.11   	7532.98   	10799.6   
7022.472770	7.64697e+06	7.94978e+06	8.75355e+06	8.80006e+06	19082.6   	24455.9   	7295.5    	7600.33   	10900     
7116.105727	7.72336e+06	8.04072e+06	8.87127e+06	8.91837e+06	19219.7   	24853.9   	7353.07   	7665.55   	10997.5   
7209.738684	7.79975e+06	8.13165e+06	8.98899e+06	9.03668e+06	19356.9   	25252     	7410.63   	7730.77   	11094.9   
7303.371640	7.87613e+06	8.22259e+06	9.10672e+06	9.15498e+06	19494.1   	25650     	7468.19   	7795.99   	11192.4   
7397.004597	7.95252e+06	8.31352e+06	9.22444e+06	9.27329e+06	19631.2   	26048.1   	7525.76   	7861.21   	11289.8   
7490.637554	8.02891e+06	8.40446e+06	9.34216e+06	9.3916e+06	19768.4   	26446.1   	7583.32   	7926.43   	11387.2   
7584.270511	8.10205e+06	8.49303e+06	9.45925e+06	9.50927e+06	19900.1   	26850.8   	7638.98   	7989.41   	11481.4   
7677.903468	8.17484e+06	8.58134e+06	9.57627e+06	9.62687e+06	20031.3   	27256.1   	7694.44   	8052.13   	11575.3   
7771.536425	8.24762e+06	8.66965e+06	9.69329e+06	9.74447e+06	20162.4   	27661.5   	7749.89   	8114.85   	11669.2   
7865.169382	8.32041e+06	8.75796e+06	9.81031e+06	9.86206e+06	20293.6   	28066.9   	7805.34   	8177.57   	11763     
7958.802339	8.39319e+06	8.84627e+06	9.92733e+06	9.97966e+06	20424.7   	28472.3   	7860.79   	8240.29   	11856.9   
8052.435296	8.46409e+06	8.93319e+06	1.0044e+07	1.00969e+07	20552.9   	28881.7   	7915.2    	8301.76   	11949     
8146.068253	8.53351e+06	9.01901e+06	1.01603e+07	1.02138e+07	20678.7   	29294.3   	7968.79   	8362.24   	12039.6   
8239.701210	8.60293e+06	9.10483e+06	1.02767e+07	1.03307e+07	20804.5   	29706.8   	8022.38   	8422.72   	12130.3   
8333.334167	8.67235e+06	9.19065e+06	1.0393e+07	1.04477e+07	20930.3   	30119.3   	8075.97   	8483.2    	12220.9   
8426.967124	8.74176e+06	9.27647e+06	1.05094e+07	1.05646e+07	21056.1   	30531.9   	8129.56   	8543.69   	12311.6   
8520.600081	8.81049e+06	9.36177e+06	1.06256e+07	1.06814e+07	21180.8   	30946     	8182.79   	8603.72   	12401.6   
8614.233037	8.87676e+06	9.44522e+06	1.07413e+07	1.07977e+07	21301.8   	31365.5   	8234.73   	8662.19   	12489.3   
8707.865994	8.94303e+06	9.52868e+06	1.08571e+07	1.0914e+07	21422.8   	31785.1   	8286.67   	8720.66   	12577.1   
8801.498951	9.0093e+06	9.61214e+06	1.09728e+07	1.10303e+07	21543.7   	32204.7   	8338.61   	8779.13   	12664.9   
8895.131908	9.07557e+06	9.69559e+06	1.10885e+07	1.11465e+07	21664.7   	32624.3   	8390.55   	8837.6    	12752.6   
8988.764865	9.14184e+06	9.77905e+06	1.12043e+07	1.12628e+07	21785.7   	33043.8   	8442.5    	8896.06   	12840.4   
9082.397822	9.20551e+06	9.86053e+06	1.13195e+07	1.13786e+07	21902.8   	33469.4   	8493.14   	8952.93   	12925.8   
9176.030779	9.26884e+06	9.94175e+06	1.14346e+07	1.14943e+07	22019.4   	33895.9   	8543.62   	9009.58   	13011     
9269.663736	9.33216e+06	1.0023e+07	1.15497e+07	1.161e+07 	22136     	34322.3   	8594.09   	9066.23   	13096.1   
9363.296693	9.39548e+06	1.01042e+07	1.16649e+07	1.17257e+07	22252.7   	34748.7   	8644.56   	9122.87   	13181.2   
9456.929650	9.45881e+06	1.01854e+07	1.178e+07 	1.18414e+07	22369.3   	35175.1   	8695.04   	9179.52   	13266.4   
9550.562607	9.52064e+06	1.02654e+07	1.18948e+07	1.19567e+07	22483.7   	35605.1   	8744.8    	9235.28   	13350.2   
9644.195564	9.58121e+06	1.03445e+07	1.20094e+07	1.20719e+07	22596.4   	36038.1   	8793.96   	9290.27   	13433     
9737.828521	9.64178e+06	1.04236e+07	1.2124e+07	1.2187e+07	22709     	36471.1   	8843.12   	9345.27   	13515.7   
9831.461478	9.70234e+06	1.05027e+07	1.22386e+07	1.23021e+07	22821.7   	36904     	8892.28   	9400.27   	13598.5   
9925.094434	9.76291e+06	1.05818e+07	1.23531e+07	1.24172e+07	22934.3   	37337     	8941.44   	9455.27   	13681.2   
10018.727391	9.82272e+06	1.06603e+07	1.24676e+07	1.25322e+07	23045.9   	37771.9   	8990.26   	9509.83   	13763.3   
10112.360348	9.87949e+06	1.07364e+07	1.25813e+07	1.26465e+07	23153.2   	38214.4   	9037.7    	9562.64   	13842.9   
10205.993305	9.93626e+06	1.08125e+07	1.26951e+07	1.27608e+07	23260.6   	38656.8   	9085.15   	9615.44   	13922.5   
10299.626262	9.99303e+06	1.08885e+07	1.28089e+07	1.28752e+07	23367.9   	39099.3   	9132.59   	9668.25   	14002.1   
10393.259219	1.00498e+07	1.09646e+07	1.29227e+07	1.29895e+07	23475.2   	39541.8   	9180.04   	9721.06   	14081.6   
10486.892176	1.01066e+07	1.10407e+07	1.30365e+07	1.31038e+07	23582.6   	39984.3   	9227.49   	9773.87   	14161.2   
10580.525133	1.01633e+07	1.11168e+07	1.31503e+07	1.32181e+07	23689.9   	40426.7   	9274.93   	9826.68   	14240.8   
10674.158090	1.02201e+07	1.11929e+07	1.3264e+07	1.33324e+07	23797.2   	40869.2   	9322.38   	9879.49   	14320.4   
10767.791047	1.02769e+07	1.1269e+07	1.33778e+07	1.34468e+07	23904.6   	41311.7   	9369.83   	9932.29   	14400     
10861.424004	1.03337e+07	1.13451e+07	1.34916e+07	1.35611e+07	24011.9   	41754.2   	9417.27   	9985.1    	14479.5   
10955.056961	1.03904e+07	1.14212e+07	1.36054e+07	1.36754e+07	24119.3   	42196.6   	9464.72   	10037.9   	14559.1   
11048.689918	1.04448e+07	1.14954e+07	1.37187e+07	1.37892e+07	24223.4   	42645.6   	9511.16   	10089.4   	14636.8   
11142.322875	1.0497e+07	1.15678e+07	1.38315e+07	1.39026e+07	24324.5   	43100.6   	9556.67   	10139.7   	14712.7   
11235.955831	1.05493e+07	1.16402e+07	1.39443e+07	1.40159e+07	24425.7   	43555.5   	9602.19   	10190     	14788.6   
11329.588788	1.06015e+07	1.17127e+07	1.40571e+07	1.41293e+07	24526.9   	44010.5   	9647.7    	10240.3   	14864.5   
11423.221745	1.06537e+07	1.17851e+07	1.41699e+07	1.42426e+07	24628.1   	44465.5   	9693.21   	10290.6   	14940.4   
11516.854702	1.07059e+07	1.18575e+07	1.42827e+07	1.43559e+07	24729.2   	44920.4   	9738.73   	10340.9   	15016.3   
11610.487659	1.07581e+07	1.19299e+07	1.43955e+07	1.44693e+07	24830.4   	45375.4   	9784.24   	10391.1   	15092.3   
11704.120616	1.08103e+07	1.20024e+07	1.45084e+07	1.45826e+07	24931.6   	45830.3   	9829.75   	10441.4   	15168.2   
11797.753573	1.08625e+07	1.20748e+07	1.46212e+07	1.4696e+07	25032.7   	46285.3   	9875.27   	10491.7   	15244.1   
11891.386530	1.09147e+07	1.21472e+07	1.4734e+07	1.48093e+07	25133.9   	46740.3   	9920.78   	10542     	15320     
11985.019487	1.0967e+07	1.22196e+07	1.48468e+07	1.49227e+07	25235.1   	47195.2   	9966.29   	10592.3   	15395.9   
12078.652444	1.10158e+07	1.22893e+07	1.49589e+07	1.50352e+07	25331.8   	47660.4   	10010.5   	10640.8   	15469.2   
12172.285401	1.1064e+07	1.23584e+07	1.50708e+07	1.51477e+07	25427.7   	48127.4   	10054.4   	10689     	15542     
12265.918358	1.11122e+07	1.24274e+07	1.51827e+07	1.52602e+07	25523.5   	48594.5   	10098.3   	10737.1   	15614.8   
12359.551315	1.11603e+07	1.24965e+07	1.52947e+07	1.53726e+07	25619.4   	49061.6   	10142.2   	10785.3   	15687.6   
12453.184272	1.12085e+07	1.25656e+07	1.54066e+07	1.54851e+07	25715.3   	49528.6   	10186.1   	10833.4   	15760.4   
12546.817228	1.12567e+07	1.26347e+07	1.55186e+07	1.55975e+07	25811.2   	49995.7   	10230     	10881.6   	15833.3   
12640.450185	1.13049e+07	1.27038e+07	1.56305e+07	1.571e+07 	25907.1   	50462.7   	10274     	10929.8   	15906.1   
12734.083142	1.13531e+07	1.27729e+07	1.57424e+07	1.58224e+07	26002.9   	50929.8   	10317.9   	10977.9   	15978.9   
12827.716099	1.14012e+07	1.2842e+07	1.58544e+07	1.59349e+07	26098.8   	51396.9   	10361.8   	11026.1   	16051.7   
12921.349056	1.14494e+07	1.29111e+07	1.59663e+07	1.60473e+07	26194.7   	51863.9   	10405.7   	11074.3   	16124.5   
13014.982013	1.1497e+07	1.29797e+07	1.60781e+07	1.61596e+07	26289.8   	52332.8   	10449.4   	11122.1   	16196.9   
13108.614970	1.15416e+07	1.30457e+07	1.61892e+07	1.62713e+07	26381.1   	52811.2   	10492     	11168.5   	16267     
13202.247927	1.15862e+07	1.31118e+07	1.63004e+07	1.63829e+07	26472.4   	53289.7   	10534.6   	11214.8   	16337.2   
13295.880884	1.16308e+07	1.31778e+07	1.64115e+07	1.64945e+07	26563.7   	53768.1   	10577.1   	11261.2   	16407.3   
13389.513841	1.16754e+07	1.32439e+07	1.65226e+07	1.66062e+07	26654.9   	54246.5   	10619.7   	11307.5   	16477.5   
13483.146798	1.172e+07 	1.33099e+07	1.66337e+07	1.67178e+07	26746.2   	54724.9   	10662.3   	11353.9   	16547.6   
13576.779755	1.17646e+07	1.3376e+07	1.67449e+07	1.68294e+07	26837.5   	55203.3   	10704.9   	11400.2   	16617.8   
13670.412712	1.18093e+07	1.3442e+07	1.6856e+07	1.69411e+07	26928.8   	55681.7   	10747.5   	11446.5   	16687.9   
13764.045669	1.18539e+07	1.35081e+07	1.69671e+07	1.70527e+07	27020     	56160.2   	10790     	11492.9   	16758     
13857.678625	1.18985e+07	1.35741e+07	1.70783e+07	1.71644e+07	27111.3   	56638.6   	10832.6   	11539.2   	16828.2   
13951.311582	1.19431e+07	1.36402e+07	1.71894e+07	1.7276e+07	27202.6   	57117     	10875.2   	11585.6   	16898.3   
14044.944539	1.19861e+07	1.37049e+07	1.73002e+07	1.73873e+07	27291.9   	57600.5   	10917.2   	11631.2   	16967.4   
14138.577496	1.20275e+07	1.37681e+07	1.74106e+07	1.74982e+07	27379.2   	58089.6   	10958.7   	11676     	17035.2   
14232.210453	1.20689e+07	1.38314e+07	1.7521e+07	1.7609e+07	27466.4   	58578.6   	11000.1   	11720.8   	17103.1   
14325.843410	1.21103e+07	1.38947e+07	1.76313e+07	1.77199e+07	27553.7   	59067.7   	11041.6   	11765.5   	17171     
14419.476367	1.21518e+07	1.39579e+07	1.77417e+07	1.78308e+07	27640.9   	59556.7   	11083     	11810.3   	17238.8   
14513.109324	1.21932e+07	1.40212e+07	1.78521e+07	1.79417e+07	27728.1   	60045.7   	11124.5   	11855.1   	17306.7   
14606.742281	1.22346e+07	1.40845e+07	1.79625e+07	1.80526e+07	27815.4   	60534.8   	11165.9   	11899.9   	17374.5   
14700.375238	1.2276e+07	1.41477e+07	1.80729e+07	1.81635e+07	27902.6   	61023.8   	11207.4   	11944.7   	17442.4   
14794.008195	1.23174e+07	1.4211e+07	1.81833e+07	1.82744e+07	27989.9   	61512.9   	11248.8   	11989.5   	17510.2   
14887.641152	1.23588e+07	1.42743e+07	1.82937e+07	1.83852e+07	28077.1   	62001.9   	11290.2   	12034.2   	17578.1   
14981.274109	1.24002e+07	1.43375e+07	1.84041e+07	1.84961e+07	28164.3   	62491     	11331.7   	12079     	17645.9   
15074.907066	1.24393e+07	1.43987e+07	1.85139e+07	1.86065e+07	28248.7   	62988.2   	11372.4   	12122.7   	17712.2   
15168.540022	1.24779e+07	1.44595e+07	1.86237e+07	1.87167e+07	28332.4   	63487.5   	11412.8   	12166.1   	17778.1   
15262.172979	1.25164e+07	1.45202e+07	1.87334e+07	1.88268e+07	28416     	63986.8   	11453.3   	12209.6   	17843.9   
15355.805936	1.25549e+07	1.45809e+07	1.88431e+07	1.8937e+07	28499.7   	64486     	11493.8   	12253     	17909.8   
15449.438893	1.25935e+07	1.46416e+07	1.89528e+07	1.90472e+07	28583.3   	64985.3   	11534.3   	12296.4   	17975.6   
15543.071850	1.2632e+07	1.47023e+07	1.90625e+07	1.91574e+07	28667     	65484.6   	11574.7   	12339.9   	18041.5   
15636.704807	1.26706e+07	1.4763e+07	1.91722e+07	1.92676e+07	28750.6   	65983.9   	11615.2   	12383.3   	18107.4   
15730.337764	1.27091e+07	1.48237e+07	1.92819e+07	1.93778e+07	28834.3   	66483.1   	11655.7   	12426.7   	18173.2   
15823.970721	1.27477e+07	1.48844e+07	1.93916e+07	1.9488e+07	28918     	66982.4   	11696.2   	12470.1   	18239.1   
15917.603678	1.27862e+07	1.49451e+07	1.95013e+07	1.95982e+07	29001.6   	67481.7   	11736.7   	12513.6   	18304.9   
16011.236635	1.28244e+07	1.50056e+07	1.9611e+07	1.97083e+07	29084.9   	67982.1   	11777     	12556.9   	18370.6   
16104.869592	1.28604e+07	1.50639e+07	1.97201e+07	1.98179e+07	29165.3   	68491.5   	11816.7   	12599.1   	18434.7   
16198.502549	1.28964e+07	1.51223e+07	1.98291e+07	1.99274e+07	29245.8   	69000.8   	11856.3   	12641.3   	18498.8   
16292.135506	1.29324e+07	1.51806e+07	1.99382e+07	2.0037e+07	29326.2   	69510.1   	11895.9   	12683.6   	18562.9   
16385.768463	1.29683e+07	1.5239e+07	2.00473e+07	2.01465e+07	29406.7   	70019.5   	11935.6   	12725.8   	18627     
16479.401419	1.30043e+07	1.52973e+07	2.01564e+07	2.02561e+07	29487.1   	70528.8   	11975.2   	12768.1   	18691.1   
16573.034376	1.30403e+07	1.53557e+07	2.02655e+07	2.03656e+07	29567.6   	71038.1   	12014.9   	12810.3   	18755.3   
16666.667333	1.30762e+07	1.54141e+07	2.03745e+07	2.04752e+07	29648     	71547.5   	12054.5   	12852.5   	18819.4   
16760.300290	1.31122e+07	1.54724e+07	2.04836e+07	2.05847e+07	29728.5   	72056.8   	12094.1   	12894.8   	18883.5   
16853.933247	1.31482e+07	1.55308e+07	2.05927e+07	2.06943e+07	29808.9   	72566.1   	12133.8   	12937     	18947.6   
16947.566204	1.31842e+07	1.55891e+07	2.07018e+07	2.08038e+07	29889.4   	73075.5   	12173.4   	12979.3   	19011.7   
17041.199161	1.32191e+07	1.56465e+07	2.08106e+07	2.09131e+07	29968.6   	73589.2   	12212.7   	13021     	19075.1   
17134.832118	1.32528e+07	1.57027e+07	2.09191e+07	2.10221e+07	30046.1   	74108.5   	12251.6   	13062.2   	19137.7   
17228.465075	1.32864e+07	1.57589e+07	2.10276e+07	2.1131e+07	30123.7   	74627.8   	12290.5   	13103.4   	19200.3   
17322.098032	1.332e+07 	1.58151e+07	2.11361e+07	2.124e+07 	30201.3   	75147.1   	12329.4   	13144.6   	19262.8   
17415.730989	1.33537e+07	1.58712e+07	2.12446e+07	2.13489e+07	30278.8   	75666.4   	12368.3   	13185.8   	19325.4   
17509.363946	1.33873e+07	1.59274e+07	2.1353e+07	2.14579e+07	30356.4   	76185.7   	12407.2   	13227     	19388     
17602.996903	1.3421e+07	1.59836e+07	2.14615e+07	2.15668e+07	30434     	76705     	12446.1   	13268.2   	19450.5   
17696.629860	1.34546e+07	1.60398e+07	2.157e+07 	2.16758e+07	30511.5   	77224.3   	12485     	13309.4   	19513.1   
17790.262816	1.34883e+07	1.6096e+07	2.16785e+07	2.17847e+07	30589.1   	77743.6   	12523.9   	13350.6   	19575.7   
17883.895773	1.35219e+07	1.61521e+07	2.1787e+07	2.18937e+07	30666.7   	78262.9   	12562.8   	13391.8   	19638.2   
17977.528730	1.35556e+07	1.62083e+07	2.18955e+07	2.20026e+07	30744.2   	78782.2   	12601.7   	13433     	19700.8   
18071.161687	1.35876e+07	1.6263e+07	2.20036e+07	2.21112e+07	30819.8   	79309     	12640.1   	13473.5   	19762.3   
18164.794644	1.36192e+07	1.63171e+07	2.21115e+07	2.22196e+07	30894.8   	79838.2   	12678.4   	13513.7   	19823.5   
18258.427601	1.36507e+07	1.63713e+07	2.22195e+07	2.23279e+07	30969.7   	80367.3   	12716.6   	13554     	19884.7   
18352.060558	1.36823e+07	1.64255e+07	2.23274e+07	2.24363e+07	31044.7   	80896.5   	12754.9   	13594.2   	19945.9   
18445.693515	1.37138e+07	1.64796e+07	2.24353e+07	2.25447e+07	31119.6   	81425.7   	12793.1   	13634.5   	20007.1   
18539.326472	1.37453e+07	1.65338e+07	2.25433e+07	2.26531e+07	31194.6   	81954.9   	12831.4   	13674.8   	20068.3   
18632.959429	1.37769e+07	1.6588e+07	2.26512e+07	2.27615e+07	31269.5   	82484.1   	12869.6   	13715     	20129.5   
18726.592386	1.38084e+07	1.66421e+07	2.27592e+07	2.28699e+07	31344.5   	83013.3   	12907.9   	13755.3   	20190.7   
18820.225343	1.384e+07 	1.66963e+07	2.28671e+07	2.29783e+07	31419.4   	83542.4   	12946.1   	13795.6   	20251.9   
18913.858300	1.38715e+07	1.67504e+07	2.2975e+07	2.30867e+07	31494.4   	84071.6   	12984.4   	13835.8   	20313.1   
19007.491257	1.39029e+07	1.68045e+07	2.30829e+07	2.3195e+07	31569.1   	84601.6   	13022.6   	13876     	20374.2   
19101.124213	1.39325e+07	1.68568e+07	2.31904e+07	2.33029e+07	31641.7   	85140.6   	13060.3   	13915.5   	20434.2   
19194.757170	1.39622e+07	1.6909e+07	2.32978e+07	2.34108e+07	31714.2   	85679.5   	13098     	13954.9   	20494.1   
19288.390127	1.39918e+07	1.69613e+07	2.34052e+07	2.35187e+07	31786.8   	86218.5   	13135.6   	13994.4   	20554.1   
19382.023084	1.40214e+07	1.70136e+07	2.35126e+07	2.36265e+07	31859.4   	86757.5   	13173.3   	14033.8   	20614.1   
19475.656041	1.40511e+07	1.70659e+07	2.362e+07 	2.37344e+07	31931.9   	87296.4   	13211     	14073.2   	20674.1   
19569.288998	1.40807e+07	1.71182e+07	2.37275e+07	2.38423e+07	32004.5   	87835.4   	13248.6   	14112.7   	20734     
19662.921955	1.41103e+07	1.71705e+07	2.38349e+07	2.39501e+07	32077.1   	88374.4   	13286.3   	14152.1   	20794     
19756.554912	1.41399e+07	1.72228e+07	2.39423e+07	2.4058e+07	32149.6   	88913.3   	13324     	14191.5   	20854     
19850.187869	1.41696e+07	1.72751e+07	2.40497e+07	2.41659e+07	32222.2   	89452.3   	13361.7   	14231     	20914     
19943.820826	1.41992e+07	1.73274e+07	2.41572e+07	2.42737e+07	32294.8   	89991.2   	13399.3   	14270.4   	20973.9   
20037.453783	1.42281e+07	1.7379e+07	2.42644e+07	2.43814e+07	32366.5   	90534.1   	13436.8   	14309.6   	21033.5   
20131.086740	1.4256e+07	1.74295e+07	2.43713e+07	2.44888e+07	32436.8   	91082.7   	13474     	14348.3   	21092.4   
20224.719697	1.42839e+07	1.74801e+07	2.44783e+07	2.45962e+07	32507.2   	91631.2   	13511.1   	14387     	21151.2   
20318.352654	1.43118e+07	1.75306e+07	2.45852e+07	2.47035e+07	32577.6   	92179.8   	13548.3   	14425.6   	21210.1   
20411.985610	1.43397e+07	1.75811e+07	2.46921e+07	2.48109e+07	32648     	92728.4   	13585.4   	14464.3   	21269     
20505.618567	1.43676e+07	1.76317e+07	2.47991e+07	2.49183e+07	32718.4   	93277     	13622.6   	14503     	21327.9   
20599.251524	1.43955e+07	1.76822e+07	2.4906e+07	2.50257e+07	32788.7   	93825.6   	13659.7   	14541.7   	21386.7   
20692.884481	1.44233e+07	1.77328e+07	2.5013e+07	2.5133e+07	32859.1   	94374.2   	13696.9   	14580.4   	21445.6   
20786.517438	1.44512e+07	1.77833e+07	2.51199e+07	2.52404e+07	32929.5   	94922.8   	13734     	14619.1   	21504.5   
20880.150395	1.44791e+07	1.78339e+07	2.52268e+07	2.53478e+07	32999.9   	95471.4   	13771.1   	14657.8   	21563.4   
20973.783352	1.4507e+07	1.78844e+07	2.53338e+07	2.54552e+07	33070.3   	96020     	13808.3   	14696.5   	21622.2   
21067.416309	1.45337e+07	1.79338e+07	2.54404e+07	2.55622e+07	33139.2   	96575.2   	13845.1   	14734.7   	21680.4   
21161.049266	1.456e+07 	1.79827e+07	2.55469e+07	2.56691e+07	33207.6   	97133     	13881.8   	14772.7   	21738.3   
21254.682223	1.45863e+07	1.80316e+07	2.56533e+07	2.5776e+07	33275.9   	97690.8   	13918.5   	14810.8   	21796.2   
21348.315180	1.46126e+07	1.80805e+07	2.57598e+07	2.58829e+07	33344.3   	98248.6   	13955.1   	14848.8   	21854.1   
21441.948137	1.46389e+07	1.81294e+07	2.58663e+07	2.59899e+07	33412.7   	98806.4   	13991.8   	14886.8   	21912     
21535.581094	1.46652e+07	1.81784e+07	2.59728e+07	2.60968e+07	33481.1   	99364.2   	14028.5   	14924.8   	21969.8   
21629.214051	1.46915e+07	1.82273e+07	2.60793e+07	2.62037e+07	33549.4   	99922.1   	14065.2   	14962.8   	22027.7   
21722.847007	1.47178e+07	1.82762e+07	2.61858e+07	2.63106e+07	33617.8   	100480    	14101.8   	15000.9   	22085.6   
21816.479964	1.47441e+07	1.83251e+07	2.62922e+07	2.64175e+07	33686.2   	101038    	14138.5   	15038.9   	22143.5   
21910.112921	1.47704e+07	1.8374e+07	2.63987e+07	2.65244e+07	33754.6   	101595    	14175.2   	15076.9   	22201.4   
22003.745878	1.47966e+07	1.84229e+07	2.65052e+07	2.66313e+07	33822.9   	102154    	14211.9   	15114.9   	22259.2   
22097.378835	1.48214e+07	1.84703e+07	2.66112e+07	2.67378e+07	33889.4   	102720    	14248.1   	15152.3   	22316.2   
22191.011792	1.48463e+07	1.85177e+07	2.67173e+07	2.68443e+07	33955.9   	103287    	14284.3   	15189.7   	22373.2   
22284.644749	1.48711e+07	1.8565e+07	2.68233e+07	2.69507e+07	34022.4   	103853    	14320.6   	15227.1   	22430.2   
22378.277706	1.48959e+07	1.86124e+07	2.69294e+07	2.70572e+07	34089     	104419    	14356.8   	15264.6   	22487.2   
22471.910663	1.49207e+07	1.86598e+07	2.70354e+07	2.71637e+07	34155.5   	104986    	14393.1   	15302     	22544.2   
22565.543620	1.49456e+07	1.87072e+07	2.71415e+07	2.72701e+07	34222     	105552    	14429.3   	15339.4   	22601.2   
22659.176577	1.49704e+07	1.87546e+07	2.72476e+07	2.73766e+07	34288.5   	106119    	14465.5   	15376.8   	22658.2   
22752.809534	1.49952e+07	1.8802e+07	2.73536e+07	2.74831e+07	34355.1   	106685    	14501.8   	15414.2   	22715.2   
22846.442491	1.50201e+07	1.88494e+07	2.74597e+07	2.75896e+07	34421.6   	107252    	14538     	15451.6   	22772.1   
22940.075448	1.50449e+07	1.88968e+07	2.75657e+07	2.7696e+07	34488.1   	107818    	14574.3   	15489     	22829.1   
23033.708404	1.50692e+07	1.89436e+07	2.76716e+07	2.78024e+07	34554     	108388    	14610.4   	15526.2   	22885.8   
23127.341361	1.50927e+07	1.89896e+07	2.77773e+07	2.79084e+07	34618.8   	108962    	14646.2   	15563.1   	22942     
23220.974318	1.51162e+07	1.90356e+07	2.78829e+07	2.80145e+07	34683.6   	109537    	14682     	15600     	22998.2   
23314.607275	1.51397e+07	1.90815e+07	2.79885e+07	2.81205e+07	34748.4   	110112    	14717.9   	15636.8   	23054.3   
23408.240232	1.51632e+07	1.91275e+07	2.80942e+07	2.82266e+07	34813.2   	110687    	14753.7   	15673.7   	23110.5   
23501.873189	1.51867e+07	1.91734e+07	2.81998e+07	2.83326e+07	34878.1   	111261    	14789.5   	15710.5   	23166.7   
23595.506146	1.52102e+07	1.92194e+07	2.83055e+07	2.84387e+07	34942.9   	111836    	14825.4   	15747.4   	23222.8   
23689.139103	1.52337e+07	1.92654e+07	2.84111e+07	2.85447e+07	35007.7   	112411    	14861.2   	15784.2   	23279     
23782.772060	1.52571e+07	1.93113e+07	2.85168e+07	2.86508e+07	35072.5   	112985    	14897.1   	15821.1   	23335.2   
23876.405017	1.52806e+07	1.93573e+07	2.86224e+07	2.87569e+07	35137.3   	113560    	14932.9   	15857.9   	23391.3   
23970.037974	1.53041e+07	1.94032e+07	2.87281e+07	2.88629e+07	35202.1   	114135    	14968.7   	15894.8   	23447.5   
24063.670931	1.53268e+07	1.94483e+07	2.88334e+07	2.89687e+07	35265.8   	114715    	15004.3   	15931.3   	23503.2   
24157.303888	1.5349e+07	1.94929e+07	2.89387e+07	2.90744e+07	35329     	115298    	15039.8   	15967.6   	23558.6   
24250.936845	1.53713e+07	1.95375e+07	2.9044e+07	2.918e+07 	35392.2   	115881    	15075.2   	16004     	23614     
24344.569801	1.53935e+07	1.95821e+07	2.91492e+07	2.92857e+07	35455.4   	116464    	15110.7   	16040.3   	23669.4   
24438.202758	1.54158e+07	1.96267e+07	2.92545e+07	2.93913e+07	35518.7   	117047    	15146.2   	16076.7   	23724.8   
24531.835715	1.5438e+07	1.96713e+07	2.93597e+07	2.9497e+07	35581.9   	117630    	15181.6   	16113     	23780.2   
24625.468672	1.54603e+07	1.9716e+07	2.9465e+07	2.96027e+07	35645.1   	118212    	15217.1   	16149.3   	23835.7   
24719.101629	1.54825e+07	1.97606e+07	2.95702e+07	2.97083e+07	35708.3   	118795    	15252.5   	16185.7   	23891.1   
24812.734586	1.55048e+07	1.98052e+07	2.96755e+07	2.9814e+07	35771.5   	119378    	15288     	16222     	23946.5   
24906.367543	1.5527e+07	1.98498e+07	2.97808e+07	2.99196e+07	35834.7   	119961    	15323.5   	16258.4   	24001.9   
25000.000500	1.55493e+07	1.98944e+07	2.9886e+07	3.00253e+07	35897.9   	120544    	15358.9   	16294.7   	24057.3   
25093.633457	1.55704e+07	1.99378e+07	2.99909e+07	3.01306e+07	35959.6   	121135    	15394     	16330.6   	24112.1   
25187.266414	1.55915e+07	1.99811e+07	3.00958e+07	3.02359e+07	36021.4   	121726    	15429.2   	16366.5   	24166.8   
25280.899371	1.56126e+07	2.00244e+07	3.02007e+07	3.03412e+07	36083.1   	122317    	15464.3   	16402.3   	24221.5   
25374.532328	1.56337e+07	2.00678e+07	3.03056e+07	3.04464e+07	36144.8   	122908    	15499.4   	16438.2   	24276.2   
25468.165285	1.56548e+07	2.01111e+07	3.04105e+07	3.05517e+07	36206.5   	123499    	15534.5   	16474.1   	24331     
25561.798242	1.56759e+07	2.01545e+07	3.05154e+07	3.0657e+07	36268.3   	124089    	15569.6   	16509.9   	24385.7   
25655.431199	1.5697e+07	2.01978e+07	3.06203e+07	3.07623e+07	36330     	124680    	15604.7   	16545.8   	24440.4   
25749.064155	1.57181e+07	2.02412e+07	3.07252e+07	3.08676e+07	36391.7   	125271    	15639.8   	16581.7   	24495.1   
25842.697112	1.57392e+07	2.02845e+07	3.083e+07 	3.09729e+07	36453.4   	125862    	15674.9   	16617.6   	24549.9   
25936.330069	1.57603e+07	2.03279e+07	3.09349e+07	3.10781e+07	36515.2   	126453    	15710     	16653.4   	24604.6   
26029.963026	1.57811e+07	2.03708e+07	3.10397e+07	3.11833e+07	36576.4   	127047    	15745     	16689.2   	24659.1   
26123.595983	1.58012e+07	2.0413e+07	3.11443e+07	3.12882e+07	36636.8   	127645    	15779.8   	16724.6   	24713.2   
26217.228940	1.58212e+07	2.04551e+07	3.12488e+07	3.13932e+07	36697.1   	128244    	15814.6   	16760     	24767.3   
26310.861897	1.58413e+07	2.04973e+07	3.13533e+07	3.14981e+07	36757.4   	128843    	15849.4   	16795.5   	24821.4   
26404.494854	1.58613e+07	2.05394e+07	3.14579e+07	3.1603e+07	36817.7   	129441    	15884.1   	16830.9   	24875.4   
26498.127811	1.58814e+07	2.05816e+07	3.15624e+07	3.17079e+07	36878.1   	130040    	15918.9   	16866.3   	24929.5   
26591.760768	1.59014e+07	2.06238e+07	3.1667e+07	3.18129e+07	36938.4   	130639    	15953.7   	16901.8   	24983.6   
26685.393725	1.59215e+07	2.06659e+07	3.17715e+07	3.19178e+07	36998.7   	131237    	15988.5   	16937.2   	25037.7   
26779.026682	1.59415e+07	2.07081e+07	3.1876e+07	3.20227e+07	37059.1   	131836    	16023.3   	16972.6   	25091.8   
26872.659639	1.59616e+07	2.07502e+07	3.19806e+07	3.21277e+07	37119.4   	132435    	16058     	17008.1   	25145.9   
26966.292596	1.59816e+07	2.07924e+07	3.20851e+07	3.22326e+07	37179.7   	133033    	16092.8   	17043.5   	25199.9   
27059.925552	1.6001e+07	2.08338e+07	3.21894e+07	3.23373e+07	37239.2   	133637    	16127.4   	17078.7   	25253.7   
27153.558509	1.60201e+07	2.08748e+07	3.22937e+07	3.24419e+07	37298.2   	134243    	16161.8   	17113.7   	25307.1   
27247.191466	1.60392e+07	2.09158e+07	3.23979e+07	3.25465e+07	37357.2   	134849    	16196.3   	17148.7   	25360.6   
27340.824423	1.60582e+07	2.09569e+07	3.25021e+07	3.2651e+07	37416.3   	135455    	16230.8   	17183.7   	25414.1   
27434.457380	1.60773e+07	2.09979e+07	3.26063e+07	3.27556e+07	37475.3   	136061    	16265.2   	17218.7   	25467.6   
27528.090337	1.60964e+07	2.10389e+07	3.27105e+07	3.28602e+07	37534.3   	136668    	16299.7   	17253.8   	25521.1   
27621.723294	1.61154e+07	2.10799e+07	3.28147e+07	3.29648e+07	37593.3   	137274    	16334.1   	17288.8   	25574.6   
27715.356251	1.61345e+07	2.11209e+07	3.29189e+07	3.30694e+07	37652.3   	137880    	16368.6   	17323.8   	25628.1   
27808.989208	1.61536e+07	2.1162e+07	3.30231e+07	3.3174e+07	37711.3   	138486    	16403.1   	17358.8   	25681.5   
27902.622165	1.61726e+07	2.1203e+07	3.31273e+07	3.32785e+07	37770.4   	139092    	16437.5   	17393.9   	25735     
27996.255122	1.61917e+07	2.1244e+07	3.32315e+07	3.33831e+07	37829.4   	139699    	16472     	17428.9   	25788.5   
28089.888079	1.62099e+07	2.1284e+07	3.33354e+07	3.34874e+07	37887.2   	140312    	16506.1   	17463.5   	25841.5   
28183.521036	1.62281e+07	2.1324e+07	3.34393e+07	3.35917e+07	37945     	140926    	16540.3   	17498.2   	25894.4   
28277.153993	1.62462e+07	2.13639e+07	3.35432e+07	3.36959e+07	38002.8   	141539    	16574.5   	17532.8   	25947.3   
28370.786949	1.62644e+07	2.14039e+07	3.36471e+07	3.38002e+07	38060.6   	142153    	16608.6   	17567.5   	26000.3   
28464.419906	1.62825e+07	2.14438e+07	3.37509e+07	3.39044e+07	38118.4   	142767    	16642.8   	17602.1   	26053.2   
28558.052863	1.63007e+07	2.14838e+07	3.38548e+07	3.40087e+07	38176.2   	143380    	16676.9   	17636.7   	26106.1   
28651.685820	1.63189e+07	2.15237e+07	3.39587e+07	3.41129e+07	38234     	143994    	16711.1   	17671.4   	26159.1   
28745.318777	1.6337e+07	2.15637e+07	3.40626e+07	3.42172e+07	38291.7   	144608    	16745.2   	17706     	26212     
28838.951734	1.63552e+07	2.16036e+07	3.41665e+07	3.43215e+07	38349.5   	145221    	16779.4   	17740.7   	26264.9   
28932.584691	1.63733e+07	2.16436e+07	3.42704e+07	3.44257e+07	38407.3   	145835    	16813.6   	17775.3   	26317.9   
29026.217648	1.63912e+07	2.16833e+07	3.43742e+07	3.45299e+07	38464.8   	146451    	16847.6   	17809.8   	26370.7   
29119.850605	1.64086e+07	2.17222e+07	3.44777e+07	3.46338e+07	38521.4   	147072    	16881.5   	17844.1   	26423.1   
29213.483562	1.64259e+07	2.17612e+07	3.45813e+07	3.47378e+07	38578     	147693    	16915.4   	17878.4   	26475.5   
29307.116519	1.64432e+07	2.18001e+07	3.46849e+07	3.48417e+07	38634.7   	148314    	16949.2   	17912.7   	26527.9   
29400.749476	1.64605e+07	2.1839e+07	3.47885e+07	3.49457e+07	38691.3   	148935    	16983.1   	17947     	26580.3   
29494.382433	1.64778e+07	2.1878e+07	3.48921e+07	3.50496e+07	38747.9   	149556    	17017     	17981.3   	26632.7   
29588.015390	1.64951e+07	2.19169e+07	3.49956e+07	3.51535e+07	38804.6   	150177    	17050.8   	18015.5   	26685.1   
29681.648346	1.65124e+07	2.19559e+07	3.50992e+07	3.52575e+07	38861.2   	150798    	17084.7   	18049.8   	26737.5   
29775.281303	1.65297e+07	2.19948e+07	3.52028e+07	3.53614e+07	38917.8   	151420    	17118.6   	18084.1   	26789.9   
29868.914260	1.6547e+07	2.20337e+07	3.53064e+07	3.54654e+07	38974.4   	152041    	17152.4   	18118.4   	26842.4   
29962.547217	1.65643e+07	2.20727e+07	3.541e+07 	3.55693e+07	39031.1   	152662    	17186.3   	18152.7   	26894.8   
30056.180174	1.6581e+07	2.21108e+07	3.55133e+07	3.5673e+07	39086.7   	153289    	17219.9   	18186.6   	26946.7   
30149.813131	1.65971e+07	2.21483e+07	3.56164e+07	3.57765e+07	39141.8   	153922    	17253.4   	18220.4   	26998.4   
30243.446088	1.66133e+07	2.21858e+07	3.57196e+07	3.588e+07 	39196.8   	154554    	17286.8   	18254.2   	27050.1   
30337.079045	1.66294e+07	2.22234e+07	3.58227e+07	3.59835e+07	39251.8   	155186    	17320.3   	18288     	27101.8   
30430.712002	1.66456e+07	2.22609e+07	3.59259e+07	3.6087e+07	39306.8   	155818    	17353.7   	18321.8   	27153.5   
30524.344959	1.66617e+07	2.22984e+07	3.6029e+07	3.61905e+07	39361.8   	156450    	17387.2   	18355.6   	27205.2   
30617.977916	1.66779e+07	2.23359e+07	3.61322e+07	3.6294e+07	39416.8   	157082    	17420.6   	18389.3   	27256.9   
30711.610873	1.6694e+07	2.23734e+07	3.62353e+07	3.63975e+07	39471.9   	157714    	17454.1   	18423.1   	27308.6   
30805.243830	1.67102e+07	2.2411e+07	3.63385e+07	3.6501e+07	39526.9   	158346    	17487.5   	18456.9   	27360.3   
30898.876787	1.67263e+07	2.24485e+07	3.64416e+07	3.66045e+07	39581.9   	158978    	17521     	18490.7   	27411.9   
30992.509743	1.67425e+07	2.2486e+07	3.65448e+07	3.6708e+07	39636.9   	159610    	17554.4   	18524.5   	27463.6   
31086.142700	1.67586e+07	2.25235e+07	3.66479e+07	3.68115e+07	39691.9   	160242    	17587.9   	18558.2   	27515.3   
31179.775657	1.67748e+07	2.25611e+07	3.67511e+07	3.6915e+07	39747     	160874    	17621.3   	18592     	27567     
31273.408614	1.67909e+07	2.25986e+07	3.68542e+07	3.70185e+07	39802     	161506    	17654.8   	18625.8   	27618.7   
31367.041571	1.68071e+07	2.26361e+07	3.69574e+07	3.7122e+07	39857     	162138    	17688.2   	18659.6   	27670.4   
31460.674528	1.68232e+07	2.26736e+07	3.70605e+07	3.72255e+07	39912     	162770    	17721.7   	18693.4   	27722.1   
31554.307485	1.68394e+07	2.27112e+07	3.71637e+07	3.7329e+07	39967     	163403    	17755.1   	18727.2   	27773.8   
31647.940442	1.68555e+07	2.27487e+07	3.72668e+07	3.74325e+07	40022.1   	164035    	17788.6   	18760.9   	27825.5   
31741.573399	1.68717e+07	2.27862e+07	3.737e+07 	3.7536e+07	40077.1   	164667    	17822     	18794.7   	27877.1   
31835.206356	1.68878e+07	2.28237e+07	3.74731e+07	3.76395e+07	40132.1   	165299    	17855.5   	18828.5   	27928.8   
31928.839313	1.6904e+07	2.28613e+07	3.75763e+07	3.7743e+07	40187.1   	165931    	17888.9   	18862.3   	27980.5   
32022.472270	1.69198e+07	2.28984e+07	3.76793e+07	3.78463e+07	40241.7   	166566    	17922.3   	18895.9   	28032     
32116.105227	1.69345e+07	2.29341e+07	3.77819e+07	3.79493e+07	40294.7   	167212    	17955.2   	18929.1   	28082.8   
32209.738184	1.69493e+07	2.29699e+07	3.78845e+07	3.80522e+07	40347.8   	167858    	17988.1   	18962.3   	28133.6   
32303.371140	1.69641e+07	2.30057e+07	3.79871e+07	3.81552e+07	40400.8   	168504    	18021     	18995.4   	28184.4   
32397.004097	1.69788e+07	2.30415e+07	3.80897e+07	3.82581e+07	40453.9   	169150    	18054     	19028.6   	28235.2   
32490.637054	1.69936e+07	2.30773e+07	3.81923e+07	3.8361e+07	40506.9   	169796    	18086.9   	19061.8   	28286     
32584.270011	1.70084e+07	2.31131e+07	3.82949e+07	3.8464e+07	40560     	170442    	18119.8   	19094.9   	28336.9   
32677.902968	1.70231e+07	2.31488e+07	3.83976e+07	3.85669e+07	40613.1   	171088    	18152.7   	19128.1   	28387.7   
32771.535925	1.70379e+07	2.31846e+07	3.85002e+07	3.86699e+07	40666.1   	171734    	18185.6   	19161.3   	28438.5   
32865.168882	1.70527e+07	2.32204e+07	3.86028e+07	3.87728e+07	40719.2   	172379    	18218.6   	19194.4   	28489.3   
32958.801839	1.70674e+07	2.32562e+07	3.87054e+07	3.88758e+07	40772.2   	173025    	18251.5   	19227.6   	28540.1   
33052.434796	1.70822e+07	2.3292e+07	3.8808e+07	3.89787e+07	40825.3   	173671    	18284.4   	19260.8   	28590.9   
33146.067753	1.7097e+07	2.33278e+07	3.89106e+07	3.90816e+07	40878.3   	174317    	18317.3   	19293.9   	28641.7   
33239.700710	1.71117e+07	2.33635e+07	3.90132e+07	3.91846e+07	40931.4   	174963    	18350.2   	19327.1   	28692.5   
33333.333667	1.71265e+07	2.33993e+07	3.91158e+07	3.92875e+07	40984.5   	175609    	18383.2   	19360.3   	28743.3   
33426.966624	1.71413e+07	2.34351e+07	3.92185e+07	3.93905e+07	41037.5   	176255    	18416.1   	19393.4   	28794.1   
33520.599581	1.7156e+07	2.34709e+07	3.93211e+07	3.94934e+07	41090.6   	176901    	18449     	19426.6   	28844.9   
33614.232537	1.71708e+07	2.35067e+07	3.94237e+07	3.95964e+07	41143.6   	177547    	18481.9   	19459.8   	28895.7   
33707.865494	1.71856e+07	2.35424e+07	3.95263e+07	3.96993e+07	41196.7   	178193    	18514.9   	19493     	28946.5   
33801.498451	1.72003e+07	2.35782e+07	3.96289e+07	3.98022e+07	41249.7   	178839    	18547.8   	19526.1   	28997.4   
33895.131408	1.72151e+07	2.3614e+07	3.97315e+07	3.99052e+07	41302.8   	179485    	18580.7   	19559.3   	29048.2   
33988.764365	1.72299e+07	2.36498e+07	3.98341e+07	4.00081e+07	41355.9   	180130    	18613.6   	19592.5   	29099     
34082.397322	1.72436e+07	2.36842e+07	3.99363e+07	4.01106e+07	41407.4   	180788    	18646.1   	19625.1   	29149.1   
34176.030279	1.72571e+07	2.37184e+07	4.00384e+07	4.0213e+07	41458.6   	181447    	18678.5   	19657.7   	29199.1   
34269.663236	1.72707e+07	2.37526e+07	4.01405e+07	4.03155e+07	41509.9   	182106    	18710.9   	19690.4   	29249.1   
34363.296193	1.72842e+07	2.37868e+07	4.02426e+07	4.04179e+07	41561.2   	182765    	18743.4   	19723     	29299.1   
34456.929150	1.72978e+07	2.3821e+07	4.03448e+07	4.05203e+07	41612.5   	183424    	18775.8   	19755.6   	29349.1   
34550.562107	1.73113e+07	2.38552e+07	4.04469e+07	4.06228e+07	41663.8   	184083    	18808.2   	19788.2   	29399.1   
34644.195064	1.73249e+07	2.38894e+07	4.0549e+07	4.07252e+07	41715.1   	184741    	18840.6   	19820.8   	29449.1   
34737.828021	1.73384e+07	2.39236e+07	4.06511e+07	4.08276e+07	41766.4   	185400    	18873     	19853.4   	29499.1   
34831.460978	1.7352e+07	2.39578e+07	4.07532e+07	4.093e+07 	41817.6   	186059    	18905.5   	19886     	29549.1   
34925.093934	1.73655e+07	2.3992e+07	4.08553e+07	4.10325e+07	41868.9   	186718    	18937.9   	19918.6   	29599.2   
35018.726891	1.73791e+07	2.40262e+07	4.09574e+07	4.11349e+07	41920.2   	187377    	18970.3   	19951.2   	29649.2   
35112.359848	1.73926e+07	2.40604e+07	4.10595e+07	4.12373e+07	41971.5   	188036    	19002.7   	19983.8   	29699.2   
35205.992805	1.74062e+07	2.40946e+07	4.11617e+07	4.13397e+07	42022.8   	188695    	19035.1   	20016.4   	29749.2   
35299.625762	1.74197e+07	2.41288e+07	4.12638e+07	4.14422e+07	42074.1   	189354    	19067.6   	20049.1   	29799.2   
35393.258719	1.74333e+07	2.4163e+07	4.13659e+07	4.15446e+07	42125.3   	190013    	19100     	20081.7   	29849.2   
35486.891676	1.74468e+07	2.41972e+07	4.1468e+07	4.1647e+07	42176.6   	190672    	19132.4   	20114.3   	29899.2   
35580.524633	1.74604e+07	2.42314e+07	4.15701e+07	4.17495e+07	42227.9   	191331    	19164.8   	20146.9   	29949.2   
35674.157590	1.74739e+07	2.42656e+07	4.16722e+07	4.18519e+07	42279.2   	191990    	19197.2   	20179.5   	29999.2   
35767.790547	1.74875e+07	2.42998e+07	4.17743e+07	4.19543e+07	42330.5   	192649    	19229.7   	20212.1   	30049.2   
35861.423504	1.7501e+07	2.4334e+07	4.18765e+07	4.20567e+07	42381.8   	193308    	19262.1   	20244.7   	30099.2   
35955.056461	1.75146e+07	2.43682e+07	4.19786e+07	4.21592e+07	42433.1   	193967    	19294.5   	20277.3   	30149.2   
36048.689418	1.75276e+07	2.44017e+07	4.20805e+07	4.22613e+07	42483.5   	194632    	19326.7   	20309.7   	30198.9   
36142.322375	1.754e+07 	2.44344e+07	4.21821e+07	4.23633e+07	42533.2   	195303    	19358.6   	20341.7   	30248.1   
36235.955331	1.75525e+07	2.44672e+07	4.22838e+07	4.24652e+07	42582.8   	195975    	19390.5   	20373.8   	30297.4   
36329.588288	1.7565e+07	2.44999e+07	4.23854e+07	4.25672e+07	42632.5   	196646    	19422.5   	20405.9   	30346.7   
36423.221245	1.75775e+07	2.45327e+07	4.24871e+07	4.26691e+07	42682.2   	197317    	19454.4   	20438     	30395.9   
36516.854202	1.75899e+07	2.45654e+07	4.25887e+07	4.27711e+07	42731.9   	197989    	19486.3   	20470.1   	30445.2   
36610.487159	1.76024e+07	2.45982e+07	4.26904e+07	4.2873e+07	42781.5   	198660    	19518.2   	20502.2   	30494.5   
36704.120116	1.76149e+07	2.46309e+07	4.2792e+07	4.2975e+07	42831.2   	199331    	19550.2   	20534.3   	30543.7   
36797.753073	1.76274e+07	2.46637e+07	4.28937e+07	4.30769e+07	42880.9   	200003    	19582.1   	20566.3   	30593     
36891.386030	1.76398e+07	2.46965e+07	4.29953e+07	4.31789e+07	42930.6   	200674    	19614     	20598.4   	30642.2   
36985.018987	1.76523e+07	2.47292e+07	4.3097e+07	4.32808e+07	42980.2   	201345    	19646     	20630.5   	30691.5   
37078.651944	1.76648e+07	2.4762e+07	4.31986e+07	4.33828e+07	43029.9   	202017    	19677.9   	20662.6   	30740.8   
37172.284901	1.76773e+07	2.47947e+07	4.33003e+07	4.34847e+07	43079.6   	202688    	19709.8   	20694.7   	30790     
37265.917858	1.76898e+07	2.48275e+07	4.34019e+07	4.35866e+07	43129.3   	203359    	19741.7   	20726.8   	30839.3   
37359.550815	1.77022e+07	2.48602e+07	4.35036e+07	4.36886e+07	43178.9   	204031    	19773.7   	20758.9   	30888.6   
37453.183772	1.77147e+07	2.4893e+07	4.36052e+07	4.37905e+07	43228.6   	204702    	19805.6   	20790.9   	30937.8   
37546.816728	1.77272e+07	2.49258e+07	4.37069e+07	4.38925e+07	43278.3   	205374    	19837.5   	20823     	30987.1   
37640.449685	1.77397e+07	2.49585e+07	4.38085e+07	4.39944e+07	43328     	206045    	19869.5   	20855.1   	31036.4   
37734.082642	1.77521e+07	2.49913e+07	4.39102e+07	4.40964e+07	43377.6   	206716    	19901.4   	20887.2   	31085.6   
37827.715599	1.77646e+07	2.5024e+07	4.40118e+07	4.41983e+07	43427.3   	207388    	19933.3   	20919.3   	31134.9   
37921.348556	1.77771e+07	2.50568e+07	4.41135e+07	4.43003e+07	43477     	208059    	19965.3   	20951.4   	31184.1   
38014.981513	1.77894e+07	2.50893e+07	4.42151e+07	4.44021e+07	43526.4   	208732    	19997.1   	20983.4   	31233.3   
38108.614470	1.78009e+07	2.51208e+07	4.43163e+07	4.45036e+07	43574.6   	209416    	20028.6   	21015     	31281.9   
38202.247427	1.78125e+07	2.51522e+07	4.44175e+07	4.46051e+07	43622.8   	210099    	20060     	21046.6   	31330.4   
38295.880384	1.7824e+07	2.51836e+07	4.45187e+07	4.47066e+07	43671     	210782    	20091.5   	21078.2   	31379     
38389.513341	1.78355e+07	2.52151e+07	4.46199e+07	4.48081e+07	43719.2   	211466    	20122.9   	21109.8   	31427.6   
38483.146298	1.7847e+07	2.52465e+07	4.47212e+07	4.49096e+07	43767.4   	212149    	20154.4   	21141.4   	31476.1   
38576.779255	1.78585e+07	2.52779e+07	4.48224e+07	4.50111e+07	43815.6   	212832    	20185.8   	21173     	31524.7   
38670.412212	1.78701e+07	2.53093e+07	4.49236e+07	4.51126e+07	43863.8   	213515    	20217.3   	21204.6   	31573.3   
38764.045169	1.78816e+07	2.53408e+07	4.50248e+07	4.52141e+07	43912     	214199    	20248.8   	21236.1   	31621.9   
38857.678125	1.78931e+07	2.53722e+07	4.5126e+07	4.53156e+07	43960.2   	214882    	20280.2   	21267.7   	31670.4   
38951.311082	1.79046e+07	2.54036e+07	4.52273e+07	4.54171e+07	44008.4   	215565    	20311.7   	21299.3   	31719     
39044.944039	1.79161e+07	2.54351e+07	4.53285e+07	4.55186e+07	44056.6   	216249    	20343.1   	21330.9   	31767.6   
39138.576996	1.79277e+07	2.54665e+07	4.54297e+07	4.56201e+07	44104.8   	216932    	20374.6   	21362.5   	31816.1   
39232.209953	1.79392e+07	2.54979e+07	4.55309e+07	4.57216e+07	44153     	217615    	20406     	21394.1   	31864.7   
39325.842910	1.79507e+07	2.55294e+07	4.56321e+07	4.58231e+07	44201.2   	218299    	20437.5   	21425.7   	31913.3   
39419.475867	1.79622e+07	2.55608e+07	4.57333e+07	4.59246e+07	44249.4   	218982    	20468.9   	21457.3   	31961.8   
39513.108824	1.79738e+07	2.55922e+07	4.58346e+07	4.60261e+07	44297.6   	219665    	20500.4   	21488.9   	32010.4   
39606.741781	1.79853e+07	2.56237e+07	4.59358e+07	4.61276e+07	44345.8   	220349    	20531.9   	21520.5   	32059     
39700.374738	1.79968e+07	2.56551e+07	4.6037e+07	4.62291e+07	44394     	221032    	20563.3   	21552.1   	32107.6   
39794.007695	1.80083e+07	2.56865e+07	4.61382e+07	4.63306e+07	44442.2   	221715    	20594.8   	21583.7   	32156.1   
39887.640652	1.80198e+07	2.5718e+07	4.62394e+07	4.64321e+07	44490.4   	222399    	20626.2   	21615.3   	32204.7   
39981.273609	1.80314e+07	2.57494e+07	4.63407e+07	4.65336e+07	44538.6   	223082    	20657.7   	21646.9   	32253.3   
40074.906566	1.80422e+07	2.57799e+07	4.64416e+07	4.66348e+07	44585.7   	223775    	20688.8   	21678.1   	32301.3   
40168.539522	1.80529e+07	2.58101e+07	4.65424e+07	4.67358e+07	44632.6   	224470    	20719.8   	21709.3   	32349.2   
40262.172479	1.80636e+07	2.58403e+07	4.66432e+07	4.68369e+07	44679.4   	225165    	20750.8   	21740.4   	32397.2   
40355.805436	1.80742e+07	2.58705e+07	4.6744e+07	4.6938e+07	44726.3   	225860    	20781.8   	21771.5   	32445.1   
40449.438393	1.80849e+07	2.59007e+07	4.68448e+07	4.70391e+07	44773.1   	226555    	20812.8   	21802.7   	32493     
40543.071350	1.80956e+07	2.59309e+07	4.69456e+07	4.71401e+07	44820     	227250    	20843.8   	21833.8   	32540.9   
40636.704307	1.81062e+07	2.59611e+07	4.70464e+07	4.72412e+07	44866.8   	227945    	20874.8   	21864.9   	32588.8   
40730.337264	1.81169e+07	2.59914e+07	4.71473e+07	4.73423e+07	44913.7   	228640    	20905.7   	21896.1   	32636.8   
40823.970221	1.81276e+07	2.60216e+07	4.72481e+07	4.74434e+07	44960.5   	229335    	20936.7   	21927.2   	32684.7   
40917.603178	1.81382e+07	2.60518e+07	4.73489e+07	4.75444e+07	45007.4   	230030    	20967.7   	21958.3   	32732.6   
41011.236135	1.81489e+07	2.6082e+07	4.74497e+07	4.76455e+07	45054.2   	230725    	20998.7   	21989.5   	32780.5   
41104.869092	1.81596e+07	2.61122e+07	4.75505e+07	4.77466e+07	45101.1   	231419    	21029.7   	22020.6   	32828.4   
41198.502049	1.81703e+07	2.61424e+07	4.76513e+07	4.78477e+07	45147.9   	232114    	21060.7   	22051.7   	32876.3   
41292.135006	1.81809e+07	2.61726e+07	4.77521e+07	4.79487e+07	45194.7   	232809    	21091.7   	22082.9   	32924.3   
41385.767963	1.81916e+07	2.62028e+07	4.7853e+07	4.80498e+07	45241.6   	233504    	21122.7   	22114     	32972.2   
41479.400919	1.82023e+07	2.62331e+07	4.79538e+07	4.81509e+07	45288.4   	234199    	21153.7   	22145.1   	33020.1   
41573.033876	1.82129e+07	2.62633e+07	4.80546e+07	4.8252e+07	45335.3   	234894    	21184.7   	22176.3   	33068     
41666.666833	1.82236e+07	2.62935e+07	4.81554e+07	4.8353e+07	45382.1   	235589    	21215.7   	22207.4   	33115.9   
41760.299790	1.82343e+07	2.63237e+07	4.82562e+07	4.84541e+07	45429     	236284    	21246.7   	22238.5   	33163.9   
41853.932747	1.8245e+07	2.63539e+07	4.8357e+07	4.85552e+07	45475.8   	236979    	21277.7   	22269.7   	33211.8   
41947.565704	1.82556e+07	2.63841e+07	4.84578e+07	4.86563e+07	45522.7   	237674    	21308.7   	22300.8   	33259.7   
42041.198661	1.8266e+07	2.64139e+07	4.85585e+07	4.87572e+07	45569     	238374    	21339.5   	22331.8   	33307.4   
42134.831618	1.82759e+07	2.64429e+07	4.86589e+07	4.88578e+07	45614.6   	239081    	21370.1   	22362.5   	33354.7   
42228.464575	1.82858e+07	2.6472e+07	4.87594e+07	4.89585e+07	45660.2   	239787    	21400.6   	22393.1   	33402     
42322.097532	1.82957e+07	2.65011e+07	4.88598e+07	4.90592e+07	45705.8   	240493    	21431.2   	22423.8   	33449.3   
42415.730489	1.83056e+07	2.65302e+07	4.89602e+07	4.91599e+07	45751.4   	241200    	21461.7   	22454.5   	33496.6   
42509.363446	1.83155e+07	2.65593e+07	4.90607e+07	4.92606e+07	45797     	241906    	21492.3   	22485.2   	33543.9   
42602.996403	1.83254e+07	2.65884e+07	4.91611e+07	4.93612e+07	45842.6   	242612    	21522.8   	22515.9   	33591.2   
42696.629360	1.83353e+07	2.66175e+07	4.92615e+07	4.94619e+07	45888.2   	243319    	21553.4   	22546.6   	33638.5   
42790.262316	1.83452e+07	2.66466e+07	4.9362e+07	4.95626e+07	45933.8   	244025    	21583.9   	22577.3   	33685.8   
42883.895273	1.83551e+07	2.66757e+07	4.94624e+07	4.96633e+07	45979.4   	244731    	21614.5   	22608     	33733.1   
42977.528230	1.83651e+07	2.67047e+07	4.95628e+07	4.9764e+07	46025     	245438    	21645     	22638.7   	33780.4   
43071.161187	1.8375e+07	2.67338e+07	4.96633e+07	4.98646e+07	46070.6   	246144    	21675.6   	22669.4   	33827.7   
43164.794144	1.83849e+07	2.67629e+07	4.97637e+07	4.99653e+07	46116.2   	246850    	21706.1   	22700.1   	33875     
43258.427101	1.83948e+07	2.6792e+07	4.98641e+07	5.0066e+07	46161.8   	247557    	21736.7   	22730.8   	33922.3   
43352.060058	1.84047e+07	2.68211e+07	4.99646e+07	5.01667e+07	46207.4   	248263    	21767.2   	22761.5   	33969.6   
43445.693015	1.84146e+07	2.68502e+07	5.0065e+07	5.02673e+07	46253     	248969    	21797.8   	22792.2   	34016.9   
43539.325972	1.84245e+07	2.68793e+07	5.01655e+07	5.0368e+07	46298.6   	249676    	21828.3   	22822.9   	34064.2   
43632.958929	1.84344e+07	2.69084e+07	5.02659e+07	5.04687e+07	46344.2   	250382    	21858.9   	22853.6   	34111.5   
43726.591886	1.84443e+07	2.69375e+07	5.03663e+07	5.05694e+07	46389.8   	251089    	21889.4   	22884.3   	34158.8   
43820.224843	1.84542e+07	2.69665e+07	5.04668e+07	5.06701e+07	46435.4   	251795    	21920     	22915     	34206.1   
43913.857800	1.84641e+07	2.69956e+07	5.05672e+07	5.07707e+07	46481     	252501    	21950.5   	22945.7   	34253.4   
44007.490757	1.8474e+07	2.70246e+07	5.06676e+07	5.08714e+07	46526.5   	253208    	21981     	22976.3   	34300.7   
44101.123713	1.84832e+07	2.70527e+07	5.07677e+07	5.09717e+07	46571     	253926    	22011.2   	23006.6   	34347.4   
44194.756670	1.84924e+07	2.70807e+07	5.08678e+07	5.1072e+07	46615.4   	254643    	22041.3   	23036.9   	34394.1   
44288.389627	1.85017e+07	2.71088e+07	5.09678e+07	5.11723e+07	46659.9   	255361    	22071.4   	23067.2   	34440.8   
44382.022584	1.85109e+07	2.71368e+07	5.10679e+07	5.12726e+07	46704.3   	256078    	22101.5   	23097.5   	34487.5   
44475.655541	1.85201e+07	2.71649e+07	5.1168e+07	5.13729e+07	46748.8   	256796    	22131.6   	23127.7   	34534.2   
44569.288498	1.85293e+07	2.71929e+07	5.12681e+07	5.14732e+07	46793.2   	257513    	22161.7   	23158     	34580.9   
44662.921455	1.85385e+07	2.7221e+07	5.13682e+07	5.15735e+07	46837.7   	258231    	22191.8   	23188.3   	34627.7   
44756.554412	1.85478e+07	2.7249e+07	5.14682e+07	5.16738e+07	46882.1   	258948    	22222     	23218.6   	34674.4   
44850.187369	1.8557e+07	2.72771e+07	5.15683e+07	5.17741e+07	46926.6   	259666    	22252.1   	23248.8   	34721.1   
44943.820326	1.85662e+07	2.73051e+07	5.16684e+07	5.18744e+07	46971     	260383    	22282.2   	23279.1   	34767.8   
45037.453283	1.85754e+07	2.73332e+07	5.17685e+07	5.19747e+07	47015.5   	261101    	22312.3   	23309.4   	34814.5   
45131.086240	1.85847e+07	2.73612e+07	5.18685e+07	5.2075e+07	47059.9   	261818    	22342.4   	23339.7   	34861.2   
45224.719197	1.85939e+07	2.73892e+07	5.19686e+07	5.21753e+07	47104.4   	262536    	22372.5   	23369.9   	34907.9   
45318.352154	1.86031e+07	2.74173e+07	5.20687e+07	5.22756e+07	47148.8   	263253    	22402.6   	23400.2   	34954.6   
45411.985110	1.86123e+07	2.74453e+07	5.21688e+07	5.23759e+07	47193.3   	263971    	22432.8   	23430.5   	35001.4   
45505.618067	1.86216e+07	2.74734e+07	5.22689e+07	5.24762e+07	47237.7   	264688    	22462.9   	23460.8   	35048.1   
45599.251024	1.86308e+07	2.75014e+07	5.23689e+07	5.25765e+07	47282.2   	265406    	22493     	23491     	35094.8   
45692.883981	1.864e+07 	2.75295e+07	5.2469e+07	5.26769e+07	47326.6   	266123    	22523.1   	23521.3   	35141.5   
45786.516938	1.86492e+07	2.75575e+07	5.25691e+07	5.27772e+07	47371     	266841    	22553.2   	23551.6   	35188.2   
45880.149895	1.86584e+07	2.75856e+07	5.26692e+07	5.28775e+07	47415.5   	267558    	22583.3   	23581.9   	35234.9   
45973.782852	1.86677e+07	2.76136e+07	5.27693e+07	5.29778e+07	47459.9   	268276    	22613.5   	23612.2   	35281.6   
46067.415809	1.86764e+07	2.7641e+07	5.28691e+07	5.30778e+07	47503.6   	269001    	22643.3   	23642.1   	35327.9   
46161.048766	1.8685e+07	2.7668e+07	5.29688e+07	5.31778e+07	47547     	269729    	22673     	23672     	35374.1   
46254.681723	1.86937e+07	2.76951e+07	5.30686e+07	5.32777e+07	47590.4   	270458    	22702.6   	23701.9   	35420.2   
46348.314680	1.87023e+07	2.77222e+07	5.31683e+07	5.33777e+07	47633.8   	271186    	22732.3   	23731.8   	35466.4   
46441.947637	1.87109e+07	2.77493e+07	5.32681e+07	5.34776e+07	47677.1   	271915    	22762     	23761.6   	35512.5   
46535.580594	1.87195e+07	2.77764e+07	5.33678e+07	5.35776e+07	47720.5   	272643    	22791.7   	23791.5   	35558.7   
46629.213551	1.87281e+07	2.78034e+07	5.34675e+07	5.36775e+07	47763.9   	273371    	22821.4   	23821.4   	35604.8   
46722.846507	1.87367e+07	2.78305e+07	5.35673e+07	5.37775e+07	47807.3   	274100    	22851.1   	23851.3   	35651     
46816.479464	1.87453e+07	2.78576e+07	5.3667e+07	5.38774e+07	47850.6   	274828    	22880.8   	23881.1   	35697.1   
46910.112421	1.87539e+07	2.78847e+07	5.37668e+07	5.39773e+07	47894     	275557    	22910.5   	23911     	35743.3   
47003.745378	1.87625e+07	2.79118e+07	5.38665e+07	5.40773e+07	47937.4   	276285    	22940.2   	23940.9   	35789.4   
47097.378335	1.87711e+07	2.79388e+07	5.39663e+07	5.41772e+07	47980.8   	277013    	22969.9   	23970.8   	35835.6   
47191.011292	1.87797e+07	2.79659e+07	5.4066e+07	5.42772e+07	48024.2   	277742    	22999.5   	24000.6   	35881.7   
47284.644249	1.87883e+07	2.7993e+07	5.41657e+07	5.43771e+07	48067.5   	278470    	23029.2   	24030.5   	35927.9   
47378.277206	1.87969e+07	2.80201e+07	5.42655e+07	5.44771e+07	48110.9   	279199    	23058.9   	24060.4   	35974     
47471.910163	1.88055e+07	2.80472e+07	5.43652e+07	5.4577e+07	48154.3   	279927    	23088.6   	24090.3   	36020.2   
47565.543120	1.88141e+07	2.80742e+07	5.4465e+07	5.4677e+07	48197.7   	280655    	23118.3   	24120.1   	36066.3   
47659.176077	1.88227e+07	2.81013e+07	5.45647e+07	5.47769e+07	48241     	281384    	23148     	24150     	36112.5   
47752.809034	1.88313e+07	2.81284e+07	5.46645e+07	5.48769e+07	48284.4   	282112    	23177.7   	24179.9   	36158.6   
47846.441991	1.88399e+07	2.81555e+07	5.47642e+07	5.49768e+07	48327.8   	282841    	23207.4   	24209.8   	36204.8   
47940.074948	1.88485e+07	2.81826e+07	5.48639e+07	5.50768e+07	48371.2   	283569    	23237.1   	24239.6   	36250.9   
48033.707904	1.88569e+07	2.82093e+07	5.49636e+07	5.51766e+07	48414.2   	284301    	23266.6   	24269.4   	36296.9   
48127.340861	1.8865e+07	2.82355e+07	5.5063e+07	5.52762e+07	48456.6   	285040    	23295.9   	24298.9   	36342.5   
48220.973818	1.8873e+07	2.82617e+07	5.51624e+07	5.53758e+07	48499     	285779    	23325.2   	24328.3   	36388.1   
48314.606775	1.8881e+07	2.82878e+07	5.52618e+07	5.54754e+07	48541.3   	286518    	23354.4   	24357.8   	36433.7   
48408.239732	1.88891e+07	2.8314e+07	5.53613e+07	5.55751e+07	48583.7   	287257    	23383.7   	24387.3   	36479.3   
48501.872689	1.88971e+07	2.83402e+07	5.54607e+07	5.56747e+07	48626.1   	287996    	23413     	24416.8   	36525     
48595.505646	1.89052e+07	2.83664e+07	5.55601e+07	5.57743e+07	48668.5   	288735    	23442.3   	24446.3   	36570.6   
48689.138603	1.89132e+07	2.83926e+07	5.56595e+07	5.58739e+07	48710.9   	289474    	23471.5   	24475.8   	36616.2   
48782.771560	1.89213e+07	2.84187e+07	5.5759e+07	5.59735e+07	48753.2   	290213    	23500.8   	24505.3   	36661.8   
48876.404517	1.89293e+07	2.84449e+07	5.58584e+07	5.60731e+07	48795.6   	290951    	23530.1   	24534.8   	36707.4   
48970.037474	1.89373e+07	2.84711e+07	5.59578e+07	5.61727e+07	48838     	291690    	23559.4   	24564.3   	36753     
49063.670431	1.89454e+07	2.84973e+07	5.60572e+07	5.62723e+07	48880.4   	292429    	23588.6   	24593.7   	36798.6   
49157.303388	1.89534e+07	2.85234e+07	5.61567e+07	5.6372e+07	48922.8   	293168    	23617.9   	24623.2   	36844.2   
49250.936345	1.89615e+07	2.85496e+07	5.62561e+07	5.64716e+07	48965.2   	293907    	23647.2   	24652.7   	36889.8   
49344.569301	1.89695e+07	2.85758e+07	5.63555e+07	5.65712e+07	49007.5   	294646    	23676.5   	24682.2   	36935.4   
49438.202258	1.89776e+07	2.8602e+07	5.64549e+07	5.66708e+07	49049.9   	295385    	23705.8   	24711.7   	36981     
49531.835215	1.89856e+07	2.86282e+07	5.65544e+07	5.67704e+07	49092.3   	296124    	23735     	24741.2   	37026.6   
49625.468172	1.89937e+07	2.86543e+07	5.66538e+07	5.687e+07 	49134.7   	296863    	23764.3   	24770.7   	37072.3   
49719.101129	1.90017e+07	2.86805e+07	5.67532e+07	5.69696e+07	49177.1   	297602    	23793.6   	24800.2   	37117.9   
49812.734086	1.90097e+07	2.87067e+07	5.68526e+07	5.70692e+07	49219.4   	298341    	23822.9   	24829.6   	37163.5   
49906.367043	1.90178e+07	2.87329e+07	5.69521e+07	5.71688e+07	49261.8   	299080    	23852.1   	24859.1   	37209.1   
50000.000000	1.90258e+07	2.8759e+07	5.70515e+07	5.72685e+07	49304.2   	299819    	23881.4   	24888.6   	37254.7   
