Energy (MeV/u)1	0 - [He-base] F.Hubert et al, AD&ND Tables 46(1990)1	Energy (MeV/u)2	1 - [H -base] J.F.Ziegler et al, Pergamon Press, NY (low energy)	Energy (MeV/u)3	2 - ATIMA 1.2  LS-theory (recommended for high energy)	Energy (MeV/u)4	3 - ATIMA 1.2  without LS-correction	Energy (MeV/u)5	4 - electrical component of [1] - J.F.Ziegler et al	Energy (MeV/u)6	5 - nuclear component of [1] - J.F.Ziegler et al	
0.001000	0.817844  	0.001000	0.16202   	0.001000	0.133193  	0.001000	0.133193  	0.001000	0.113105  	0.001000	0.0489147 	
0.002000	0.887789  	0.002000	0.203748  	0.002000	0.166272  	0.002000	0.166272  	0.002000	0.156663  	0.002000	0.0470843 	
0.005000	1.07017   	0.005000	0.279825  	0.005000	0.227286  	0.005000	0.227286  	0.005000	0.24099   	0.005000	0.0388348 	
0.008000	1.21665   	0.008000	0.333529  	0.008000	0.271339  	0.008000	0.271339  	0.008000	0.300563  	0.008000	0.0329661 	
0.010000	1.30084   	0.010000	0.363855  	0.010000	0.296567  	0.010000	0.296567  	0.010000	0.333798  	0.010000	0.0300574 	
0.015000	1.51476   	0.015000	0.428733  	0.015000	0.351263  	0.015000	0.351263  	0.015000	0.403875  	0.015000	0.024858  	
0.020000	1.68581   	0.020000	0.48373   	0.020000	0.398284  	0.020000	0.398284  	0.020000	0.462347  	0.020000	0.0213837 	
0.025000	1.87471   	0.025000	0.533639  	0.025000	0.443167  	0.025000	0.443167  	0.025000	0.514767  	0.025000	0.0188729 	
0.030000	2.03485   	0.030000	0.580579  	0.030000	0.53084   	0.030000	0.53084   	0.030000	0.563619  	0.030000	0.0169595 	
0.035000	2.16651   	0.035000	0.625528  	0.035000	0.591229  	0.035000	0.591229  	0.035000	0.610083  	0.035000	0.0154451 	
0.040000	2.27028   	0.040000	0.667642  	0.040000	0.63604   	0.040000	0.63604   	0.040000	0.653431  	0.040000	0.0142117 	
0.045000	2.34725   	0.045000	0.706694  	0.045000	0.673757  	0.045000	0.673757  	0.045000	0.69351   	0.045000	0.0131846 	
0.050000	2.39899   	0.050000	0.742738  	0.050000	0.707998  	0.050000	0.707998  	0.050000	0.730424  	0.050000	0.012314  	
0.055000	2.50342   	0.055000	0.77594   	0.055000	0.740004  	0.055000	0.740004  	0.055000	0.764375  	0.055000	0.0115652 	
0.060000	2.59237   	0.060000	0.806501  	0.060000	0.770139  	0.060000	0.770139  	0.060000	0.795588  	0.060000	0.0109131 	
0.070000	2.72824   	0.070000	0.860494  	0.070000	0.825106  	0.070000	0.825106  	0.070000	0.850664  	0.070000	0.00983032	
0.080000	2.87405   	0.080000	0.906177  	0.080000	0.873221  	0.080000	0.873221  	0.080000	0.897212  	0.080000	0.00896477	
0.090000	2.98859   	0.090000	0.944776  	0.090000	0.9149    	0.090000	0.9149    	0.090000	0.936522  	0.090000	0.00825485	
0.100000	3.08046   	0.100000	0.978382  	0.100000	0.950656  	0.100000	0.950656  	0.100000	0.970793  	0.100000	0.00758931	
0.120000	3.13624   	0.120000	1.03286   	0.120000	1.00732   	0.120000	1.00732   	0.120000	1.0262    	0.120000	0.0066583 	
0.140000	3.15841   	0.140000	1.07075   	0.140000	1.04801   	0.140000	1.04801   	0.140000	1.0648    	0.140000	0.00594907	
0.160000	3.16625   	0.160000	1.09665   	0.160000	1.07682   	0.160000	1.07682   	0.160000	1.09126   	0.160000	0.00538883	
0.180000	3.16558   	0.180000	1.10891   	0.180000	1.09697   	0.180000	1.09697   	0.180000	1.10397   	0.180000	0.00493387	
0.200000	3.17249   	0.200000	1.11534   	0.200000	1.11086   	0.200000	1.11086   	0.200000	1.11078   	0.200000	0.00455624	
0.250000	3.11458   	0.250000	1.12068   	0.250000	1.12862   	0.250000	1.12862   	0.250000	1.11684   	0.250000	0.00384114	
0.300000	3.12736   	0.300000	1.13239   	0.300000	1.13347   	0.300000	1.13347   	0.300000	1.12905   	0.300000	0.00333449	
0.350000	3.15079   	0.350000	1.14936   	0.350000	1.13241   	0.350000	1.13241   	0.350000	1.14641   	0.350000	0.00295492	
0.400000	3.14529   	0.400000	1.1531    	0.400000	1.12846   	0.400000	1.12846   	0.400000	1.15044   	0.400000	0.00265891	
0.450000	3.12792   	0.450000	1.15093   	0.450000	1.13304   	0.450000	1.13304   	0.450000	1.14851   	0.450000	0.002421  	
0.500000	3.11915   	0.500000	1.1514    	0.500000	1.13356   	0.500000	1.13356   	0.500000	1.14917   	0.500000	0.0022252 	
0.600000	2.98055   	0.600000	1.15265   	0.600000	1.12644   	0.600000	1.12644   	0.600000	1.15073   	0.600000	0.00192111	
0.700000	2.82485   	0.700000	1.14784   	0.700000	1.10989   	0.700000	1.10989   	0.700000	1.14615   	0.700000	0.00169506	
0.800000	2.76476   	0.800000	1.13729   	0.800000	1.08962   	0.800000	1.08962   	0.800000	1.13577   	0.800000	0.00151985	
0.900000	2.69837   	0.900000	1.12378   	0.900000	1.06824   	0.900000	1.06824   	0.900000	1.1224    	0.900000	0.00137974	
1.000000	2.62857   	1.000000	1.10897   	1.000000	1.0464    	1.000000	1.0464    	1.000000	1.10771   	1.000000	0.00126492	
1.250000	2.42931   	1.250000	1.05697   	1.250000	0.9907    	1.250000	0.9907    	1.250000	1.05592   	1.250000	0.00105116	
1.500000	2.22414   	1.500000	0.988381  	1.500000	0.934579  	1.500000	0.934579  	1.500000	0.987478  	1.500000	0.000902679	
1.750000	2.04905   	1.750000	0.928915  	1.750000	0.885282  	1.750000	0.885282  	1.750000	0.928122  	1.750000	0.000793081	
2.000000	1.88615   	2.000000	0.868646  	2.000000	0.841157  	2.000000	0.841157  	2.000000	0.867937  	2.000000	0.000708618	
2.250000	1.75065   	2.250000	0.817278  	2.250000	0.801309  	2.250000	0.801309  	2.250000	0.816637  	2.250000	0.000641386	
2.500000	1.63039   	2.500000	0.774389  	2.500000	0.765136  	2.500000	0.765136  	2.500000	0.773802  	2.500000	0.000586508	
3.000000	1.45291   	3.000000	0.705058  	3.000000	0.702049  	3.000000	0.702049  	3.000000	0.704556  	3.000000	0.000502112	
3.500000	1.3119    	3.500000	0.649702  	3.500000	0.649032  	3.500000	0.649032  	3.500000	0.649262  	3.500000	0.00044006	
4.000000	1.19715   	4.000000	0.604108  	4.000000	0.603968  	4.000000	0.603968  	4.000000	0.603716  	4.000000	0.000392388	
4.500000	1.1019    	4.500000	0.565641  	4.500000	0.565248  	4.500000	0.565248  	4.500000	0.565286  	4.500000	0.000354541	
5.000000	1.02152   	5.000000	0.532543  	5.000000	0.531646  	5.000000	0.531646  	5.000000	0.53222   	5.000000	0.000323718	
5.500000	0.952754  	5.500000	0.503664  	5.500000	0.502214  	5.500000	0.502214  	5.500000	0.503366  	5.500000	0.000298097	
6.000000	0.893219  	6.000000	0.478192  	6.000000	0.476219  	6.000000	0.476219  	6.000000	0.477915  	6.000000	0.000276442	
6.500000	0.841152  	6.500000	0.455525  	6.500000	0.453085  	6.500000	0.453085  	6.500000	0.455267  	6.500000	0.000257883	
7.000000	0.795214  	7.000000	0.435203  	7.000000	0.432358  	7.000000	0.432358  	7.000000	0.434961  	7.000000	0.00024179	
7.500000	0.754368  	7.500000	0.416866  	7.500000	0.413673  	7.500000	0.413673  	7.500000	0.416638  	7.500000	0.000227692	
8.000000	0.717801  	8.000000	0.400226  	8.000000	0.396735  	8.000000	0.396735  	8.000000	0.40001   	8.000000	0.000215234	
8.500000	0.684864  	8.500000	0.385049  	8.500000	0.381304  	8.500000	0.381304  	8.500000	0.384845  	8.500000	0.00020414	
9.000000	0.655036  	9.000000	0.371144  	9.000000	0.367182  	9.000000	0.367182  	9.000000	0.37095   	9.000000	0.000194195	
9.500000	0.62789   	9.500000	0.358352  	9.500000	0.354204  	9.500000	0.354204  	9.500000	0.358167  	9.500000	0.000185225	
10.000000	0.603074  	10.000000	0.348836  	10.000000	0.342232  	10.000000	0.342232  	10.000000	0.348659  	10.000000	0.000177091	
11.000000	0.559313  	11.000000	0.329678  	11.000000	0.321981  	11.000000	0.322332  	11.000000	0.329515  	11.000000	0.000162895	
12.000000	0.521929  	12.000000	0.312379  	12.000000	0.304295  	12.000000	0.304876  	12.000000	0.312228  	12.000000	0.000150914	
13.000000	0.489605  	13.000000	0.296756  	13.000000	0.288708  	13.000000	0.289438  	13.000000	0.296615  	13.000000	0.000140658	
14.000000	0.461366  	14.000000	0.282619  	14.000000	0.274852  	14.000000	0.275679  	14.000000	0.282487  	14.000000	0.000131775	
15.000000	0.436473  	15.000000	0.269792  	15.000000	0.262444  	15.000000	0.263334  	15.000000	0.269668  	15.000000	0.000124  	
16.000000	0.414356  	16.000000	0.258118  	16.000000	0.251273  	16.000000	0.252192  	16.000000	0.258001  	16.000000	0.000117137	
17.000000	0.394568  	17.000000	0.247458  	17.000000	0.241161  	17.000000	0.242081  	17.000000	0.247347  	17.000000	0.00011103	
18.000000	0.376755  	18.000000	0.237692  	18.000000	0.231944  	18.000000	0.232861  	18.000000	0.237587  	18.000000	0.000105559	
19.000000	0.360631  	19.000000	0.228717  	19.000000	0.223508  	19.000000	0.224417  	19.000000	0.228616  	19.000000	0.000100629	
20.000000	0.345963  	20.000000	0.220443  	20.000000	0.215765  	20.000000	0.216652  	20.000000	0.220347  	20.000000	9.61611e-05	
21.000000	0.332559  	21.000000	0.212794  	21.000000	0.208603  	21.000000	0.209457  	21.000000	0.212702  	21.000000	9.20926e-05	
22.000000	0.320261  	22.000000	0.205702  	22.000000	0.201973  	22.000000	0.202792  	22.000000	0.205614  	22.000000	8.83712e-05	
23.000000	0.308934  	23.000000	0.19911   	23.000000	0.195844  	23.000000	0.19663   	23.000000	0.199025  	23.000000	8.49537e-05	
24.000000	0.298465  	24.000000	0.192966  	24.000000	0.190136  	24.000000	0.190892  	24.000000	0.192885  	24.000000	8.18036e-05	
25.000000	0.288761  	25.000000	0.187229  	25.000000	0.184808  	25.000000	0.185534  	25.000000	0.18715   	25.000000	7.88903e-05	
27.000000	0.271325  	27.000000	0.176818  	27.000000	0.175154  	27.000000	0.175812  	27.000000	0.176745  	27.000000	7.3673e-05	
29.000000	0.256096  	29.000000	0.167623  	29.000000	0.166646  	29.000000	0.167221  	29.000000	0.167554  	29.000000	6.91336e-05	
31.000000	0.242673  	31.000000	0.159441  	31.000000	0.158818  	31.000000	0.159289  	31.000000	0.159375  	31.000000	6.51461e-05	
33.000000	0.230749  	33.000000	0.152113  	33.000000	0.151562  	33.000000	0.151938  	33.000000	0.152051  	33.000000	6.16141e-05	
35.000000	0.220082  	35.000000	0.145511  	35.000000	0.145045  	35.000000	0.145337  	35.000000	0.145453  	35.000000	5.84628e-05	
38.000000	0.206027  	38.000000	0.136751  	38.000000	0.136416  	38.000000	0.136601  	38.000000	0.136696  	38.000000	5.43229e-05	
41.000000	0.193877  	41.000000	0.129121  	41.000000	0.128918  	41.000000	0.129011  	41.000000	0.12907   	41.000000	5.07553e-05	
44.000000	0.183263  	44.000000	0.122416  	44.000000	0.12231   	44.000000	0.122349  	44.000000	0.122368  	44.000000	4.76474e-05	
47.000000	0.173907  	47.000000	0.116474  	47.000000	0.116471  	47.000000	0.116451  	47.000000	0.116429  	47.000000	4.49144e-05	
50.000000	0.165593  	50.000000	0.111172  	50.000000	0.111256  	50.000000	0.11119   	50.000000	0.11113   	50.000000	4.24915e-05	
55.000000	0.153612  	55.000000	0.103497  	55.000000	0.103684  	55.000000	0.103573  	55.000000	0.103458  	55.000000	3.90094e-05	
60.000000	0.143492  	60.000000	0.0969846 	60.000000	0.0972514 	60.000000	0.0971049 	60.000000	0.0969485 	60.000000	3.60773e-05	
65.000000	0.134822  	65.000000	0.0913863 	65.000000	0.0917027 	65.000000	0.0915397 	65.000000	0.0913528 	65.000000	3.35728e-05	
70.000000	0.127307  	70.000000	0.0865208 	70.000000	0.0868904 	70.000000	0.0866971 	70.000000	0.0864894 	70.000000	3.14073e-05	
75.000000	0.120726  	75.000000	0.0822515 	75.000000	0.0826422 	75.000000	0.0824424 	75.000000	0.082222  	75.000000	2.95157e-05	
80.000000	0.114911  	80.000000	0.0784742 	80.000000	0.0788908 	80.000000	0.078673  	80.000000	0.0784464 	80.000000	2.78482e-05	
85.000000	0.109734  	85.000000	0.0751077 	85.000000	0.0755296 	85.000000	0.0753091 	85.000000	0.0750813 	85.000000	2.63668e-05	
90.000000	0.105093  	90.000000	0.0720877 	90.000000	0.0725222 	90.000000	0.0722876 	90.000000	0.0720627 	90.000000	2.50416e-05	
95.000000	0.100906  	95.000000	0.069363  	95.000000	0.0697929 	95.000000	0.0695579 	95.000000	0.0693391 	95.000000	2.38486e-05	
100.000000	0.0971093 	100.000000	0.0668917 	100.000000	0.0673147 	100.000000	0.0670793 	100.000000	0.066869  	100.000000	2.27689e-05	
105.000000	0.093649  	105.000000	0.0646399 	105.000000	0.065053  	105.000000	0.0648182 	105.000000	0.0646181 	105.000000	2.17868e-05	
110.000000	0.0904814 	110.000000	0.0625793 	110.000000	0.0629901 	110.000000	0.0627468 	110.000000	0.0625584 	110.000000	2.08894e-05	
115.000000	0.0875699 	115.000000	0.0606863 	115.000000	0.0610881 	115.000000	0.060842  	115.000000	0.0606662 	115.000000	2.00661e-05	
120.000000	0.084884  	120.000000	0.0589411 	120.000000	0.0593284 	120.000000	0.0590842 	120.000000	0.0589218 	120.000000	1.9308e-05	
125.000000	0.0823978 	125.000000	0.0573269 	125.000000	0.0577008 	125.000000	0.057457  	125.000000	0.0573083 	125.000000	1.86074e-05	
130.000000	0.0800893 	130.000000	0.0558294 	130.000000	0.0561891 	130.000000	0.0559461 	130.000000	0.0558114 	130.000000	1.79581e-05	
135.000000	0.0779396 	135.000000	0.0544363 	135.000000	0.0547816 	135.000000	0.0545396 	135.000000	0.0544189 	135.000000	1.73544e-05	
140.000000	0.0759325 	140.000000	0.053137  	140.000000	0.0534679 	140.000000	0.0532267 	140.000000	0.0531202 	140.000000	1.67917e-05	
145.000000	0.0740538 	145.000000	0.0519222 	145.000000	0.0522388 	145.000000	0.0519986 	145.000000	0.051906  	145.000000	1.62658e-05	
150.000000	0.0722913 	150.000000	0.050784  	150.000000	0.0510864 	150.000000	0.0508471 	150.000000	0.0507682 	150.000000	1.57733e-05	
155.000000	0.0698096 	155.000000	0.0497152 	155.000000	0.0500036 	155.000000	0.0497653 	155.000000	0.0496999 	155.000000	1.5311e-05	
160.000000	0.068355  	160.000000	0.0487098 	160.000000	0.0489845 	160.000000	0.048747  	160.000000	0.0486949 	160.000000	1.48761e-05	
165.000000	0.0669834 	165.000000	0.0477621 	165.000000	0.0480234 	165.000000	0.0477869 	165.000000	0.0477476 	165.000000	1.44663e-05	
170.000000	0.0656876 	170.000000	0.0468673 	170.000000	0.0471156 	170.000000	0.04688   	170.000000	0.0468533 	170.000000	1.40794e-05	
175.000000	0.0644615 	175.000000	0.0460212 	175.000000	0.0462567 	175.000000	0.0460221 	175.000000	0.0460075 	175.000000	1.37135e-05	
180.000000	0.0632995 	180.000000	0.0452198 	180.000000	0.045443  	180.000000	0.0452094 	180.000000	0.0452065 	180.000000	1.3367e-05	
185.000000	0.0621967 	185.000000	0.0444597 	185.000000	0.044671  	185.000000	0.0444382 	185.000000	0.0444467 	185.000000	1.30383e-05	
190.000000	0.0611486 	190.000000	0.0437378 	190.000000	0.0439375 	190.000000	0.0437056 	190.000000	0.0437251 	190.000000	1.2726e-05	
195.000000	0.0601512 	195.000000	0.0430512 	195.000000	0.0432397 	195.000000	0.0430088 	195.000000	0.0430388 	195.000000	1.2429e-05	
200.000000	0.0592009 	200.000000	0.0423975 	200.000000	0.0425752 	200.000000	0.0423452 	200.000000	0.0423853 	200.000000	1.2146e-05	
210.000000	0.0574285 	210.000000	0.0411795 	210.000000	0.0413369 	210.000000	0.0411086 	210.000000	0.0411679 	210.000000	1.16187e-05	
220.000000	0.0558086 	220.000000	0.0400679 	220.000000	0.0402064 	220.000000	0.0399798 	220.000000	0.0400567 	220.000000	1.11371e-05	
230.000000	0.0543222 	230.000000	0.0390493 	230.000000	0.0391706 	230.000000	0.0389456 	230.000000	0.0390386 	230.000000	1.06953e-05	
240.000000	0.0529533 	240.000000	0.0381126 	240.000000	0.0382177 	240.000000	0.0379945 	240.000000	0.0381023 	240.000000	1.02886e-05	
250.000000	0.0516884 	250.000000	0.0372484 	250.000000	0.0373396 	250.000000	0.0371172 	250.000000	0.0372385 	250.000000	9.91298e-06	
260.000000	0.0505162 	260.000000	0.0364486 	260.000000	0.0365242 	260.000000	0.0363055 	260.000000	0.036439  	260.000000	9.56486e-06	
270.000000	0.0494266 	270.000000	0.0357064 	270.000000	0.0357659 	270.000000	0.0355525 	270.000000	0.0356971 	270.000000	9.24132e-06	
280.000000	0.0484114 	280.000000	0.0350157 	280.000000	0.0350647 	280.000000	0.0348522 	280.000000	0.0350068 	280.000000	8.93982e-06	
290.000000	0.0474631 	290.000000	0.0343716 	290.000000	0.0344108 	290.000000	0.0341993 	290.000000	0.0343629 	290.000000	8.65814e-06	
300.000000	0.0465754 	300.000000	0.0337694 	300.000000	0.0337996 	300.000000	0.0335894 	300.000000	0.033761  	300.000000	8.39437e-06	
310.000000	0.0457427 	310.000000	0.0332054 	310.000000	0.0332276 	310.000000	0.0330185 	310.000000	0.0331972 	310.000000	8.14682e-06	
320.000000	0.04496   	320.000000	0.032676  	320.000000	0.0326911 	320.000000	0.032483  	320.000000	0.0326681 	320.000000	7.91404e-06	
330.000000	0.044223  	330.000000	0.0321782 	330.000000	0.0321868 	330.000000	0.0319798 	330.000000	0.0321705 	330.000000	7.69471e-06	
340.000000	0.043528  	340.000000	0.0317094 	340.000000	0.0317125 	340.000000	0.0315064 	340.000000	0.0317019 	340.000000	7.48769e-06	
350.000000	0.0428713 	350.000000	0.0312671 	350.000000	0.0312656 	350.000000	0.0310601 	350.000000	0.0312598 	350.000000	7.29195e-06	
360.000000	0.0422501 	360.000000	0.0308492 	360.000000	0.0308419 	360.000000	0.0306388 	360.000000	0.0308421 	360.000000	7.1066e-06	
370.000000	0.0416615 	370.000000	0.0304539 	370.000000	0.0304401 	370.000000	0.0302405 	370.000000	0.0304469 	370.000000	6.9308e-06	
380.000000	0.0411032 	380.000000	0.0300793 	380.000000	0.0300614 	380.000000	0.0298636 	380.000000	0.0300725 	380.000000	6.76383e-06	
390.000000	0.0405728 	390.000000	0.0297239 	390.000000	0.0297038 	390.000000	0.0295064 	390.000000	0.0297173 	390.000000	6.60504e-06	
400.000000	0.0400685 	400.000000	0.0293864 	400.000000	0.0293644 	400.000000	0.0291675 	400.000000	0.02938   	400.000000	6.45382e-06	
410.000000	0.0395883 	410.000000	0.0290655 	410.000000	0.0290416 	410.000000	0.0288457 	410.000000	0.0290592 	410.000000	6.30964e-06	
420.000000	0.0391307 	420.000000	0.02876   	420.000000	0.0287347 	420.000000	0.0285396 	420.000000	0.0287539 	420.000000	6.17202e-06	
430.000000	0.0386942 	430.000000	0.028469  	430.000000	0.0284428 	430.000000	0.0282483 	430.000000	0.0284629 	430.000000	6.04051e-06	
440.000000	0.0382773 	440.000000	0.0281913 	440.000000	0.028165  	440.000000	0.0279708 	440.000000	0.0281854 	440.000000	5.91471e-06	
450.000000	0.0378788 	450.000000	0.0279263 	450.000000	0.0278997 	450.000000	0.0277062 	450.000000	0.0279205 	450.000000	5.79424e-06	
460.000000	0.0374977 	460.000000	0.0276731 	460.000000	0.0276453 	460.000000	0.0274537 	460.000000	0.0276674 	460.000000	5.67878e-06	
470.000000	0.0371328 	470.000000	0.0274309 	470.000000	0.0274017 	470.000000	0.0272125 	470.000000	0.0274254 	470.000000	5.56801e-06	
480.000000	0.0367832 	480.000000	0.0271992 	480.000000	0.02717   	480.000000	0.0269825 	480.000000	0.0271937 	480.000000	5.46165e-06	
490.000000	0.036448  	490.000000	0.0269772 	490.000000	0.0269499 	490.000000	0.0267631 	490.000000	0.0269718 	490.000000	5.35943e-06	
500.000000	0.0361263 	500.000000	0.0267644 	500.000000	0.0267396 	500.000000	0.026553  	500.000000	0.0267591 	500.000000	5.26112e-06	
520.000000	0.0355207 	520.000000	0.0263644 	520.000000	0.0263442 	520.000000	0.0261585 	520.000000	0.0263593 	520.000000	5.07535e-06	
540.000000	0.0349611 	540.000000	0.0259955 	540.000000	0.0259803 	540.000000	0.0257955 	540.000000	0.0259906 	540.000000	4.90273e-06	
560.000000	0.0344426 	560.000000	0.0256543 	560.000000	0.0256442 	560.000000	0.0254605 	560.000000	0.0256496 	560.000000	4.7419e-06	
580.000000	0.0339613 	580.000000	0.0253383 	580.000000	0.0253327 	580.000000	0.0251507 	580.000000	0.0253337 	580.000000	4.59169e-06	
600.000000	0.0335137 	600.000000	0.0250448 	600.000000	0.0250436 	600.000000	0.0248637 	600.000000	0.0250403 	600.000000	4.45105e-06	
620.000000	0.0330966 	620.000000	0.0247718 	620.000000	0.0247755 	620.000000	0.0245973 	620.000000	0.0247674 	620.000000	4.31908e-06	
640.000000	0.0327073 	640.000000	0.0245174 	640.000000	0.0245269 	640.000000	0.0243496 	640.000000	0.0245132 	640.000000	4.19501e-06	
660.000000	0.0323435 	660.000000	0.0242799 	660.000000	0.0242957 	660.000000	0.0241189 	660.000000	0.0242758 	660.000000	4.07814e-06	
680.000000	0.0320029 	680.000000	0.024058  	680.000000	0.0240798 	680.000000	0.0239037 	680.000000	0.024054  	680.000000	3.96784e-06	
700.000000	0.0316838 	700.000000	0.0238503 	700.000000	0.0238783 	700.000000	0.0237026 	700.000000	0.0238464 	700.000000	3.86357e-06	
720.000000	0.0313845 	720.000000	0.0236557 	720.000000	0.02369   	720.000000	0.0235147 	720.000000	0.0236519 	720.000000	3.76485e-06	
740.000000	0.0311033 	740.000000	0.0234731 	740.000000	0.023513  	740.000000	0.0233386 	740.000000	0.0234694 	740.000000	3.67123e-06	
760.000000	0.030839  	760.000000	0.0233016 	760.000000	0.0233462 	760.000000	0.0231736 	760.000000	0.023298  	760.000000	3.58233e-06	
780.000000	0.0305903 	780.000000	0.0231404 	780.000000	0.0231895 	780.000000	0.0230188 	780.000000	0.0231369 	780.000000	3.4978e-06	
800.000000	0.0303561 	800.000000	0.0229888 	800.000000	0.0230431 	800.000000	0.0228734 	800.000000	0.0229854 	800.000000	3.41731e-06	
820.000000	0.0301354 	820.000000	0.022846  	820.000000	0.022906  	820.000000	0.0227366 	820.000000	0.0228426 	820.000000	3.34057e-06	
840.000000	0.0299274 	840.000000	0.0227114 	840.000000	0.0227772 	840.000000	0.022608  	840.000000	0.0227081 	840.000000	3.26734e-06	
860.000000	0.0297311 	860.000000	0.0225845 	860.000000	0.0226556 	860.000000	0.0224868 	860.000000	0.0225813 	860.000000	3.19737e-06	
880.000000	0.0295458 	880.000000	0.0224648 	880.000000	0.022541  	880.000000	0.0223727 	880.000000	0.0224617 	880.000000	3.13044e-06	
900.000000	0.0293709 	900.000000	0.0223518 	900.000000	0.0224331 	900.000000	0.022265  	900.000000	0.0223487 	900.000000	3.06636e-06	
920.000000	0.0292056 	920.000000	0.022245  	920.000000	0.0223314 	920.000000	0.0221635 	920.000000	0.022242  	920.000000	3.00495e-06	
940.000000	0.0290494 	940.000000	0.0221442 	940.000000	0.0222352 	940.000000	0.0220676 	940.000000	0.0221412 	940.000000	2.94605e-06	
960.000000	0.0289019 	960.000000	0.0220488 	960.000000	0.022144  	960.000000	0.021977  	960.000000	0.0220459 	960.000000	2.88949e-06	
980.000000	0.0287623 	980.000000	0.0219587 	980.000000	0.0220573 	980.000000	0.0218914 	980.000000	0.0219558 	980.000000	2.83514e-06	
1000.000000	0.0286304 	1000.000000	0.0218734 	1000.000000	0.0219752 	1000.000000	0.0218105 	1000.000000	0.0218706 	1000.000000	2.78288e-06	
1020.000000	0.0285058 	1020.000000	0.0217928 	1020.000000	0.0218976 	1020.000000	0.021734  	1020.000000	0.02179   	1020.000000	2.73258e-06	
1040.000000	0.0283879 	1040.000000	0.0217165 	1040.000000	0.0218245 	1040.000000	0.0216615 	1040.000000	0.0217138 	1040.000000	2.68413e-06	
1060.000000	0.0282764 	1060.000000	0.0216443 	1060.000000	0.0217556 	1060.000000	0.021593  	1060.000000	0.0216417 	1060.000000	2.63744e-06	
1080.000000	0.0281711 	1080.000000	0.021576  	1080.000000	0.0216905 	1080.000000	0.0215281 	1080.000000	0.0215734 	1080.000000	2.5924e-06	
1100.000000	0.0280716 	1100.000000	0.0215114 	1100.000000	0.0216289 	1100.000000	0.0214666 	1100.000000	0.0215088 	1100.000000	2.54893e-06	
1120.000000	0.0279775 	1120.000000	0.0214502 	1120.000000	0.0215706 	1120.000000	0.0214084 	1120.000000	0.0214477 	1120.000000	2.50695e-06	
1140.000000	0.0278887 	1140.000000	0.0213924 	1140.000000	0.0215152 	1140.000000	0.0213533 	1140.000000	0.0213899 	1140.000000	2.46638e-06	
1160.000000	0.0278049 	1160.000000	0.0213377 	1160.000000	0.0214627 	1160.000000	0.021301  	1160.000000	0.0213353 	1160.000000	2.42715e-06	
1180.000000	0.0277258 	1180.000000	0.021286  	1180.000000	0.021413  	1180.000000	0.0212515 	1180.000000	0.0212836 	1180.000000	2.3892e-06	
1200.000000	0.0276513 	1200.000000	0.0212371 	1200.000000	0.0213659 	1200.000000	0.0212046 	1200.000000	0.0212348 	1200.000000	2.35245e-06	
1220.000000	0.0275811 	1220.000000	0.021191  	1220.000000	0.0213213 	1220.000000	0.0211602 	1220.000000	0.0211886 	1220.000000	2.31687e-06	
1240.000000	0.027515  	1240.000000	0.0211473 	1240.000000	0.021279  	1240.000000	0.021118  	1240.000000	0.0211451 	1240.000000	2.28238e-06	
1260.000000	0.0274528 	1260.000000	0.0211062 	1260.000000	0.021239  	1260.000000	0.0210781 	1260.000000	0.0211039 	1260.000000	2.24894e-06	
1280.000000	0.0273944 	1280.000000	0.0210674 	1280.000000	0.021201  	1280.000000	0.0210403 	1280.000000	0.0210652 	1280.000000	2.21651e-06	
1300.000000	0.0273396 	1300.000000	0.0210308 	1300.000000	0.0211649 	1300.000000	0.0210045 	1300.000000	0.0210286 	1300.000000	2.18503e-06	
1320.000000	0.0272882 	1320.000000	0.0209963 	1320.000000	0.0211306 	1320.000000	0.0209705 	1320.000000	0.0209942 	1320.000000	2.15446e-06	
1340.000000	0.0272402 	1340.000000	0.0209639 	1340.000000	0.0210979 	1340.000000	0.0209384 	1340.000000	0.0209618 	1340.000000	2.12477e-06	
1360.000000	0.0271953 	1360.000000	0.0209335 	1360.000000	0.0210669 	1360.000000	0.020908  	1360.000000	0.0209314 	1360.000000	2.09592e-06	
1380.000000	0.0271535 	1380.000000	0.0209049 	1380.000000	0.0210375 	1380.000000	0.0208792 	1380.000000	0.0209028 	1380.000000	2.06787e-06	
1400.000000	0.0271146 	1400.000000	0.0208781 	1400.000000	0.0210097 	1400.000000	0.0208519 	1400.000000	0.020876  	1400.000000	2.04058e-06	
1420.000000	0.0270785 	1420.000000	0.020853  	1420.000000	0.0209834 	1420.000000	0.0208262 	1420.000000	0.020851  	1420.000000	2.01404e-06	
1440.000000	0.0270451 	1440.000000	0.0208295 	1440.000000	0.0209586 	1440.000000	0.0208018 	1440.000000	0.0208276 	1440.000000	1.9882e-06	
1460.000000	0.0270143 	1460.000000	0.0208077 	1460.000000	0.0209353 	1460.000000	0.0207788 	1460.000000	0.0208057 	1460.000000	1.96304e-06	
1480.000000	0.0269859 	1480.000000	0.0207873 	1480.000000	0.0209133 	1480.000000	0.0207571 	1480.000000	0.0207854 	1480.000000	1.93853e-06	
1500.000000	0.0269601 	1500.000000	0.0207684 	1500.000000	0.0208926 	1500.000000	0.0207366 	1500.000000	0.0207665 	1500.000000	1.91465e-06	
1520.000000	0.0269365 	1520.000000	0.0207509 	1520.000000	0.0208732 	1520.000000	0.0207172 	1520.000000	0.020749  	1520.000000	1.89138e-06	
1540.000000	0.0269151 	1540.000000	0.0207348 	1540.000000	0.0208549 	1540.000000	0.020699  	1540.000000	0.0207329 	1540.000000	1.86868e-06	
1560.000000	0.026896  	1560.000000	0.0207199 	1560.000000	0.0208377 	1560.000000	0.0206819 	1560.000000	0.020718  	1560.000000	1.84654e-06	
1580.000000	0.0268789 	1580.000000	0.0207063 	1580.000000	0.0208216 	1580.000000	0.0206658 	1580.000000	0.0207044 	1580.000000	1.82494e-06	
1600.000000	0.0268638 	1600.000000	0.0206939 	1600.000000	0.0208064 	1600.000000	0.0206506 	1600.000000	0.020692  	1600.000000	1.80385e-06	
1620.000000	0.0268506 	1620.000000	0.0206826 	1620.000000	0.0207921 	1620.000000	0.0206364 	1620.000000	0.0206808 	1620.000000	1.78327e-06	
1640.000000	0.0268394 	1640.000000	0.0206724 	1640.000000	0.0207788 	1640.000000	0.0206231 	1640.000000	0.0206707 	1640.000000	1.76316e-06	
1660.000000	0.0268299 	1660.000000	0.0206634 	1660.000000	0.0207662 	1660.000000	0.0206107 	1660.000000	0.0206616 	1660.000000	1.74353e-06	
1680.000000	0.0268222 	1680.000000	0.0206553 	1680.000000	0.0207545 	1680.000000	0.0205991 	1680.000000	0.0206536 	1680.000000	1.72434e-06	
1700.000000	0.0268162 	1700.000000	0.0206483 	1700.000000	0.0207436 	1700.000000	0.0205882 	1700.000000	0.0206466 	1700.000000	1.70558e-06	
1750.000000	0.0268083 	1750.000000	0.0206348 	1750.000000	0.0207195 	1750.000000	0.0205644 	1750.000000	0.0206332 	1750.000000	1.66049e-06	
1800.000000	0.0268099 	1800.000000	0.0206269 	1800.000000	0.0206996 	1800.000000	0.0205448 	1800.000000	0.0206253 	1800.000000	1.6178e-06	
1850.000000	0.0268204 	1850.000000	0.0206241 	1850.000000	0.0206835 	1850.000000	0.020529  	1850.000000	0.0206225 	1850.000000	1.57733e-06	
1900.000000	0.026839  	1900.000000	0.0206259 	1900.000000	0.0206708 	1900.000000	0.0205168 	1900.000000	0.0206244 	1900.000000	1.53891e-06	
1950.000000	0.0268652 	1950.000000	0.0206321 	1950.000000	0.0206613 	1950.000000	0.0205076 	1950.000000	0.0206306 	1950.000000	1.50238e-06	
2000.000000	0.0268985 	2000.000000	0.0206423 	2000.000000	0.0206546 	2000.000000	0.0205014 	2000.000000	0.0206409 	2000.000000	1.4676e-06	
2100.000000	0.0269846 	2100.000000	0.0206736 	2100.000000	0.0206487 	2100.000000	0.0204963 	2100.000000	0.0206722 	2100.000000	1.40282e-06	
2200.000000	0.0270941 	2200.000000	0.0207178 	2200.000000	0.0206515 	2200.000000	0.0204998 	2200.000000	0.0207165 	2200.000000	1.3437e-06	
2300.000000	0.0272243 	2300.000000	0.0207732 	2300.000000	0.0206615 	2300.000000	0.0205104 	2300.000000	0.0207719 	2300.000000	1.28953e-06	
2400.000000	0.0273729 	2400.000000	0.0208383 	2400.000000	0.0206776 	2400.000000	0.0205269 	2400.000000	0.0208371 	2400.000000	1.23969e-06	
2500.000000	0.0275379 	2500.000000	0.0209121 	2500.000000	0.0206991 	2500.000000	0.0205487 	2500.000000	0.0209109 	2500.000000	1.19369e-06	
2600.000000	0.0277179 	2600.000000	0.0209935 	2600.000000	0.0207269 	2600.000000	0.0205767 	2600.000000	0.0209923 	2600.000000	1.1511e-06	
2700.000000	0.0279113 	2700.000000	0.0210816 	2700.000000	0.0207582 	2700.000000	0.0206081 	2700.000000	0.0210805 	2700.000000	1.11153e-06	
2800.000000	0.028117  	2800.000000	0.0211758 	2800.000000	0.0207922 	2800.000000	0.0206422 	2800.000000	0.0211747 	2800.000000	1.07469e-06	
2900.000000	0.028334  	2900.000000	0.0212753 	2900.000000	0.0208284 	2900.000000	0.0206787 	2900.000000	0.0212743 	2900.000000	1.04029e-06	
3000.000000	0.0285612 	3000.000000	0.0213797 	3000.000000	0.0208666 	3000.000000	0.020717  	3000.000000	0.0213787 	3000.000000	1.0081e-06	
3200.000000	0.0290436 	3200.000000	0.0216012 	3200.000000	0.0209473 	3200.000000	0.0207982 	3200.000000	0.0216002 	3200.000000	9.49525e-07	
3400.000000	0.029559  	3400.000000	0.021837  	3400.000000	0.0210323 	3400.000000	0.0208837 	3400.000000	0.0218361 	3400.000000	8.97589e-07	
3600.000000	0.030103  	3600.000000	0.0220846 	3600.000000	0.02112   	3600.000000	0.0209718 	3600.000000	0.0220837 	3600.000000	8.51212e-07	
3800.000000	0.0306726 	3800.000000	0.0223421 	3800.000000	0.0212094 	3800.000000	0.0210615 	3800.000000	0.0223413 	3800.000000	8.09538e-07	
4000.000000	0.0312649 	4000.000000	0.0226081 	4000.000000	0.0212996 	4000.000000	0.021152  	4000.000000	0.0226073 	4000.000000	7.71879e-07	
4200.000000	0.0318778 	4200.000000	0.0228811 	4200.000000	0.0213899 	4200.000000	0.0212426 	4200.000000	0.0228803 	4200.000000	7.37675e-07	
4400.000000	0.0325095 	4400.000000	0.0231601 	4400.000000	0.0214799 	4400.000000	0.0213328 	4400.000000	0.0231594 	4400.000000	7.06468e-07	
4600.000000	0.0331585 	4600.000000	0.0234444 	4600.000000	0.0215692 	4600.000000	0.0214224 	4600.000000	0.0234438 	4600.000000	6.77875e-07	
4800.000000	0.0338236 	4800.000000	0.0237332 	4800.000000	0.0216576 	4800.000000	0.021511  	4800.000000	0.0237326 	4800.000000	6.51579e-07	
5000.000000	0.0345037 	5000.000000	0.0240259 	5000.000000	0.0217449 	5000.000000	0.0215984 	5000.000000	0.0240253 	5000.000000	6.2731e-07	
5250.000000	0.0353735 	5250.000000	0.0243965 	5250.000000	0.0218522 	5250.000000	0.0217059 	5250.000000	0.0243959 	5250.000000	5.9948e-07	
5500.000000	0.0362638 	5500.000000	0.0247717 	5500.000000	0.0219573 	5500.000000	0.0218113 	5500.000000	0.0247711 	5500.000000	5.7409e-07	
6000.000000	0.0381015 	6000.000000	0.025533  	6000.000000	0.0221608 	6000.000000	0.0220151 	6000.000000	0.0255324 	6000.000000	5.29436e-07	
6500.000000	0.0400089 	6500.000000	0.0263056 	6500.000000	0.022355  	6500.000000	0.0222097 	6500.000000	0.0263051 	6500.000000	4.91416e-07	
7000.000000	0.0419807 	7000.000000	0.0270867 	7000.000000	0.02254   	7000.000000	0.0223951 	7000.000000	0.0270862 	7000.000000	4.58641e-07	
7500.000000	0.0440126 	7500.000000	0.0278741 	7500.000000	0.0227156 	7500.000000	0.0225717 	7500.000000	0.0278737 	7500.000000	4.30087e-07	
8000.000000	0.0461016 	8000.000000	0.0286663 	8000.000000	0.0228834 	8000.000000	0.02274   	8000.000000	0.0286659 	8000.000000	4.04979e-07	
8500.000000	0.0482453 	8500.000000	0.0294622 	8500.000000	0.023044  	8500.000000	0.0229004 	8500.000000	0.0294618 	8500.000000	3.82724e-07	
9000.000000	0.0504418 	9000.000000	0.0302607 	9000.000000	0.0231972 	9000.000000	0.0230536 	9000.000000	0.0302604 	9000.000000	3.62857e-07	
9500.000000	0.0526898 	9500.000000	0.0310613 	9500.000000	0.0233432 	9500.000000	0.0232    	9500.000000	0.031061  	9500.000000	3.4501e-07	
10000.000000	0.0549881 	10000.000000	0.0318634 	10000.000000	0.0234824 	10000.000000	0.0233401 	10000.000000	0.031863  	10000.000000	3.28887e-07	
11000.000000	0.0597318 	11000.000000	0.0334704 	11000.000000	0.0237438 	11000.000000	0.0236029 	11000.000000	0.0334701 	11000.000000	3.00892e-07	
12000.000000	0.0646673 	12000.000000	0.0350792 	12000.000000	0.023986  	12000.000000	0.0238453 	12000.000000	0.035079  	12000.000000	2.77411e-07	
13000.000000	0.0697912 	13000.000000	0.0366884 	13000.000000	0.0242102 	13000.000000	0.0240698 	13000.000000	0.0366882 	13000.000000	2.57425e-07	
14000.000000	0.0751007 	14000.000000	0.0382968 	14000.000000	0.0244181 	14000.000000	0.0242787 	14000.000000	0.0382966 	14000.000000	2.402e-07 	
15000.000000	0.0805943 	15000.000000	0.0399038 	15000.000000	0.0246116 	15000.000000	0.0244738 	15000.000000	0.0399035 	15000.000000	2.25198e-07	
16000.000000	0.0862709 	16000.000000	0.0415088 	16000.000000	0.0247929 	16000.000000	0.0246566 	16000.000000	0.0415086 	16000.000000	2.12009e-07	
17000.000000	0.09213   	17000.000000	0.0431116 	17000.000000	0.0249634 	17000.000000	0.0248285 	17000.000000	0.0431114 	17000.000000	2.00322e-07	
18000.000000	0.0981711 	18000.000000	0.0447119 	18000.000000	0.0251244 	18000.000000	0.0249907 	18000.000000	0.0447117 	18000.000000	1.89891e-07	
19000.000000	0.104394  	19000.000000	0.0463097 	19000.000000	0.0252769 	19000.000000	0.025144  	19000.000000	0.0463096 	19000.000000	1.80522e-07	
20000.000000	0.110799  	20000.000000	0.0479049 	20000.000000	0.0254215 	20000.000000	0.0252894 	20000.000000	0.0479047 	20000.000000	1.72059e-07	
21000.000000	0.117387  	21000.000000	0.0494974 	21000.000000	0.0255589 	21000.000000	0.0254276 	21000.000000	0.0494973 	21000.000000	1.64376e-07	
22000.000000	0.124157  	22000.000000	0.0510873 	22000.000000	0.0256889 	22000.000000	0.0255592 	22000.000000	0.0510871 	22000.000000	1.57369e-07	
23000.000000	0.131111  	23000.000000	0.0526744 	23000.000000	0.025813  	23000.000000	0.0256848 	23000.000000	0.0526743 	23000.000000	1.50952e-07	
24000.000000	0.138248  	24000.000000	0.054259  	24000.000000	0.0259318 	24000.000000	0.0258049 	24000.000000	0.0542588 	24000.000000	1.45052e-07	
25000.000000	0.14557   	25000.000000	0.0558409 	25000.000000	0.0260453 	25000.000000	0.0259198 	25000.000000	0.0558408 	25000.000000	1.39609e-07	
26000.000000	0.153077  	26000.000000	0.0574203 	26000.000000	0.026154  	26000.000000	0.0260301 	26000.000000	0.0574202 	26000.000000	1.34571e-07	
27000.000000	0.160769  	27000.000000	0.0589972 	27000.000000	0.0262584 	27000.000000	0.026136  	27000.000000	0.0589971 	27000.000000	1.29894e-07	
28000.000000	0.168649  	28000.000000	0.0605716 	28000.000000	0.0263587 	28000.000000	0.0262379 	28000.000000	0.0605715 	28000.000000	1.2554e-07	
29000.000000	0.176715  	29000.000000	0.0621436 	29000.000000	0.0264551 	29000.000000	0.026336  	29000.000000	0.0621435 	29000.000000	1.21477e-07	
30000.000000	0.18497   	30000.000000	0.0637133 	30000.000000	0.026548  	30000.000000	0.0264306 	30000.000000	0.0637131 	30000.000000	1.17676e-07	
32000.000000	0.202048  	32000.000000	0.0668457 	32000.000000	0.0267241 	32000.000000	0.0266102 	32000.000000	0.0668456 	32000.000000	1.10765e-07	
34000.000000	0.219889  	34000.000000	0.0699692 	34000.000000	0.0268885 	34000.000000	0.0267782 	34000.000000	0.0699691 	34000.000000	1.04641e-07	
36000.000000	0.238501  	36000.000000	0.0730844 	36000.000000	0.0270422 	36000.000000	0.026936  	36000.000000	0.0730843 	36000.000000	9.91764e-08	
38000.000000	0.257891  	38000.000000	0.0761915 	38000.000000	0.0271861 	38000.000000	0.0270846 	38000.000000	0.0761914 	38000.000000	9.42692e-08	
40000.000000	0.278068  	40000.000000	0.0792908 	40000.000000	0.0273215 	40000.000000	0.0272252 	40000.000000	0.0792907 	40000.000000	8.98375e-08	
42000.000000	0.29904   	42000.000000	0.0823828 	42000.000000	0.0274496 	42000.000000	0.0273583 	42000.000000	0.0823827 	42000.000000	8.58148e-08	
44000.000000	0.320814  	44000.000000	0.0854677 	44000.000000	0.0275711 	44000.000000	0.0274848 	44000.000000	0.0854676 	44000.000000	8.21465e-08	
46000.000000	0.3434    	46000.000000	0.0885459 	46000.000000	0.0276868 	46000.000000	0.0276053 	46000.000000	0.0885458 	46000.000000	7.87873e-08	
48000.000000	0.366806  	48000.000000	0.0916175 	48000.000000	0.0277972 	48000.000000	0.0277202 	48000.000000	0.0916174 	48000.000000	7.56993e-08	
50000.000000	0.391039  	50000.000000	0.0946829 	50000.000000	0.0279021 	50000.000000	0.02783   	50000.000000	0.0946828 	50000.000000	7.28507e-08	
