Energy (MeV/u)	0 - [He-base] F.Hubert et al, AD&ND Tables 46(1990)1	1 - [H -base] J.F.Ziegler et al, Pergamon Press, NY (low energy)	2 - ATIMA 1.2  LS-theory (recommended for high energy)	3 - ATIMA 1.2  without LS-correction	4 - Range straggling - method [0] - LISE	5 - Range straggling - method [1] - Atima	6 - Lateral range - method [0] - LISE	7 - Lateral range - method [1] - Atima	8 - Lateral range - method [2] - PDG
0.001000	0.139509  	0.139509  	0.133513  	0.133513  	-	-	0.000780361	0.00116062	0.000696109
93.633957	28341.9   	27840.3   	27920.6   	27954.4   	176.256   	87.4037   	150.27    	123.434   	154.783   
187.266914	92279.6   	91144.9   	91046.2   	91238.1   	552.064   	262.214   	469.536   	376.05    	494.412   
280.899871	180519    	178321    	178256    	178708    	1033.3    	487.337   	884.232   	705.925   	951.879   
374.532828	286248    	282842    	283107    	283899    	1569.79   	745.076   	1353.79   	1085.19   	1487.94   
468.165785	405460    	400404    	401194    	402391    	2132.02   	1024.88   	1853.31   	1495.97   	2076.33   
561.798742	535343    	528059    	529421    	531071    	2702.12   	1320.04   	2367.04   	1926.28   	2698.95   
655.431699	673741    	663618    	665475    	667620    	3269.22   	1626.4    	2884.79   	2367.78   	3342.88   
749.064655	818971    	805428    	807655    	810322    	3827.24   	1941.09   	3400.23   	2814.78   	3999.14   
842.697612	969688    	952211    	954654    	957865    	4372.63   	2261.97   	3909.36   	3263.3    	4661.28   
936.330569	1.12485e+06	1.10301e+06	1.1055e+06	1.10928e+06	4903.18   	2588.16   	4409.52   	3710.48   	5324.61   
1029.963526	1.28357e+06	1.25702e+06	1.25942e+06	1.26377e+06	5418.06   	2918.29   	4899.22   	4154.33   	5985.78   
1123.596483	1.44507e+06	1.41358e+06	1.41575e+06	1.42068e+06	5916.94   	3251.97   	5377.62   	4593.43   	6642.28   
1217.229440	1.60877e+06	1.57217e+06	1.57402e+06	1.57955e+06	6399.87   	3588.77   	5844.22   	5026.77   	7292.32   
1310.862397	1.77414e+06	1.73237e+06	1.73384e+06	1.73997e+06	6867.16   	3928.06   	6298.87   	5453.65   	7934.61   
1404.495354	1.94073e+06	1.8938e+06	1.89486e+06	1.90161e+06	7319.44   	4269.65   	6741.75   	5873.68   	8568.3    
1498.128311	2.10816e+06	2.05617e+06	2.05684e+06	2.0642e+06	7757.36   	4613.46   	7173.08   	6286.61   	9192.85   
1591.761268	2.27613e+06	2.21921e+06	2.21957e+06	2.22754e+06	8181.48   	4959.41   	7593.11   	6692.25   	9807.8    
1685.394225	2.44434e+06	2.38271e+06	2.38286e+06	2.39143e+06	8592.54   	5307.11   	8002.29   	7090.61   	10413     
1779.027182	2.61255e+06	2.54648e+06	2.54656e+06	2.55574e+06	8990.74   	5656.39   	8400.63   	7481.43   	11008     
1872.660139	2.78056e+06	2.71036e+06	2.71053e+06	2.72033e+06	9377.49   	6007.22   	8789.19   	7865.26   	11593.4   
1966.293096	2.94821e+06	2.87422e+06	2.8747e+06	2.88511e+06	9753.12   	6359.8    	9168.12   	8242.03   	12169     
2059.926052	3.11525e+06	3.03791e+06	3.03897e+06	3.05e+06  	10117.1   	6714.41   	9536.82   	8611.1    	12733.9   
2153.559009	3.28169e+06	3.20137e+06	3.20328e+06	3.21491e+06	10472.1   	7070.62   	9897.62   	8974.1    	13290.3   
2247.191966	3.44736e+06	3.36451e+06	3.36756e+06	3.37979e+06	10817.7   	7428.57   	10250     	9330.52   	13837.4   
2340.824923	3.61215e+06	3.52725e+06	3.53177e+06	3.5446e+06	11154.2   	7788.19   	10594.3   	9680.52   	14375.5   
2434.457880	3.776e+06 	3.68952e+06	3.69586e+06	3.70928e+06	11482.3   	8149.41   	10931     	10024.3   	14904.6   
2528.090837	3.93882e+06	3.85127e+06	3.8598e+06	3.87381e+06	11802.3   	8512.15   	11260.2   	10362     	15425.1   
2621.723794	4.10054e+06	4.01245e+06	4.02354e+06	4.03815e+06	12114.4   	8876.31   	11582.4   	10693.8   	15937.2   
2715.356751	4.26113e+06	4.17301e+06	4.18706e+06	4.20226e+06	12419.1   	9241.85   	11897.8   	11019.9   	16440.9   
2808.989708	4.42053e+06	4.33293e+06	4.35033e+06	4.36612e+06	12716.8   	9608.76   	12206.7   	11340.4   	16936.6   
2902.622665	4.5787e+06	4.49216e+06	4.51334e+06	4.52972e+06	13007.8   	9977.07   	12509.4   	11655.5   	17424.5   
2996.255622	4.73555e+06	4.65066e+06	4.67607e+06	4.69304e+06	13292.1   	10346.9   	12805.9   	11965.2   	17904.5   
3089.888579	4.8904e+06	4.808e+06 	4.83835e+06	4.8559e+06	13567.2   	10718.9   	13093.8   	12267.2   	18373.4   
3183.521536	5.04517e+06	4.9653e+06	5.00061e+06	5.01875e+06	13841.9   	11090.9   	13381.3   	12568.9   	18841.7   
3277.154493	5.19758e+06	5.12124e+06	5.16234e+06	5.18106e+06	14106.9   	11465.6   	13659.6   	12862.3   	19297.9   
3370.787449	5.34949e+06	5.27688e+06	5.32396e+06	5.34325e+06	14369.8   	11840.8   	13936     	13154     	19751.6   
3464.420406	5.4994e+06	5.43134e+06	5.48512e+06	5.50498e+06	14625.3   	12218.2   	14205.4   	13439.2   	20195.7   
3558.053363	5.6484e+06	5.58527e+06	5.64607e+06	5.6665e+06	14877.5   	12596.6   	14471.7   	13721.4   	20635.5   
3651.686320	5.79579e+06	5.73823e+06	5.80665e+06	5.82764e+06	15124.3   	12976.7   	14732.8   	13998.8   	21068.2   
3745.319277	5.94186e+06	5.89041e+06	5.96693e+06	5.98848e+06	15366.7   	13358.2   	14989.7   	14272.3   	21495.1   
3838.952234	6.08671e+06	6.04185e+06	6.12692e+06	6.14903e+06	15605.4   	13741.1   	15243     	14542.4   	21916.9   
3932.585191	6.22985e+06	6.19225e+06	6.28651e+06	6.30918e+06	15838.9   	14125.8   	15491.3   	14807.7   	22331.7   
4026.218148	6.37217e+06	6.34215e+06	6.44592e+06	6.46913e+06	16070     	14511.3   	15737.4   	15070.8   	22743.2   
4119.851105	6.51239e+06	6.49078e+06	6.60484e+06	6.6286e+06	16295.2   	14899.2   	15977.9   	15328.4   	23146.6   
4213.484062	6.6522e+06	6.63914e+06	6.76366e+06	6.78797e+06	16519.4   	15287.5   	16217.2   	15585     	23548.4   
4307.117019	6.78953e+06	6.78598e+06	6.92191e+06	6.94675e+06	16737     	15678.5   	16450.3   	15835.4   	23941.1   
4400.749976	6.92683e+06	6.9328e+06	7.08015e+06	7.10553e+06	16954.5   	16069.6   	16683.4   	16085.8   	24333.7   
4494.382933	7.06131e+06	7.07787e+06	7.23773e+06	7.26365e+06	17165.1   	16463.7   	16909.7   	16329.5   	24716.3   
4588.015890	7.19579e+06	7.22293e+06	7.39531e+06	7.42177e+06	17375.7   	16857.8   	17136     	16573.2   	25098.9   
4681.648846	7.32782e+06	7.36645e+06	7.55233e+06	7.57932e+06	17580.6   	17254.7   	17356.9   	16811.4   	25473.2   
4775.281803	7.45949e+06	7.50976e+06	7.70926e+06	7.73678e+06	17784.6   	17651.9   	17577     	17048.8   	25846.4   
4868.914760	7.58914e+06	7.65177e+06	7.86573e+06	7.89377e+06	17984.2   	18051.5   	17792.7   	17281.7   	26212.9   
4962.547717	7.71806e+06	7.79333e+06	8.02202e+06	8.05059e+06	18182.2   	18451.8   	18006.9   	17513.2   	26577.1   
5056.180674	7.84515e+06	7.93372e+06	8.1779e+06	8.20699e+06	18376.4   	18854.3   	18217.5   	17740.8   	26935.7   
5149.813631	7.97104e+06	8.07334e+06	8.33349e+06	8.3631e+06	18568     	19258.1   	18425.6   	17965.9   	27290.4   
5243.446588	8.09693e+06	8.21296e+06	8.48909e+06	8.51921e+06	18759.7   	19661.9   	18633.8   	18191.1   	27645.2   
5337.079545	8.21976e+06	8.3506e+06	8.64398e+06	8.67462e+06	18945.3   	20069.2   	18836.1   	18410.2   	27990.8   
5430.712502	8.34236e+06	8.4881e+06	8.79882e+06	8.82997e+06	19130.5   	20476.8   	19038     	18628.8   	28335.8   
5524.345459	8.46373e+06	8.6248e+06	8.95337e+06	8.98503e+06	19313.4   	20885.9   	19237.7   	18845.1   	28677.2   
5617.978416	8.5816e+06	8.75921e+06	9.10711e+06	9.13928e+06	19489.7   	21299.1   	19431.2   	19054.8   	29008.7   
5711.611373	8.69947e+06	8.89361e+06	9.26086e+06	9.29353e+06	19666.1   	21712.4   	19624.7   	19264.6   	29340.2   
5805.244330	8.81734e+06	9.02802e+06	9.41461e+06	9.44778e+06	19842.5   	22125.6   	19818.2   	19474.3   	29671.7   
5898.877287	8.93521e+06	9.16242e+06	9.56835e+06	9.60203e+06	20018.9   	22538.9   	20011.7   	19684     	30003.2   
5992.510243	9.05308e+06	9.29683e+06	9.7221e+06	9.75628e+06	20195.3   	22952.1   	20205.3   	19893.8   	30334.7   
6086.143200	9.16543e+06	9.42757e+06	9.87458e+06	9.90925e+06	20362.2   	23372.2   	20389.8   	20093.8   	30651.5   
6179.776157	9.27731e+06	9.558e+06 	1.00269e+07	1.00621e+07	20528.2   	23792.8   	20573.5   	20292.9   	30966.9   
6273.409114	9.38919e+06	9.68842e+06	1.01793e+07	1.0215e+07	20694.3   	24213.4   	20757.2   	20492.1   	31282.4   
6367.042071	9.50107e+06	9.81885e+06	1.03317e+07	1.03678e+07	20860.4   	24634     	20940.9   	20691.2   	31597.8   
6460.675028	9.61295e+06	9.94928e+06	1.0484e+07	1.05207e+07	21026.5   	25054.7   	21124.7   	20890.4   	31913.3   
6554.307985	9.72157e+06	1.00775e+07	1.06357e+07	1.06728e+07	21187.3   	25479.5   	21303.5   	21084.1   	32220.5   
6647.940942	9.82784e+06	1.02041e+07	1.07867e+07	1.08244e+07	21344.4   	25907.4   	21478.8   	21274     	32521.8   
6741.573899	9.93411e+06	1.03308e+07	1.09378e+07	1.09759e+07	21501.6   	26335.3   	21654.2   	21463.9   	32823.2   
6835.206856	1.00404e+07	1.04574e+07	1.10889e+07	1.11275e+07	21658.7   	26763.1   	21829.5   	21653.8   	33124.5   
6928.839813	1.01466e+07	1.0584e+07	1.124e+07 	1.1279e+07	21815.8   	27191     	22004.8   	21843.7   	33425.8   
7022.472770	1.02517e+07	1.07098e+07	1.13907e+07	1.14303e+07	21971     	27620.6   	22178.4   	22031.6   	33724.2   
7116.105727	1.03527e+07	1.08328e+07	1.15406e+07	1.15806e+07	22120.3   	28055.5   	22346.4   	22213.3   	34013     
7209.738684	1.04537e+07	1.09558e+07	1.16905e+07	1.1731e+07	22269.5   	28490.3   	22514.5   	22395     	34301.8   
7303.371640	1.05547e+07	1.10788e+07	1.18403e+07	1.18813e+07	22418.8   	28925.2   	22682.5   	22576.7   	34590.6   
7397.004597	1.06558e+07	1.12018e+07	1.19902e+07	1.20317e+07	22568     	29360.1   	22850.6   	22758.3   	34879.4   
7490.637554	1.07568e+07	1.13249e+07	1.21401e+07	1.2182e+07	22717.3   	29795     	23018.6   	22940     	35168.3   
7584.270511	1.08534e+07	1.14448e+07	1.22889e+07	1.23313e+07	22860.3   	30236     	23181     	23115.2   	35447.1   
7677.903468	1.09495e+07	1.15644e+07	1.24376e+07	1.24805e+07	23002.6   	30677.7   	23342.7   	23289.6   	35724.8   
7771.536425	1.10456e+07	1.16839e+07	1.25863e+07	1.26297e+07	23145     	31119.5   	23504.4   	23464.1   	36002.5   
7865.169382	1.11418e+07	1.18035e+07	1.27351e+07	1.27789e+07	23287.3   	31561.2   	23666.2   	23638.5   	36280.2   
7958.802339	1.12379e+07	1.19231e+07	1.28838e+07	1.29281e+07	23429.6   	32003     	23827.9   	23813     	36557.9   
8052.435296	1.13315e+07	1.20408e+07	1.30319e+07	1.30767e+07	23568.5   	32448.5   	23986.5   	23983.8   	36830     
8146.068253	1.1423e+07	1.21571e+07	1.31796e+07	1.32248e+07	23704.6   	32897     	24142.7   	24151.7   	37097.7   
8239.701210	1.15146e+07	1.22734e+07	1.33272e+07	1.33729e+07	23840.7   	33345.6   	24298.8   	24319.7   	37365.5   
8333.334167	1.16061e+07	1.23898e+07	1.34749e+07	1.3521e+07	23976.9   	33794.1   	24455     	24487.7   	37633.2   
8426.967124	1.16977e+07	1.25061e+07	1.36226e+07	1.36691e+07	24113     	34242.7   	24611.2   	24655.6   	37901     
8520.600081	1.17883e+07	1.26217e+07	1.377e+07 	1.3817e+07	24247.9   	34692.7   	24766.3   	24822.3   	38166.8   
8614.233037	1.18756e+07	1.27349e+07	1.39167e+07	1.39642e+07	24378.5   	35147.9   	24917.6   	24984.5   	38425.6   
8707.865994	1.19629e+07	1.28481e+07	1.40633e+07	1.41113e+07	24509.1   	35603.2   	25068.9   	25146.7   	38684.4   
8801.498951	1.20502e+07	1.29613e+07	1.421e+07 	1.42584e+07	24639.7   	36058.4   	25220.2   	25308.9   	38943.3   
8895.131908	1.21374e+07	1.30745e+07	1.43566e+07	1.44055e+07	24770.3   	36513.6   	25371.5   	25471     	39202.1   
8988.764865	1.22247e+07	1.31877e+07	1.45033e+07	1.45526e+07	24900.9   	36968.9   	25522.8   	25633.2   	39460.9   
9082.397822	1.23085e+07	1.32983e+07	1.46491e+07	1.46989e+07	25027.1   	37429.9   	25670.2   	25790.8   	39712.7   
9176.030779	1.23918e+07	1.34086e+07	1.47948e+07	1.4845e+07	25152.7   	37891.7   	25817.2   	25947.8   	39963.5   
9269.663736	1.24751e+07	1.35188e+07	1.49406e+07	1.49912e+07	25278.3   	38353.5   	25964.2   	26104.8   	40214.2   
9363.296693	1.25584e+07	1.36291e+07	1.50863e+07	1.51373e+07	25403.9   	38815.3   	26111.2   	26261.7   	40465     
9456.929650	1.26417e+07	1.37393e+07	1.5232e+07	1.52835e+07	25529.5   	39277.1   	26258.2   	26418.7   	40715.8   
9550.562607	1.27229e+07	1.38481e+07	1.53772e+07	1.54292e+07	25652.7   	39742.4   	26403.1   	26573.2   	40962.7   
9644.195564	1.28025e+07	1.39555e+07	1.55221e+07	1.55744e+07	25773.7   	40210.7   	26546.2   	26725.4   	41206.2   
9737.828521	1.28821e+07	1.40629e+07	1.56669e+07	1.57197e+07	25894.8   	40679     	26689.3   	26877.7   	41449.7   
9831.461478	1.29616e+07	1.41704e+07	1.58117e+07	1.58649e+07	26015.9   	41147.3   	26832.5   	27030     	41693.3   
9925.094434	1.30412e+07	1.42778e+07	1.59565e+07	1.60102e+07	26136.9   	41615.6   	26975.6   	27182.3   	41936.8   
10018.727391	1.31197e+07	1.43845e+07	1.61011e+07	1.61552e+07	26256.8   	42085.8   	27117.7   	27333.3   	42178.4   
10112.360348	1.31941e+07	1.4488e+07	1.62447e+07	1.62992e+07	26371.8   	42563.4   	27255.9   	27479.4   	42412.3   
10205.993305	1.32686e+07	1.45915e+07	1.63883e+07	1.64432e+07	26486.8   	43041.1   	27394.1   	27625.5   	42646.2   
10299.626262	1.3343e+07	1.4695e+07	1.65318e+07	1.65872e+07	26601.9   	43518.8   	27532.3   	27771.6   	42880.1   
10393.259219	1.34174e+07	1.47985e+07	1.66754e+07	1.67312e+07	26716.9   	43996.5   	27670.4   	27917.7   	43114     
10486.892176	1.34919e+07	1.4902e+07	1.6819e+07	1.68752e+07	26831.9   	44474.2   	27808.6   	28063.8   	43347.9   
10580.525133	1.35663e+07	1.50055e+07	1.69626e+07	1.70192e+07	26946.9   	44951.9   	27946.8   	28209.9   	43581.8   
10674.158090	1.36407e+07	1.5109e+07	1.71062e+07	1.71632e+07	27062     	45429.6   	28084.9   	28356     	43815.7   
10767.791047	1.37151e+07	1.52125e+07	1.72497e+07	1.73072e+07	27177     	45907.2   	28223.1   	28502     	44049.6   
10861.424004	1.37896e+07	1.53159e+07	1.73933e+07	1.74512e+07	27292     	46384.9   	28361.3   	28648.1   	44283.5   
10955.056961	1.3864e+07	1.54194e+07	1.75369e+07	1.75952e+07	27407     	46862.6   	28499.4   	28794.2   	44517.4   
11048.689918	1.39352e+07	1.55204e+07	1.76797e+07	1.77384e+07	27518.4   	47346.4   	28634.7   	28936.6   	44745.6   
11142.322875	1.40035e+07	1.56191e+07	1.78218e+07	1.78809e+07	27626.4   	47835.8   	28767.3   	29075.7   	44968.4   
11235.955831	1.40718e+07	1.57177e+07	1.79638e+07	1.80234e+07	27734.5   	48325.3   	28900     	29214.7   	45191.3   
11329.588788	1.41401e+07	1.58163e+07	1.81059e+07	1.81658e+07	27842.5   	48814.7   	29032.6   	29353.7   	45414.2   
11423.221745	1.42083e+07	1.5915e+07	1.82479e+07	1.83083e+07	27950.5   	49304.1   	29165.2   	29492.7   	45637.1   
11516.854702	1.42766e+07	1.60136e+07	1.839e+07 	1.84508e+07	28058.5   	49793.5   	29297.8   	29631.7   	45860     
11610.487659	1.43449e+07	1.61122e+07	1.8532e+07	1.85933e+07	28166.5   	50283     	29430.4   	29770.7   	46082.9   
11704.120616	1.44132e+07	1.62109e+07	1.86741e+07	1.87357e+07	28274.6   	50772.4   	29563.1   	29909.8   	46305.8   
11797.753573	1.44814e+07	1.63095e+07	1.88162e+07	1.88782e+07	28382.6   	51261.8   	29695.7   	30048.8   	46528.6   
11891.386530	1.45497e+07	1.64082e+07	1.89582e+07	1.90207e+07	28490.6   	51751.3   	29828.3   	30187.8   	46751.5   
11985.019487	1.4618e+07	1.65068e+07	1.91003e+07	1.91631e+07	28598.6   	52240.7   	29960.9   	30326.8   	46974.4   
12078.652444	1.46817e+07	1.66017e+07	1.92412e+07	1.93045e+07	28701.6   	52739.5   	30089.7   	30460.9   	47189.5   
12172.285401	1.47445e+07	1.66959e+07	1.93819e+07	1.94455e+07	28803.7   	53240.2   	30217.8   	30594     	47403.2   
12265.918358	1.48074e+07	1.67902e+07	1.95225e+07	1.95866e+07	28905.7   	53740.8   	30345.9   	30727     	47616.8   
12359.551315	1.48702e+07	1.68844e+07	1.96632e+07	1.97277e+07	29007.8   	54241.5   	30474     	30860.1   	47830.4   
12453.184272	1.49331e+07	1.69786e+07	1.98039e+07	1.98688e+07	29109.8   	54742.1   	30602     	30993.2   	48044.1   
12546.817228	1.49959e+07	1.70728e+07	1.99446e+07	2.00099e+07	29211.9   	55242.8   	30730.1   	31126.3   	48257.7   
12640.450185	1.50588e+07	1.7167e+07	2.00853e+07	2.0151e+07	29313.9   	55743.4   	30858.2   	31259.4   	48471.3   
12734.083142	1.51216e+07	1.72612e+07	2.0226e+07	2.0292e+07	29415.9   	56244.1   	30986.3   	31392.5   	48685     
12827.716099	1.51845e+07	1.73554e+07	2.03666e+07	2.04331e+07	29518     	56744.7   	31114.4   	31525.6   	48898.6   
12921.349056	1.52473e+07	1.74497e+07	2.05073e+07	2.05742e+07	29620     	57245.4   	31242.5   	31658.7   	49112.2   
13014.982013	1.53094e+07	1.75432e+07	2.06478e+07	2.07151e+07	29721.2   	57747.8   	31369.9   	31791     	49324.6   
13108.614970	1.53674e+07	1.76334e+07	2.07872e+07	2.08549e+07	29818.1   	58259.7   	31494.3   	31919.1   	49530.4   
13202.247927	1.54255e+07	1.77236e+07	2.09267e+07	2.09947e+07	29915     	58771.5   	31618.6   	32047.2   	49736.2   
13295.880884	1.54835e+07	1.78137e+07	2.10661e+07	2.11346e+07	30011.9   	59283.4   	31742.9   	32175.3   	49942     
13389.513841	1.55415e+07	1.79039e+07	2.12055e+07	2.12744e+07	30108.7   	59795.2   	31867.3   	32303.4   	50147.8   
13483.146798	1.55995e+07	1.79941e+07	2.1345e+07	2.14142e+07	30205.6   	60307.1   	31991.6   	32431.5   	50353.5   
13576.779755	1.56576e+07	1.80842e+07	2.14844e+07	2.1554e+07	30302.5   	60818.9   	32115.9   	32559.6   	50559.3   
13670.412712	1.57156e+07	1.81744e+07	2.16238e+07	2.16938e+07	30399.3   	61330.8   	32240.3   	32687.6   	50765.1   
13764.045669	1.57736e+07	1.82646e+07	2.17633e+07	2.18337e+07	30496.2   	61842.7   	32364.6   	32815.7   	50970.9   
13857.678625	1.58317e+07	1.83548e+07	2.19027e+07	2.19735e+07	30593.1   	62354.5   	32488.9   	32943.8   	51176.7   
13951.311582	1.58897e+07	1.84449e+07	2.20421e+07	2.21133e+07	30689.9   	62866.4   	32613.3   	33071.9   	51382.5   
14044.944539	1.59457e+07	1.85333e+07	2.2181e+07	2.22526e+07	30784.6   	63383.6   	32736.1   	33198     	51585.1   
14138.577496	1.59994e+07	1.86198e+07	2.23193e+07	2.23912e+07	30877     	63906.7   	32857.3   	33321.8   	51784.1   
14232.210453	1.60532e+07	1.87062e+07	2.24576e+07	2.25299e+07	30969.3   	64429.8   	32978.5   	33445.6   	51983.2   
14325.843410	1.61069e+07	1.87927e+07	2.25959e+07	2.26685e+07	31061.6   	64952.9   	33099.6   	33569.4   	52182.3   
14419.476367	1.61606e+07	1.88792e+07	2.27342e+07	2.28072e+07	31154     	65476     	33220.8   	33693.2   	52381.4   
14513.109324	1.62144e+07	1.89656e+07	2.28724e+07	2.29459e+07	31246.3   	65999.1   	33342     	33817     	52580.5   
14606.742281	1.62681e+07	1.90521e+07	2.30107e+07	2.30845e+07	31338.7   	66522.2   	33463.2   	33940.8   	52779.5   
14700.375238	1.63219e+07	1.91385e+07	2.3149e+07	2.32232e+07	31431     	67045.3   	33584.4   	34064.7   	52978.6   
14794.008195	1.63756e+07	1.9225e+07	2.32873e+07	2.33619e+07	31523.3   	67568.4   	33705.6   	34188.5   	53177.7   
14887.641152	1.64294e+07	1.93115e+07	2.34256e+07	2.35005e+07	31615.7   	68091.5   	33826.8   	34312.3   	53376.8   
14981.274109	1.64831e+07	1.93979e+07	2.35639e+07	2.36392e+07	31708     	68614.5   	33948     	34436.1   	53575.9   
15074.907066	1.65338e+07	1.94817e+07	2.37013e+07	2.3777e+07	31797.1   	69146.4   	34067     	34557     	53770.3   
15168.540022	1.65837e+07	1.95647e+07	2.38386e+07	2.39146e+07	31885.5   	69680.4   	34185.5   	34677.1   	53963.6   
15262.172979	1.66336e+07	1.96478e+07	2.39758e+07	2.40522e+07	31973.8   	70214.4   	34304.1   	34797.2   	54156.9   
15355.805936	1.66835e+07	1.97308e+07	2.4113e+07	2.41898e+07	32062.1   	70748.4   	34422.6   	34917.4   	54350.2   
15449.438893	1.67334e+07	1.98139e+07	2.42503e+07	2.43274e+07	32150.5   	71282.3   	34541.1   	35037.5   	54543.5   
15543.071850	1.67833e+07	1.98969e+07	2.43875e+07	2.4465e+07	32238.8   	71816.3   	34659.6   	35157.6   	54736.7   
15636.704807	1.68332e+07	1.998e+07 	2.45247e+07	2.46026e+07	32327.1   	72350.3   	34778.1   	35277.8   	54930     
15730.337764	1.68832e+07	2.0063e+07	2.46619e+07	2.47402e+07	32415.5   	72884.3   	34896.6   	35397.9   	55123.3   
15823.970721	1.69331e+07	2.01461e+07	2.47992e+07	2.48778e+07	32503.8   	73418.3   	35015.2   	35518     	55316.6   
15917.603678	1.6983e+07	2.02291e+07	2.49364e+07	2.50154e+07	32592.1   	73952.3   	35133.7   	35638.2   	55509.9   
16011.236635	1.70325e+07	2.03118e+07	2.50735e+07	2.51528e+07	32680     	74487.6   	35251.9   	35757.9   	55702.6   
16104.869592	1.70789e+07	2.03917e+07	2.52098e+07	2.52895e+07	32764.8   	75031.9   	35368.1   	35874.8   	55890.8   
16198.502549	1.71254e+07	2.04716e+07	2.5346e+07	2.54261e+07	32849.5   	75576.2   	35484.4   	35991.8   	56079.1   
16292.135506	1.71719e+07	2.05515e+07	2.54823e+07	2.55627e+07	32934.3   	76120.5   	35600.6   	36108.7   	56267.3   
16385.768463	1.72184e+07	2.06314e+07	2.56186e+07	2.56993e+07	33019.1   	76664.8   	35716.8   	36225.6   	56455.6   
16479.401419	1.72648e+07	2.07113e+07	2.57548e+07	2.58359e+07	33103.8   	77209.1   	35833     	36342.5   	56643.8   
16573.034376	1.73113e+07	2.07912e+07	2.58911e+07	2.59725e+07	33188.6   	77753.5   	35949.3   	36459.5   	56832.1   
16666.667333	1.73578e+07	2.08711e+07	2.60273e+07	2.61091e+07	33273.3   	78297.8   	36065.5   	36576.4   	57020.3   
16760.300290	1.74042e+07	2.0951e+07	2.61636e+07	2.62457e+07	33358.1   	78842.1   	36181.7   	36693.3   	57208.6   
16853.933247	1.74507e+07	2.10309e+07	2.62998e+07	2.63823e+07	33442.9   	79386.4   	36297.9   	36810.3   	57396.8   
16947.566204	1.74972e+07	2.11108e+07	2.64361e+07	2.65189e+07	33527.6   	79930.7   	36414.1   	36927.2   	57585.1   
17041.199161	1.75423e+07	2.11894e+07	2.65719e+07	2.66552e+07	33611     	80479.3   	36529.5   	37042.9   	57771.4   
17134.832118	1.75856e+07	2.12664e+07	2.67073e+07	2.67909e+07	33692.5   	81033.3   	36643.7   	37157     	57955.2   
17228.465075	1.7629e+07	2.13434e+07	2.68426e+07	2.69265e+07	33774.1   	81587.4   	36757.9   	37271.1   	58139.1   
17322.098032	1.76724e+07	2.14203e+07	2.6978e+07	2.70622e+07	33855.6   	82141.4   	36872.2   	37385.3   	58322.9   
17415.730989	1.77157e+07	2.14973e+07	2.71133e+07	2.71979e+07	33937.2   	82695.4   	36986.4   	37499.4   	58506.7   
17509.363946	1.77591e+07	2.15743e+07	2.72487e+07	2.73336e+07	34018.7   	83249.4   	37100.6   	37613.5   	58690.6   
17602.996903	1.78025e+07	2.16513e+07	2.7384e+07	2.74693e+07	34100.3   	83803.4   	37214.8   	37727.6   	58874.4   
17696.629860	1.78459e+07	2.17283e+07	2.75194e+07	2.7605e+07	34181.8   	84357.5   	37329     	37841.8   	59058.2   
17790.262816	1.78892e+07	2.18053e+07	2.76547e+07	2.77407e+07	34263.4   	84911.5   	37443.3   	37955.9   	59242.1   
17883.895773	1.79326e+07	2.18823e+07	2.77901e+07	2.78764e+07	34344.9   	85465.5   	37557.5   	38070     	59425.9   
17977.528730	1.7976e+07	2.19592e+07	2.79254e+07	2.80121e+07	34426.5   	86019.5   	37671.7   	38184.1   	59609.7   
18071.161687	1.80172e+07	2.20342e+07	2.80601e+07	2.81472e+07	34505.8   	86580.5   	37784.6   	38296.4   	59790.6   
18164.794644	1.80578e+07	2.21085e+07	2.81946e+07	2.8282e+07	34584.4   	87143.7   	37897.1   	38408     	59970.6   
18258.427601	1.80983e+07	2.21827e+07	2.83291e+07	2.84168e+07	34663.1   	87706.9   	38009.5   	38519.7   	60150.5   
18352.060558	1.81389e+07	2.2257e+07	2.84636e+07	2.85517e+07	34741.7   	88270     	38122     	38631.4   	60330.5   
18445.693515	1.81795e+07	2.23313e+07	2.85981e+07	2.86865e+07	34820.4   	88833.2   	38234.5   	38743     	60510.4   
18539.326472	1.822e+07 	2.24056e+07	2.87326e+07	2.88214e+07	34899     	89396.4   	38346.9   	38854.7   	60690.4   
18632.959429	1.82606e+07	2.24799e+07	2.88671e+07	2.89562e+07	34977.7   	89959.6   	38459.4   	38966.3   	60870.3   
18726.592386	1.83012e+07	2.25541e+07	2.90016e+07	2.9091e+07	35056.3   	90522.7   	38571.9   	39078     	61050.3   
18820.225343	1.83417e+07	2.26284e+07	2.91361e+07	2.92259e+07	35135     	91085.9   	38684.3   	39189.6   	61230.2   
18913.858300	1.83823e+07	2.27027e+07	2.92707e+07	2.93607e+07	35213.6   	91649.1   	38796.8   	39301.3   	61410.2   
19007.491257	1.84226e+07	2.27768e+07	2.94051e+07	2.94955e+07	35292     	92213     	38909.2   	39412.8   	61589.8   
19101.124213	1.84607e+07	2.28485e+07	2.95388e+07	2.96295e+07	35368     	92784.8   	39020.1   	39522.2   	61766.3   
19194.757170	1.84987e+07	2.29203e+07	2.96725e+07	2.97636e+07	35444     	93356.7   	39131     	39631.7   	61942.8   
19288.390127	1.85367e+07	2.29921e+07	2.98062e+07	2.98976e+07	35520.1   	93928.6   	39241.9   	39741.2   	62119.3   
19382.023084	1.85747e+07	2.30638e+07	2.99399e+07	3.00317e+07	35596.1   	94500.4   	39352.8   	39850.6   	62295.9   
19475.656041	1.86128e+07	2.31356e+07	3.00736e+07	3.01657e+07	35672.1   	95072.3   	39463.7   	39960.1   	62472.4   
19569.288998	1.86508e+07	2.32073e+07	3.02073e+07	3.02998e+07	35748.1   	95644.1   	39574.6   	40069.6   	62648.9   
19662.921955	1.86888e+07	2.32791e+07	3.0341e+07	3.04338e+07	35824.1   	96216     	39685.5   	40179     	62825.4   
19756.554912	1.87268e+07	2.33509e+07	3.04748e+07	3.05678e+07	35900.1   	96787.9   	39796.4   	40288.5   	63001.9   
19850.187869	1.87648e+07	2.34226e+07	3.06085e+07	3.07019e+07	35976.1   	97359.7   	39907.4   	40398     	63178.4   
19943.820826	1.88029e+07	2.34944e+07	3.07422e+07	3.08359e+07	36052.1   	97931.6   	40018.3   	40507.4   	63354.9   
20037.453783	1.884e+07 	2.35652e+07	3.08756e+07	3.09697e+07	36127.1   	98506.8   	40128.6   	40616.1   	63530.2   
20131.086740	1.88757e+07	2.36346e+07	3.10085e+07	3.1103e+07	36200.7   	99087.1   	40238.1   	40723.6   	63703.6   
20224.719697	1.89114e+07	2.3704e+07	3.11415e+07	3.12363e+07	36274.3   	99667.3   	40347.6   	40831.1   	63877     
20318.352654	1.89471e+07	2.37735e+07	3.12745e+07	3.13696e+07	36347.9   	100248    	40457.1   	40938.6   	64050.4   
20411.985610	1.89828e+07	2.38429e+07	3.14074e+07	3.15029e+07	36421.5   	100828    	40566.6   	41046.1   	64223.8   
20505.618567	1.90185e+07	2.39123e+07	3.15404e+07	3.16361e+07	36495.1   	101408    	40676.1   	41153.6   	64397.2   
20599.251524	1.90542e+07	2.39817e+07	3.16734e+07	3.17694e+07	36568.7   	101988    	40785.6   	41261.1   	64570.7   
20692.884481	1.90899e+07	2.40511e+07	3.18063e+07	3.19027e+07	36642.3   	102569    	40895.1   	41368.6   	64744.1   
20786.517438	1.91256e+07	2.41205e+07	3.19393e+07	3.2036e+07	36715.9   	103149    	41004.6   	41476.1   	64917.5   
20880.150395	1.91613e+07	2.41899e+07	3.20723e+07	3.21693e+07	36789.5   	103729    	41114     	41583.6   	65090.9   
20973.783352	1.9197e+07	2.42593e+07	3.22052e+07	3.23026e+07	36863.1   	104309    	41223.5   	41691.1   	65264.3   
21067.416309	1.92312e+07	2.43272e+07	3.23377e+07	3.24354e+07	36935.1   	104896    	41332.1   	41797.4   	65435.7   
21161.049266	1.92648e+07	2.43944e+07	3.24699e+07	3.2568e+07	37006.5   	105485    	41440.3   	41903.1   	65606.4   
21254.682223	1.92984e+07	2.44616e+07	3.26022e+07	3.27006e+07	37077.9   	106074    	41548.5   	42008.8   	65777     
21348.315180	1.9332e+07	2.45288e+07	3.27345e+07	3.28332e+07	37149.2   	106663    	41656.8   	42114.6   	65947.7   
21441.948137	1.93656e+07	2.4596e+07	3.28667e+07	3.29658e+07	37220.6   	107252    	41765     	42220.3   	66118.4   
21535.581094	1.93992e+07	2.46633e+07	3.2999e+07	3.30983e+07	37292     	107841    	41873.2   	42326     	66289     
21629.214051	1.94328e+07	2.47305e+07	3.31313e+07	3.32309e+07	37363.4   	108430    	41981.4   	42431.8   	66459.7   
21722.847007	1.94664e+07	2.47977e+07	3.32635e+07	3.33635e+07	37434.8   	109019    	42089.6   	42537.5   	66630.3   
21816.479964	1.95e+07  	2.48649e+07	3.33958e+07	3.34961e+07	37506.2   	109607    	42197.8   	42643.3   	66801     
21910.112921	1.95336e+07	2.49321e+07	3.35281e+07	3.36287e+07	37577.6   	110196    	42306     	42749     	66971.6   
22003.745878	1.95671e+07	2.49993e+07	3.36603e+07	3.37613e+07	37648.9   	110786    	42414.2   	42854.7   	67142.2   
22097.378835	1.95988e+07	2.50644e+07	3.37919e+07	3.38932e+07	37718.2   	111383    	42521.2   	42958.8   	67310.3   
22191.011792	1.96304e+07	2.51296e+07	3.39235e+07	3.40251e+07	37787.6   	111981    	42628.3   	43063     	67478.5   
22284.644749	1.96621e+07	2.51947e+07	3.40551e+07	3.4157e+07	37856.9   	112579    	42735.3   	43167.1   	67646.6   
22378.277706	1.96938e+07	2.52599e+07	3.41868e+07	3.4289e+07	37926.3   	113177    	42842.4   	43271.2   	67814.8   
22471.910663	1.97254e+07	2.5325e+07	3.43184e+07	3.44209e+07	37995.6   	113774    	42949.4   	43375.4   	67983     
22565.543620	1.97571e+07	2.53902e+07	3.445e+07 	3.45528e+07	38065     	114372    	43056.4   	43479.5   	68151.1   
22659.176577	1.97888e+07	2.54554e+07	3.45816e+07	3.46847e+07	38134.3   	114970    	43163.5   	43583.7   	68319.3   
22752.809534	1.98204e+07	2.55205e+07	3.47132e+07	3.48166e+07	38203.7   	115567    	43270.5   	43687.8   	68487.4   
22846.442491	1.98521e+07	2.55857e+07	3.48448e+07	3.49486e+07	38273     	116165    	43377.6   	43792     	68655.6   
22940.075448	1.98837e+07	2.56508e+07	3.49764e+07	3.50805e+07	38342.4   	116763    	43484.6   	43896.1   	68823.8   
23033.708404	1.99148e+07	2.57153e+07	3.51078e+07	3.52122e+07	38411.1   	117363    	43591.2   	43999.7   	68991.1   
23127.341361	1.99447e+07	2.57785e+07	3.52388e+07	3.53435e+07	38478.6   	117969    	43697.2   	44102.4   	69157     
23220.974318	1.99746e+07	2.58417e+07	3.53698e+07	3.54748e+07	38546     	118575    	43803.1   	44205.1   	69322.9   
23314.607275	2.00044e+07	2.5905e+07	3.55008e+07	3.56061e+07	38613.5   	119181    	43909     	44307.8   	69488.7   
23408.240232	2.00343e+07	2.59682e+07	3.56318e+07	3.57374e+07	38681     	119787    	44015     	44410.5   	69654.6   
23501.873189	2.00642e+07	2.60314e+07	3.57628e+07	3.58687e+07	38748.4   	120393    	44120.9   	44513.1   	69820.5   
23595.506146	2.00941e+07	2.60946e+07	3.58938e+07	3.6e+07   	38815.9   	120999    	44226.9   	44615.8   	69986.4   
23689.139103	2.0124e+07	2.61579e+07	3.60247e+07	3.61313e+07	38883.4   	121605    	44332.8   	44718.5   	70152.3   
23782.772060	2.01539e+07	2.62211e+07	3.61557e+07	3.62625e+07	38950.9   	122210    	44438.7   	44821.2   	70318.1   
23876.405017	2.01838e+07	2.62843e+07	3.62867e+07	3.63938e+07	39018.3   	122816    	44544.7   	44923.9   	70484     
23970.037974	2.02137e+07	2.63475e+07	3.64177e+07	3.65251e+07	39085.8   	123422    	44650.6   	45026.6   	70649.9   
24063.670931	2.02425e+07	2.64095e+07	3.65483e+07	3.6656e+07	39152.1   	124033    	44755.9   	45128.3   	70814.4   
24157.303888	2.02707e+07	2.64709e+07	3.66787e+07	3.67867e+07	39217.8   	124647    	44860.8   	45229.7   	70978.2   
24250.936845	2.0299e+07	2.65324e+07	3.68091e+07	3.69174e+07	39283.6   	125261    	44965.7   	45331     	71142     
24344.569801	2.03272e+07	2.65938e+07	3.69395e+07	3.70481e+07	39349.3   	125875    	45070.6   	45432.4   	71305.8   
24438.202758	2.03555e+07	2.66552e+07	3.70699e+07	3.71788e+07	39415     	126489    	45175.5   	45533.7   	71469.6   
24531.835715	2.03838e+07	2.67166e+07	3.72003e+07	3.73095e+07	39480.7   	127102    	45280.4   	45635.1   	71633.4   
24625.468672	2.0412e+07	2.6778e+07	3.73307e+07	3.74402e+07	39546.5   	127716    	45385.3   	45736.4   	71797.2   
24719.101629	2.04403e+07	2.68394e+07	3.74611e+07	3.75709e+07	39612.2   	128330    	45490.3   	45837.8   	71961     
24812.734586	2.04685e+07	2.69008e+07	3.75915e+07	3.77016e+07	39677.9   	128944    	45595.2   	45939.1   	72124.8   
24906.367543	2.04968e+07	2.69622e+07	3.77219e+07	3.78323e+07	39743.6   	129557    	45700.1   	46040.5   	72288.6   
25000.000500	2.05251e+07	2.70236e+07	3.78523e+07	3.7963e+07	39809.4   	130171    	45805     	46141.8   	72452.4   
25093.633457	2.05518e+07	2.70833e+07	3.79822e+07	3.80931e+07	39873.5   	130793    	45908.9   	46242     	72614.3   
25187.266414	2.05786e+07	2.7143e+07	3.8112e+07	3.82233e+07	39937.6   	131414    	46012.9   	46342.1   	72776.2   
25280.899371	2.06053e+07	2.72027e+07	3.82418e+07	3.83534e+07	40001.7   	132036    	46116.8   	46442.2   	72938.1   
25374.532328	2.06321e+07	2.72624e+07	3.83717e+07	3.84835e+07	40065.8   	132657    	46220.8   	46542.3   	73100     
25468.165285	2.06588e+07	2.73221e+07	3.85015e+07	3.86137e+07	40129.8   	133279    	46324.7   	46642.4   	73261.9   
25561.798242	2.06856e+07	2.73818e+07	3.86314e+07	3.87438e+07	40193.9   	133900    	46428.6   	46742.6   	73423.8   
25655.431199	2.07123e+07	2.74414e+07	3.87612e+07	3.88739e+07	40258     	134522    	46532.6   	46842.7   	73585.7   
25749.064155	2.07391e+07	2.75011e+07	3.88911e+07	3.90041e+07	40322.1   	135143    	46636.5   	46942.8   	73747.6   
25842.697112	2.07659e+07	2.75608e+07	3.90209e+07	3.91342e+07	40386.2   	135765    	46740.5   	47042.9   	73909.5   
25936.330069	2.07926e+07	2.76205e+07	3.91507e+07	3.92643e+07	40450.3   	136387    	46844.4   	47143     	74071.4   
26029.963026	2.08189e+07	2.76797e+07	3.92804e+07	3.93943e+07	40514     	137010    	46948.1   	47242.8   	74232.7   
26123.595983	2.08443e+07	2.77378e+07	3.94097e+07	3.95239e+07	40576.5   	137640    	47051.1   	47341.8   	74392.8   
26217.228940	2.08697e+07	2.77958e+07	3.9539e+07	3.96535e+07	40639.1   	138269    	47154.1   	47440.7   	74553     
26310.861897	2.0895e+07	2.78539e+07	3.96684e+07	3.97831e+07	40701.7   	138898    	47257.1   	47539.7   	74713.1   
26404.494854	2.09204e+07	2.7912e+07	3.97977e+07	3.99126e+07	40764.3   	139527    	47360.1   	47638.7   	74873.2   
26498.127811	2.09458e+07	2.79701e+07	3.9927e+07	4.00422e+07	40826.9   	140157    	47463.2   	47737.7   	75033.4   
26591.760768	2.09711e+07	2.80281e+07	4.00563e+07	4.01718e+07	40889.4   	140786    	47566.2   	47836.6   	75193.5   
26685.393725	2.09965e+07	2.80862e+07	4.01856e+07	4.03014e+07	40952     	141415    	47669.2   	47935.6   	75353.6   
26779.026682	2.10219e+07	2.81443e+07	4.03149e+07	4.0431e+07	41014.6   	142044    	47772.2   	48034.6   	75513.8   
26872.659639	2.10472e+07	2.82024e+07	4.04442e+07	4.05606e+07	41077.2   	142673    	47875.2   	48133.6   	75673.9   
26966.292596	2.10726e+07	2.82604e+07	4.05735e+07	4.06902e+07	41139.8   	143303    	47978.3   	48232.6   	75834     
27059.925552	2.10971e+07	2.83175e+07	4.07025e+07	4.08195e+07	41201.4   	143937    	48080.7   	48330.9   	75993.1   
27153.558509	2.11212e+07	2.83741e+07	4.08313e+07	4.09485e+07	41262.6   	144573    	48182.9   	48428.8   	76151.6   
27247.191466	2.11453e+07	2.84306e+07	4.09601e+07	4.10776e+07	41323.8   	145210    	48285     	48526.7   	76310.1   
27340.824423	2.11694e+07	2.84872e+07	4.1089e+07	4.12067e+07	41384.9   	145847    	48387.1   	48624.6   	76468.6   
27434.457380	2.11935e+07	2.85437e+07	4.12178e+07	4.13358e+07	41446.1   	146484    	48489.3   	48722.5   	76627.1   
27528.090337	2.12175e+07	2.86002e+07	4.13466e+07	4.14649e+07	41507.2   	147120    	48591.4   	48820.4   	76785.6   
27621.723294	2.12416e+07	2.86568e+07	4.14754e+07	4.15939e+07	41568.4   	147757    	48693.5   	48918.3   	76944.1   
27715.356251	2.12657e+07	2.87133e+07	4.16042e+07	4.1723e+07	41629.6   	148394    	48795.7   	49016.3   	77102.6   
27808.989208	2.12898e+07	2.87699e+07	4.1733e+07	4.18521e+07	41690.7   	149031    	48897.8   	49114.2   	77261     
27902.622165	2.13139e+07	2.88264e+07	4.18618e+07	4.19812e+07	41751.9   	149668    	49000     	49212.1   	77419.5   
27996.255122	2.13379e+07	2.8883e+07	4.19906e+07	4.21102e+07	41813     	150304    	49102.1   	49310     	77578     
28089.888079	2.13609e+07	2.89381e+07	4.2119e+07	4.22389e+07	41872.9   	150948    	49203.4   	49407     	77735.1   
28183.521036	2.13838e+07	2.89932e+07	4.22473e+07	4.23674e+07	41932.8   	151593    	49304.7   	49503.9   	77892     
28277.153993	2.14067e+07	2.90483e+07	4.23756e+07	4.2496e+07	41992.6   	152237    	49406     	49600.8   	78049     
28370.786949	2.14295e+07	2.91034e+07	4.25039e+07	4.26246e+07	42052.4   	152881    	49507.3   	49697.7   	78206     
28464.419906	2.14524e+07	2.91585e+07	4.26323e+07	4.27532e+07	42112.2   	153526    	49608.6   	49794.6   	78362.9   
28558.052863	2.14753e+07	2.92136e+07	4.27606e+07	4.28818e+07	42172.1   	154170    	49709.9   	49891.6   	78519.9   
28651.685820	2.14982e+07	2.92687e+07	4.28889e+07	4.30104e+07	42231.9   	154814    	49811.2   	49988.5   	78676.9   
28745.318777	2.15211e+07	2.93238e+07	4.30172e+07	4.3139e+07	42291.7   	155458    	49912.5   	50085.4   	78833.8   
28838.951734	2.1544e+07	2.93789e+07	4.31456e+07	4.32676e+07	42351.5   	156103    	50013.8   	50182.3   	78990.8   
28932.584691	2.15669e+07	2.94339e+07	4.32739e+07	4.33961e+07	42411.4   	156747    	50115.1   	50279.2   	79147.8   
29026.217648	2.15895e+07	2.94887e+07	4.34021e+07	4.35246e+07	42470.8   	157393    	50216.1   	50375.9   	79304.4   
29119.850605	2.16112e+07	2.95424e+07	4.35299e+07	4.36527e+07	42529.4   	158045    	50316.6   	50471.9   	79459.9   
29213.483562	2.1633e+07	2.95961e+07	4.36578e+07	4.37808e+07	42588     	158697    	50417.1   	50567.9   	79615.4   
29307.116519	2.16548e+07	2.96498e+07	4.37857e+07	4.3909e+07	42646.5   	159348    	50517.5   	50663.8   	79771     
29400.749476	2.16766e+07	2.97035e+07	4.39135e+07	4.40371e+07	42705.1   	160000    	50618     	50759.8   	79926.5   
29494.382433	2.16984e+07	2.97572e+07	4.40414e+07	4.41652e+07	42763.7   	160652    	50718.5   	50855.8   	80082     
29588.015390	2.17201e+07	2.9811e+07	4.41693e+07	4.42933e+07	42822.3   	161304    	50818.9   	50951.8   	80237.5   
29681.648346	2.17419e+07	2.98647e+07	4.42971e+07	4.44214e+07	42880.8   	161955    	50919.4   	51047.8   	80393.1   
29775.281303	2.17637e+07	2.99184e+07	4.4425e+07	4.45495e+07	42939.4   	162607    	51019.9   	51143.8   	80548.6   
29868.914260	2.17855e+07	2.99721e+07	4.45529e+07	4.46777e+07	42998     	163259    	51120.3   	51239.7   	80704.1   
29962.547217	2.18073e+07	3.00258e+07	4.46807e+07	4.48058e+07	43056.5   	163911    	51220.8   	51335.7   	80859.7   
30056.180174	2.18281e+07	3.00784e+07	4.48082e+07	4.49335e+07	43114.1   	164569    	51320.6   	51430.9   	81014     
30149.813131	2.18484e+07	3.01302e+07	4.49354e+07	4.50609e+07	43170.9   	165231    	51419.8   	51525.6   	81167.5   
30243.446088	2.18687e+07	3.0182e+07	4.50626e+07	4.51884e+07	43227.7   	165894    	51519.1   	51620.3   	81321.1   
30337.079045	2.18889e+07	3.02338e+07	4.51898e+07	4.53159e+07	43284.5   	166556    	51618.4   	51714.9   	81474.6   
30430.712002	2.19092e+07	3.02856e+07	4.5317e+07	4.54433e+07	43341.3   	167219    	51717.7   	51809.6   	81628.1   
30524.344959	2.19295e+07	3.03373e+07	4.54442e+07	4.55708e+07	43398.2   	167882    	51816.9   	51904.3   	81781.7   
30617.977916	2.19497e+07	3.03891e+07	4.55715e+07	4.56982e+07	43455     	168544    	51916.2   	51998.9   	81935.2   
30711.610873	2.197e+07 	3.04409e+07	4.56987e+07	4.58257e+07	43511.8   	169207    	52015.5   	52093.6   	82088.7   
30805.243830	2.19903e+07	3.04927e+07	4.58259e+07	4.59531e+07	43568.6   	169869    	52114.8   	52188.3   	82242.3   
30898.876787	2.20105e+07	3.05445e+07	4.59531e+07	4.60806e+07	43625.5   	170532    	52214     	52282.9   	82395.8   
30992.509743	2.20308e+07	3.05963e+07	4.60803e+07	4.6208e+07	43682.3   	171194    	52313.3   	52377.6   	82549.3   
31086.142700	2.20511e+07	3.06481e+07	4.62075e+07	4.63355e+07	43739.1   	171857    	52412.6   	52472.3   	82702.9   
31179.775657	2.20713e+07	3.06999e+07	4.63347e+07	4.64629e+07	43795.9   	172519    	52511.9   	52566.9   	82856.4   
31273.408614	2.20916e+07	3.07517e+07	4.64619e+07	4.65904e+07	43852.7   	173182    	52611.1   	52661.6   	83009.9   
31367.041571	2.21119e+07	3.08035e+07	4.65891e+07	4.67178e+07	43909.6   	173845    	52710.4   	52756.3   	83163.5   
31460.674528	2.21321e+07	3.08552e+07	4.67163e+07	4.68453e+07	43966.4   	174507    	52809.7   	52850.9   	83317     
31554.307485	2.21524e+07	3.0907e+07	4.68436e+07	4.69727e+07	44023.2   	175170    	52909     	52945.6   	83470.5   
31647.940442	2.21727e+07	3.09588e+07	4.69708e+07	4.71002e+07	44080     	175832    	53008.2   	53040.3   	83624.1   
31741.573399	2.21929e+07	3.10106e+07	4.7098e+07	4.72276e+07	44136.9   	176495    	53107.5   	53134.9   	83777.6   
31835.206356	2.22132e+07	3.10624e+07	4.72252e+07	4.73551e+07	44193.7   	177157    	53206.8   	53229.6   	83931.1   
31928.839313	2.22335e+07	3.11142e+07	4.73524e+07	4.74825e+07	44250.5   	177820    	53306.1   	53324.3   	84084.7   
32022.472270	2.22533e+07	3.11654e+07	4.74794e+07	4.76098e+07	44306.8   	178486    	53405     	53418.6   	84237.6   
32116.105227	2.22718e+07	3.12148e+07	4.76058e+07	4.77364e+07	44361.5   	179162    	53502.7   	53511.6   	84388.7   
32209.738184	2.22902e+07	3.12643e+07	4.77322e+07	4.7863e+07	44416.2   	179838    	53600.4   	53604.7   	84539.8   
32303.371140	2.23087e+07	3.13137e+07	4.78586e+07	4.79897e+07	44470.9   	180514    	53698.2   	53697.7   	84690.9   
32397.004097	2.23272e+07	3.13631e+07	4.7985e+07	4.81163e+07	44525.6   	181191    	53795.9   	53790.8   	84841.9   
32490.637054	2.23456e+07	3.14125e+07	4.81114e+07	4.82429e+07	44580.3   	181867    	53893.7   	53883.8   	84993     
32584.270011	2.23641e+07	3.14619e+07	4.82378e+07	4.83695e+07	44635     	182543    	53991.4   	53976.9   	85144.1   
32677.902968	2.23826e+07	3.15114e+07	4.83642e+07	4.84962e+07	44689.7   	183219    	54089.2   	54069.9   	85295.2   
32771.535925	2.2401e+07	3.15608e+07	4.84906e+07	4.86228e+07	44744.4   	183896    	54186.9   	54163     	85446.3   
32865.168882	2.24195e+07	3.16102e+07	4.8617e+07	4.87494e+07	44799.1   	184572    	54284.7   	54256     	85597.4   
32958.801839	2.2438e+07	3.16596e+07	4.87434e+07	4.8876e+07	44853.8   	185248    	54382.4   	54349.1   	85748.5   
33052.434796	2.24564e+07	3.1709e+07	4.88698e+07	4.90027e+07	44908.5   	185924    	54480.1   	54442.1   	85899.6   
33146.067753	2.24749e+07	3.17585e+07	4.89962e+07	4.91293e+07	44963.2   	186601    	54577.9   	54535.2   	86050.6   
33239.700710	2.24934e+07	3.18079e+07	4.91226e+07	4.92559e+07	45017.9   	187277    	54675.6   	54628.2   	86201.7   
33333.333667	2.25118e+07	3.18573e+07	4.9249e+07	4.93825e+07	45072.6   	187953    	54773.4   	54721.3   	86352.8   
33426.966624	2.25303e+07	3.19067e+07	4.93754e+07	4.95091e+07	45127.3   	188629    	54871.1   	54814.3   	86503.9   
33520.599581	2.25488e+07	3.19561e+07	4.95017e+07	4.96358e+07	45182     	189306    	54968.9   	54907.4   	86655     
33614.232537	2.25672e+07	3.20056e+07	4.96281e+07	4.97624e+07	45236.7   	189982    	55066.6   	55000.4   	86806.1   
33707.865494	2.25857e+07	3.2055e+07	4.97545e+07	4.9889e+07	45291.4   	190658    	55164.3   	55093.5   	86957.2   
33801.498451	2.26042e+07	3.21044e+07	4.98809e+07	5.00156e+07	45346.1   	191334    	55262.1   	55186.5   	87108.2   
33895.131408	2.26226e+07	3.21538e+07	5.00073e+07	5.01423e+07	45400.8   	192011    	55359.8   	55279.6   	87259.3   
33988.764365	2.26411e+07	3.22033e+07	5.01337e+07	5.02689e+07	45455.5   	192687    	55457.6   	55372.6   	87410.4   
34082.397322	2.26582e+07	3.22508e+07	5.02595e+07	5.03948e+07	45508.5   	193375    	55554     	55464.4   	87559.5   
34176.030279	2.26751e+07	3.2298e+07	5.03851e+07	5.05207e+07	45561.3   	194064    	55650.3   	55556     	87708.4   
34269.663236	2.2692e+07	3.23453e+07	5.05108e+07	5.06465e+07	45614.1   	194753    	55746.6   	55647.5   	87857.3   
34363.296193	2.27088e+07	3.23926e+07	5.06364e+07	5.07724e+07	45666.9   	195442    	55842.8   	55739.1   	88006.1   
34456.929150	2.27257e+07	3.24398e+07	5.0762e+07	5.08983e+07	45719.6   	196131    	55939.1   	55830.7   	88155     
34550.562107	2.27426e+07	3.24871e+07	5.08877e+07	5.10241e+07	45772.4   	196821    	56035.4   	55922.2   	88303.8   
34644.195064	2.27595e+07	3.25344e+07	5.10133e+07	5.115e+07 	45825.2   	197510    	56131.7   	56013.8   	88452.7   
34737.828021	2.27764e+07	3.25816e+07	5.1139e+07	5.12758e+07	45878     	198199    	56227.9   	56105.4   	88601.5   
34831.460978	2.27933e+07	3.26289e+07	5.12646e+07	5.14017e+07	45930.8   	198888    	56324.2   	56196.9   	88750.4   
34925.093934	2.28102e+07	3.26762e+07	5.13903e+07	5.15275e+07	45983.6   	199577    	56420.5   	56288.5   	88899.2   
35018.726891	2.28271e+07	3.27234e+07	5.15159e+07	5.16534e+07	46036.4   	200267    	56516.7   	56380.1   	89048.1   
35112.359848	2.2844e+07	3.27707e+07	5.16416e+07	5.17792e+07	46089.1   	200956    	56613     	56471.6   	89196.9   
35205.992805	2.28609e+07	3.2818e+07	5.17672e+07	5.19051e+07	46141.9   	201645    	56709.3   	56563.2   	89345.8   
35299.625762	2.28777e+07	3.28652e+07	5.18928e+07	5.2031e+07	46194.7   	202334    	56805.6   	56654.8   	89494.7   
35393.258719	2.28946e+07	3.29125e+07	5.20185e+07	5.21568e+07	46247.5   	203023    	56901.8   	56746.3   	89643.5   
35486.891676	2.29115e+07	3.29597e+07	5.21441e+07	5.22827e+07	46300.3   	203713    	56998.1   	56837.9   	89792.4   
35580.524633	2.29284e+07	3.3007e+07	5.22698e+07	5.24085e+07	46353.1   	204402    	57094.4   	56929.5   	89941.2   
35674.157590	2.29453e+07	3.30543e+07	5.23954e+07	5.25344e+07	46405.9   	205091    	57190.7   	57021.1   	90090.1   
35767.790547	2.29622e+07	3.31015e+07	5.25211e+07	5.26602e+07	46458.6   	205780    	57286.9   	57112.6   	90238.9   
35861.423504	2.29791e+07	3.31488e+07	5.26467e+07	5.27861e+07	46511.4   	206469    	57383.2   	57204.2   	90387.8   
35955.056461	2.2996e+07	3.31961e+07	5.27724e+07	5.29119e+07	46564.2   	207158    	57479.5   	57295.8   	90536.6   
36048.689418	2.30121e+07	3.32423e+07	5.28976e+07	5.30374e+07	46616.1   	207854    	57575     	57386.6   	90684.4   
36142.322375	2.30276e+07	3.32876e+07	5.30226e+07	5.31626e+07	46667.1   	208556    	57669.8   	57476.8   	90831.2   
36235.955331	2.30431e+07	3.33329e+07	5.31475e+07	5.32877e+07	46718.2   	209257    	57764.7   	57567     	90978     
36329.588288	2.30586e+07	3.33782e+07	5.32725e+07	5.34129e+07	46769.2   	209959    	57859.5   	57657.1   	91124.8   
36423.221245	2.30741e+07	3.34235e+07	5.33974e+07	5.3538e+07	46820.3   	210661    	57954.3   	57747.3   	91271.5   
36516.854202	2.30896e+07	3.34688e+07	5.35224e+07	5.36631e+07	46871.4   	211362    	58049.2   	57837.5   	91418.3   
36610.487159	2.31051e+07	3.35141e+07	5.36473e+07	5.37883e+07	46922.4   	212064    	58144     	57927.7   	91565.1   
36704.120116	2.31206e+07	3.35594e+07	5.37723e+07	5.39134e+07	46973.5   	212766    	58238.8   	58017.9   	91711.9   
36797.753073	2.31361e+07	3.36047e+07	5.38972e+07	5.40386e+07	47024.5   	213467    	58333.7   	58108     	91858.6   
36891.386030	2.31516e+07	3.365e+07 	5.40222e+07	5.41637e+07	47075.6   	214169    	58428.5   	58198.2   	92005.4   
36985.018987	2.31671e+07	3.36953e+07	5.41471e+07	5.42888e+07	47126.6   	214870    	58523.3   	58288.4   	92152.2   
37078.651944	2.31826e+07	3.37405e+07	5.42721e+07	5.4414e+07	47177.7   	215572    	58618.2   	58378.6   	92299     
37172.284901	2.31981e+07	3.37858e+07	5.4397e+07	5.45391e+07	47228.7   	216274    	58713     	58468.8   	92445.7   
37265.917858	2.32136e+07	3.38311e+07	5.4522e+07	5.46643e+07	47279.8   	216975    	58807.9   	58558.9   	92592.5   
37359.550815	2.32291e+07	3.38764e+07	5.46469e+07	5.47894e+07	47330.8   	217677    	58902.7   	58649.1   	92739.3   
37453.183772	2.32446e+07	3.39217e+07	5.47719e+07	5.49146e+07	47381.9   	218379    	58997.5   	58739.3   	92886.1   
37546.816728	2.32601e+07	3.3967e+07	5.48968e+07	5.50397e+07	47432.9   	219080    	59092.4   	58829.5   	93032.9   
37640.449685	2.32756e+07	3.40123e+07	5.50218e+07	5.51648e+07	47484     	219782    	59187.2   	58919.7   	93179.6   
37734.082642	2.32911e+07	3.40576e+07	5.51467e+07	5.529e+07 	47535     	220483    	59282     	59009.8   	93326.4   
37827.715599	2.33066e+07	3.41029e+07	5.52717e+07	5.54151e+07	47586.1   	221185    	59376.9   	59100     	93473.2   
37921.348556	2.33221e+07	3.41482e+07	5.53966e+07	5.55403e+07	47637.1   	221887    	59471.7   	59190.2   	93620     
38014.981513	2.33374e+07	3.41932e+07	5.55214e+07	5.56653e+07	47687.9   	222590    	59566.3   	59280.2   	93766.4   
38108.614470	2.33517e+07	3.42367e+07	5.56457e+07	5.57898e+07	47737.4   	223304    	59659.7   	59369     	93911.3   
38202.247427	2.3366e+07	3.42802e+07	5.577e+07 	5.59143e+07	47786.9   	224018    	59753.2   	59457.9   	94056.1   
38295.880384	2.33803e+07	3.43237e+07	5.58943e+07	5.60387e+07	47836.3   	224731    	59846.6   	59546.8   	94200.9   
38389.513341	2.33945e+07	3.43671e+07	5.60186e+07	5.61632e+07	47885.8   	225445    	59940     	59635.6   	94345.7   
38483.146298	2.34088e+07	3.44106e+07	5.61429e+07	5.62877e+07	47935.3   	226159    	60033.5   	59724.5   	94490.6   
38576.779255	2.34231e+07	3.44541e+07	5.62672e+07	5.64122e+07	47984.8   	226872    	60126.9   	59813.4   	94635.4   
38670.412212	2.34373e+07	3.44976e+07	5.63915e+07	5.65366e+07	48034.2   	227586    	60220.3   	59902.3   	94780.2   
38764.045169	2.34516e+07	3.45411e+07	5.65158e+07	5.66611e+07	48083.7   	228300    	60313.8   	59991.1   	94925     
38857.678125	2.34659e+07	3.45846e+07	5.66401e+07	5.67856e+07	48133.2   	229013    	60407.2   	60080     	95069.9   
38951.311082	2.34801e+07	3.46281e+07	5.67644e+07	5.69101e+07	48182.6   	229727    	60500.6   	60168.9   	95214.7   
39044.944039	2.34944e+07	3.46715e+07	5.68887e+07	5.70345e+07	48232.1   	230441    	60594.1   	60257.7   	95359.5   
39138.576996	2.35087e+07	3.4715e+07	5.7013e+07	5.7159e+07	48281.6   	231154    	60687.5   	60346.6   	95504.3   
39232.209953	2.3523e+07	3.47585e+07	5.71373e+07	5.72835e+07	48331     	231868    	60780.9   	60435.5   	95649.2   
39325.842910	2.35372e+07	3.4802e+07	5.72616e+07	5.7408e+07	48380.5   	232582    	60874.4   	60524.3   	95794     
39419.475867	2.35515e+07	3.48455e+07	5.73859e+07	5.75324e+07	48430     	233295    	60967.8   	60613.2   	95938.8   
39513.108824	2.35658e+07	3.4889e+07	5.75102e+07	5.76569e+07	48479.5   	234009    	61061.2   	60702.1   	96083.6   
39606.741781	2.358e+07 	3.49325e+07	5.76345e+07	5.77814e+07	48528.9   	234723    	61154.7   	60790.9   	96228.5   
39700.374738	2.35943e+07	3.49759e+07	5.77588e+07	5.79059e+07	48578.4   	235436    	61248.1   	60879.8   	96373.3   
39794.007695	2.36086e+07	3.50194e+07	5.78831e+07	5.80303e+07	48627.9   	236150    	61341.5   	60968.7   	96518.1   
39887.640652	2.36228e+07	3.50629e+07	5.80074e+07	5.81548e+07	48677.3   	236864    	61435     	61057.6   	96662.9   
39981.273609	2.36371e+07	3.51064e+07	5.81317e+07	5.82793e+07	48726.8   	237577    	61528.4   	61146.4   	96807.8   
40074.906566	2.36505e+07	3.51486e+07	5.82555e+07	5.84033e+07	48775.1   	238300    	61620.7   	61234.3   	96951.1   
40168.539522	2.36637e+07	3.51904e+07	5.83792e+07	5.85271e+07	48823.1   	239026    	61712.8   	61321.9   	97094.1   
40262.172479	2.36769e+07	3.52322e+07	5.85029e+07	5.8651e+07	48871.2   	239751    	61804.9   	61409.6   	97237.1   
40355.805436	2.369e+07 	3.5274e+07	5.86266e+07	5.87748e+07	48919.2   	240476    	61896.9   	61497.2   	97380.1   
40449.438393	2.37032e+07	3.53158e+07	5.87503e+07	5.88987e+07	48967.2   	241202    	61989     	61584.8   	97523     
40543.071350	2.37164e+07	3.53577e+07	5.8874e+07	5.90225e+07	49015.2   	241927    	62081.1   	61672.4   	97666     
40636.704307	2.37296e+07	3.53995e+07	5.89977e+07	5.91464e+07	49063.3   	242652    	62173.1   	61760.1   	97809     
40730.337264	2.37427e+07	3.54413e+07	5.91213e+07	5.92702e+07	49111.3   	243378    	62265.2   	61847.7   	97952     
40823.970221	2.37559e+07	3.54831e+07	5.9245e+07	5.93941e+07	49159.3   	244103    	62357.3   	61935.3   	98095     
40917.603178	2.37691e+07	3.55249e+07	5.93687e+07	5.95179e+07	49207.3   	244828    	62449.3   	62022.9   	98237.9   
41011.236135	2.37823e+07	3.55668e+07	5.94924e+07	5.96418e+07	49255.3   	245554    	62541.4   	62110.6   	98380.9   
41104.869092	2.37954e+07	3.56086e+07	5.96161e+07	5.97656e+07	49303.4   	246279    	62633.4   	62198.2   	98523.9   
41198.502049	2.38086e+07	3.56504e+07	5.97398e+07	5.98895e+07	49351.4   	247004    	62725.5   	62285.8   	98666.9   
41292.135006	2.38218e+07	3.56922e+07	5.98635e+07	6.00133e+07	49399.4   	247730    	62817.6   	62373.4   	98809.9   
41385.767963	2.3835e+07	3.5734e+07	5.99872e+07	6.01372e+07	49447.4   	248455    	62909.6   	62461.1   	98952.8   
41479.400919	2.38481e+07	3.57759e+07	6.01109e+07	6.02611e+07	49495.5   	249180    	63001.7   	62548.7   	99095.8   
41573.033876	2.38613e+07	3.58177e+07	6.02346e+07	6.03849e+07	49543.5   	249906    	63093.8   	62636.3   	99238.8   
41666.666833	2.38745e+07	3.58595e+07	6.03582e+07	6.05088e+07	49591.5   	250631    	63185.8   	62724     	99381.8   
41760.299790	2.38877e+07	3.59013e+07	6.04819e+07	6.06326e+07	49639.5   	251356    	63277.9   	62811.6   	99524.8   
41853.932747	2.39008e+07	3.59431e+07	6.06056e+07	6.07565e+07	49687.5   	252081    	63370     	62899.2   	99667.7   
41947.565704	2.3914e+07	3.5985e+07	6.07293e+07	6.08803e+07	49735.6   	252807    	63462     	62986.8   	99810.7   
42041.198661	2.39268e+07	3.60261e+07	6.08528e+07	6.10039e+07	49783     	253537    	63553.5   	63073.9   	99952.9   
42134.831618	2.3939e+07	3.60664e+07	6.09759e+07	6.11272e+07	49829.7   	254274    	63644.2   	63160.4   	100094    
42228.464575	2.39512e+07	3.61067e+07	6.1099e+07	6.12504e+07	49876.4   	255010    	63734.9   	63246.8   	100235    
42322.097532	2.39634e+07	3.61469e+07	6.12221e+07	6.13737e+07	49923.1   	255747    	63825.7   	63333.2   	100377    
42415.730489	2.39756e+07	3.61872e+07	6.13452e+07	6.1497e+07	49969.8   	256483    	63916.4   	63419.7   	100518    
42509.363446	2.39878e+07	3.62275e+07	6.14684e+07	6.16202e+07	50016.4   	257220    	64007.1   	63506.1   	100659    
42602.996403	2.4e+07   	3.62678e+07	6.15915e+07	6.17435e+07	50063.1   	257956    	64097.8   	63592.6   	100800    
42696.629360	2.40122e+07	3.63081e+07	6.17146e+07	6.18668e+07	50109.8   	258693    	64188.6   	63679     	100941    
42790.262316	2.40243e+07	3.63483e+07	6.18377e+07	6.199e+07 	50156.5   	259430    	64279.3   	63765.4   	101083    
42883.895273	2.40365e+07	3.63886e+07	6.19608e+07	6.21133e+07	50203.2   	260166    	64370     	63851.9   	101224    
42977.528230	2.40487e+07	3.64289e+07	6.2084e+07	6.22366e+07	50249.9   	260903    	64460.7   	63938.3   	101365    
43071.161187	2.40609e+07	3.64692e+07	6.22071e+07	6.23598e+07	50296.6   	261639    	64551.5   	64024.7   	101506    
43164.794144	2.40731e+07	3.65095e+07	6.23302e+07	6.24831e+07	50343.3   	262376    	64642.2   	64111.2   	101648    
43258.427101	2.40853e+07	3.65497e+07	6.24533e+07	6.26064e+07	50390     	263112    	64732.9   	64197.6   	101789    
43352.060058	2.40975e+07	3.659e+07 	6.25764e+07	6.27296e+07	50436.6   	263849    	64823.6   	64284.1   	101930    
43445.693015	2.41097e+07	3.66303e+07	6.26996e+07	6.28529e+07	50483.3   	264586    	64914.4   	64370.5   	102071    
43539.325972	2.41219e+07	3.66706e+07	6.28227e+07	6.29762e+07	50530     	265322    	65005.1   	64456.9   	102212    
43632.958929	2.41341e+07	3.67109e+07	6.29458e+07	6.30994e+07	50576.7   	266059    	65095.8   	64543.4   	102354    
43726.591886	2.41463e+07	3.67511e+07	6.30689e+07	6.32227e+07	50623.4   	266795    	65186.5   	64629.8   	102495    
43820.224843	2.41585e+07	3.67914e+07	6.3192e+07	6.3346e+07	50670.1   	267532    	65277.3   	64716.2   	102636    
43913.857800	2.41707e+07	3.68317e+07	6.33152e+07	6.34692e+07	50716.8   	268268    	65368     	64802.7   	102777    
44007.490757	2.41828e+07	3.68719e+07	6.34382e+07	6.35924e+07	50763.4   	269006    	65458.6   	64889     	102918    
44101.123713	2.41942e+07	3.69107e+07	6.35608e+07	6.37152e+07	50808.8   	269753    	65548     	64974.3   	103058    
44194.756670	2.42055e+07	3.69496e+07	6.36834e+07	6.38379e+07	50854.3   	270501    	65637.4   	65059.6   	103197    
44288.389627	2.42168e+07	3.69884e+07	6.3806e+07	6.39606e+07	50899.7   	271248    	65726.8   	65144.9   	103337    
44382.022584	2.42281e+07	3.70273e+07	6.39286e+07	6.40833e+07	50945.2   	271996    	65816.2   	65230.2   	103476    
44475.655541	2.42395e+07	3.70661e+07	6.40512e+07	6.4206e+07	50990.6   	272743    	65905.6   	65315.5   	103616    
44569.288498	2.42508e+07	3.7105e+07	6.41737e+07	6.43287e+07	51036.1   	273490    	65995     	65400.7   	103755    
44662.921455	2.42621e+07	3.71438e+07	6.42963e+07	6.44514e+07	51081.6   	274238    	66084.4   	65486     	103895    
44756.554412	2.42734e+07	3.71827e+07	6.44189e+07	6.45742e+07	51127     	274985    	66173.8   	65571.3   	104035    
44850.187369	2.42847e+07	3.72216e+07	6.45415e+07	6.46969e+07	51172.5   	275733    	66263.2   	65656.6   	104174    
44943.820326	2.42961e+07	3.72604e+07	6.46641e+07	6.48196e+07	51217.9   	276480    	66352.6   	65741.9   	104314    
45037.453283	2.43074e+07	3.72993e+07	6.47867e+07	6.49423e+07	51263.4   	277228    	66442     	65827.2   	104453    
45131.086240	2.43187e+07	3.73381e+07	6.49092e+07	6.5065e+07	51308.8   	277975    	66531.4   	65912.5   	104593    
45224.719197	2.433e+07 	3.7377e+07	6.50318e+07	6.51877e+07	51354.3   	278723    	66620.8   	65997.8   	104732    
45318.352154	2.43413e+07	3.74158e+07	6.51544e+07	6.53104e+07	51399.7   	279470    	66710.2   	66083     	104872    
45411.985110	2.43527e+07	3.74547e+07	6.5277e+07	6.54331e+07	51445.2   	280217    	66799.6   	66168.3   	105011    
45505.618067	2.4364e+07	3.74935e+07	6.53996e+07	6.55559e+07	51490.7   	280965    	66889     	66253.6   	105151    
45599.251024	2.43753e+07	3.75324e+07	6.55222e+07	6.56786e+07	51536.1   	281712    	66978.4   	66338.9   	105290    
45692.883981	2.43866e+07	3.75712e+07	6.56447e+07	6.58013e+07	51581.6   	282460    	67067.8   	66424.2   	105430    
45786.516938	2.43979e+07	3.76101e+07	6.57673e+07	6.5924e+07	51627     	283207    	67157.2   	66509.5   	105569    
45880.149895	2.44093e+07	3.76489e+07	6.58899e+07	6.60467e+07	51672.5   	283955    	67246.6   	66594.8   	105709    
45973.782852	2.44206e+07	3.76878e+07	6.60125e+07	6.61694e+07	51717.9   	284702    	67336     	66680     	105848    
46067.415809	2.44313e+07	3.77257e+07	6.61347e+07	6.62918e+07	51762.6   	285457    	67424.5   	66764.5   	105987    
46161.048766	2.44419e+07	3.77632e+07	6.62568e+07	6.6414e+07	51806.9   	286215    	67512.6   	66848.7   	106124    
46254.681723	2.44524e+07	3.78008e+07	6.63789e+07	6.65362e+07	51851.2   	286973    	67600.7   	66932.9   	106262    
46348.314680	2.44629e+07	3.78383e+07	6.65009e+07	6.66583e+07	51895.5   	287731    	67688.8   	67017     	106400    
46441.947637	2.44735e+07	3.78758e+07	6.6623e+07	6.67805e+07	51939.8   	288489    	67776.9   	67101.2   	106538    
46535.580594	2.4484e+07	3.79133e+07	6.67451e+07	6.69027e+07	51984.1   	289247    	67865     	67185.4   	106676    
46629.213551	2.44945e+07	3.79509e+07	6.68672e+07	6.70249e+07	52028.4   	290005    	67953.1   	67269.6   	106814    
46722.846507	2.45051e+07	3.79884e+07	6.69893e+07	6.71471e+07	52072.8   	290763    	68041.2   	67353.7   	106952    
46816.479464	2.45156e+07	3.80259e+07	6.71113e+07	6.72693e+07	52117.1   	291521    	68129.3   	67437.9   	107090    
46910.112421	2.45261e+07	3.80634e+07	6.72334e+07	6.73915e+07	52161.4   	292279    	68217.4   	67522.1   	107227    
47003.745378	2.45366e+07	3.8101e+07	6.73555e+07	6.75137e+07	52205.7   	293037    	68305.5   	67606.2   	107365    
47097.378335	2.45472e+07	3.81385e+07	6.74776e+07	6.76359e+07	52250     	293795    	68393.6   	67690.4   	107503    
47191.011292	2.45577e+07	3.8176e+07	6.75996e+07	6.77581e+07	52294.3   	294553    	68481.7   	67774.6   	107641    
47284.644249	2.45682e+07	3.82136e+07	6.77217e+07	6.78803e+07	52338.6   	295311    	68569.8   	67858.8   	107779    
47378.277206	2.45788e+07	3.82511e+07	6.78438e+07	6.80024e+07	52382.9   	296069    	68657.9   	67942.9   	107917    
47471.910163	2.45893e+07	3.82886e+07	6.79659e+07	6.81246e+07	52427.3   	296827    	68746     	68027.1   	108055    
47565.543120	2.45998e+07	3.83261e+07	6.80879e+07	6.82468e+07	52471.6   	297585    	68834.1   	68111.3   	108192    
47659.176077	2.46104e+07	3.83637e+07	6.821e+07 	6.8369e+07	52515.9   	298343    	68922.3   	68195.4   	108330    
47752.809034	2.46209e+07	3.84012e+07	6.83321e+07	6.84912e+07	52560.2   	299100    	69010.4   	68279.6   	108468    
47846.441991	2.46314e+07	3.84387e+07	6.84542e+07	6.86134e+07	52604.5   	299858    	69098.5   	68363.8   	108606    
47940.074948	2.4642e+07	3.84762e+07	6.85763e+07	6.87356e+07	52648.8   	300616    	69186.6   	68448     	108744    
48033.707904	2.46522e+07	3.85133e+07	6.86982e+07	6.88576e+07	52692.7   	301378    	69274.2   	68531.7   	108881    
48127.340861	2.4662e+07	3.85496e+07	6.88198e+07	6.89793e+07	52736     	302146    	69361     	68614.8   	109018    
48220.973818	2.46719e+07	3.85859e+07	6.89414e+07	6.9101e+07	52779.2   	302914    	69447.9   	68697.9   	109154    
48314.606775	2.46817e+07	3.86222e+07	6.9063e+07	6.92227e+07	52822.5   	303682    	69534.7   	68781     	109290    
48408.239732	2.46915e+07	3.86585e+07	6.91846e+07	6.93444e+07	52865.7   	304451    	69621.5   	68864.1   	109426    
48501.872689	2.47013e+07	3.86948e+07	6.93062e+07	6.94661e+07	52909     	305219    	69708.4   	68947.2   	109563    
48595.505646	2.47111e+07	3.87311e+07	6.94278e+07	6.95878e+07	52952.2   	305987    	69795.2   	69030.3   	109699    
48689.138603	2.4721e+07	3.87674e+07	6.95494e+07	6.97095e+07	52995.5   	306755    	69882     	69113.4   	109835    
48782.771560	2.47308e+07	3.88036e+07	6.9671e+07	6.98312e+07	53038.7   	307523    	69968.9   	69196.5   	109971    
48876.404517	2.47406e+07	3.88399e+07	6.97926e+07	6.99529e+07	53082     	308291    	70055.7   	69279.6   	110108    
48970.037474	2.47504e+07	3.88762e+07	6.99142e+07	7.00746e+07	53125.2   	309059    	70142.5   	69362.7   	110244    
49063.670431	2.47602e+07	3.89125e+07	7.00358e+07	7.01963e+07	53168.5   	309828    	70229.3   	69445.7   	110380    
49157.303388	2.477e+07 	3.89488e+07	7.01574e+07	7.0318e+07	53211.7   	310596    	70316.2   	69528.8   	110517    
49250.936345	2.47799e+07	3.89851e+07	7.0279e+07	7.04397e+07	53255     	311364    	70403     	69611.9   	110653    
49344.569301	2.47897e+07	3.90214e+07	7.04006e+07	7.05614e+07	53298.2   	312132    	70489.8   	69695     	110789    
49438.202258	2.47995e+07	3.90577e+07	7.05222e+07	7.06831e+07	53341.5   	312900    	70576.7   	69778.1   	110925    
49531.835215	2.48093e+07	3.9094e+07	7.06438e+07	7.08048e+07	53384.7   	313668    	70663.5   	69861.2   	111062    
49625.468172	2.48191e+07	3.91303e+07	7.07654e+07	7.09265e+07	53428     	314436    	70750.3   	69944.3   	111198    
49719.101129	2.48289e+07	3.91666e+07	7.0887e+07	7.10482e+07	53471.2   	315205    	70837.2   	70027.4   	111334    
49812.734086	2.48388e+07	3.92028e+07	7.10086e+07	7.11699e+07	53514.5   	315973    	70924     	70110.5   	111470    
49906.367043	2.48486e+07	3.92391e+07	7.11302e+07	7.12916e+07	53557.7   	316741    	71010.8   	70193.6   	111607    
50000.000000	2.48584e+07	3.92754e+07	7.12518e+07	7.14133e+07	53601     	317509    	71097.7   	70276.7   	111743    
