Energy (MeV/u)1	0 - [He-base] F.Hubert et al, AD&ND Tables 46(1990)1	Energy (MeV/u)2	1 - [H -base] J.F.Ziegler et al, Pergamon Press, NY (low energy)	Energy (MeV/u)3	2 - ATIMA 1.2  LS-theory (recommended for high energy)	Energy (MeV/u)4	3 - ATIMA 1.2  without LS-correction	Energy (MeV/u)5	4 - electrical component of [1] - J.F.Ziegler et al	Energy (MeV/u)6	5 - nuclear component of [1] - J.F.Ziegler et al	
0.001000	0.418139  	0.001000	0.233696  	0.001000	0.265046  	0.001000	0.265046  	0.001000	0.129159  	0.001000	0.104537  	
0.002000	0.455288  	0.002000	0.253262  	0.002000	0.290341  	0.002000	0.290341  	0.002000	0.167499  	0.002000	0.0857629 	
0.005000	0.550061  	0.005000	0.293622  	0.005000	0.339371  	0.005000	0.339371  	0.005000	0.236178  	0.005000	0.0574436 	
0.008000	0.625715  	0.008000	0.3261    	0.008000	0.376738  	0.008000	0.376738  	0.008000	0.281699  	0.008000	0.0444013 	
0.010000	0.669133  	0.010000	0.345176  	0.010000	0.398223  	0.010000	0.398223  	0.010000	0.306285  	0.010000	0.0388907 	
0.015000	0.779357  	0.015000	0.397363  	0.015000	0.451891  	0.015000	0.451891  	0.015000	0.367239  	0.015000	0.0301248 	
0.020000	0.867461  	0.020000	0.483778  	0.020000	0.528892  	0.020000	0.528892  	0.020000	0.458899  	0.020000	0.0248791 	
0.025000	0.964722  	0.025000	0.567197  	0.025000	0.604929  	0.025000	0.604929  	0.025000	0.545858  	0.025000	0.0213391 	
0.030000	1.04717   	0.030000	0.646188  	0.030000	0.670454  	0.030000	0.670454  	0.030000	0.627596  	0.030000	0.0185918 	
0.035000	1.11495   	0.035000	0.720201  	0.035000	0.731783  	0.035000	0.731783  	0.035000	0.703549  	0.035000	0.0166521 	
0.040000	1.16837   	0.040000	0.788423  	0.040000	0.788672  	0.040000	0.788672  	0.040000	0.77331   	0.040000	0.0151135 	
0.045000	1.20799   	0.045000	0.850528  	0.045000	0.841146  	0.045000	0.841146  	0.045000	0.836668  	0.045000	0.0138599 	
0.050000	1.23463   	0.050000	0.906428  	0.050000	0.889284  	0.050000	0.889284  	0.050000	0.893611  	0.050000	0.0128166 	
0.055000	1.28839   	0.055000	0.956229  	0.055000	0.933212  	0.055000	0.933212  	0.055000	0.944296  	0.055000	0.0119332 	
0.060000	1.33417   	0.060000	1.00019   	0.060000	0.973097  	0.060000	0.973097  	0.060000	0.989014  	0.060000	0.0111746 	
0.070000	1.40411   	0.070000	1.07211   	0.070000	1.04155   	0.070000	1.04155   	0.070000	1.06217   	0.070000	0.0099364 	
0.080000	1.47916   	0.080000	1.12571   	0.080000	1.09646   	0.080000	1.09646   	0.080000	1.11675   	0.080000	0.00896579	
0.090000	1.53812   	0.090000	1.16529   	0.090000	1.13977   	0.090000	1.13977   	0.090000	1.15711   	0.090000	0.00818242	
0.100000	1.58541   	0.100000	1.19549   	0.100000	1.17337   	0.100000	1.17337   	0.100000	1.18796   	0.100000	0.00753553	
0.120000	1.61413   	0.120000	1.23191   	0.120000	1.21818   	0.120000	1.21818   	0.120000	1.22538   	0.120000	0.00652669	
0.140000	1.62554   	0.140000	1.24896   	0.140000	1.24219   	0.140000	1.24219   	0.140000	1.24319   	0.140000	0.00577337	
0.160000	1.62958   	0.160000	1.25472   	0.160000	1.25331   	0.160000	1.25331   	0.160000	1.24953   	0.160000	0.00518742	
0.180000	1.62923   	0.180000	1.2506    	0.180000	1.25669   	0.180000	1.25669   	0.180000	1.24589   	0.180000	0.00471746	
0.200000	1.63279   	0.200000	1.24537   	0.200000	1.25558   	0.200000	1.25558   	0.200000	1.24103   	0.200000	0.00433138	
0.250000	1.60299   	0.250000	1.23163   	0.250000	1.24404   	0.250000	1.24404   	0.250000	1.22802   	0.250000	0.00361026	
0.300000	1.60957   	0.300000	1.2362    	0.300000	1.22879   	0.300000	1.22879   	0.300000	1.2331    	0.300000	0.00310739	
0.350000	1.62163   	0.350000	1.24343   	0.350000	1.21326   	0.350000	1.21326   	0.350000	1.2407    	0.350000	0.0027351 	
0.400000	1.6188    	0.400000	1.2384    	0.400000	1.19976   	0.400000	1.19976   	0.400000	1.23595   	0.400000	0.0024475 	
0.450000	1.60987   	0.450000	1.22877   	0.450000	1.19457   	0.450000	1.19457   	0.450000	1.22656   	0.450000	0.00221812	
0.500000	1.60535   	0.500000	1.22305   	0.500000	1.18648   	0.500000	1.18648   	0.500000	1.22102   	0.500000	0.00203058	
0.600000	1.53402   	0.600000	1.20788   	0.600000	1.16471   	0.600000	1.16471   	0.600000	1.20614   	0.600000	0.00174157	
0.700000	1.45388   	0.700000	1.1873    	0.700000	1.13581   	0.700000	1.13581   	0.700000	1.18577   	0.700000	0.00152858	
0.800000	1.42296   	0.800000	1.16161   	0.800000	1.10531   	0.800000	1.10531   	0.800000	1.16025   	0.800000	0.00136466	
0.900000	1.38879   	0.900000	1.13448   	0.900000	1.07506   	0.900000	1.07506   	0.900000	1.13325   	0.900000	0.00123431	
1.000000	1.35287   	1.000000	1.10683   	1.000000	1.04549   	1.000000	1.04549   	1.000000	1.1057    	1.000000	0.00112801	
1.250000	1.25031   	1.250000	1.03088   	1.250000	0.97446   	1.250000	0.97446   	1.250000	1.02995   	1.250000	0.000931442	
1.500000	1.14471   	1.500000	0.95143   	1.500000	0.907984  	1.500000	0.907984  	1.500000	0.950634  	1.500000	0.000795969	
1.750000	1.0546    	1.750000	0.884221  	1.750000	0.851011  	1.750000	0.851011  	1.750000	0.883525  	1.750000	0.000696584	
2.000000	0.970761  	2.000000	0.820869  	2.000000	0.801225  	2.000000	0.801225  	2.000000	0.820248  	2.000000	0.000620369	
2.250000	0.901022  	2.250000	0.767191  	2.250000	0.7572    	2.250000	0.7572    	2.250000	0.766631  	2.250000	0.000559952	
2.500000	0.839128  	2.500000	0.72199   	2.500000	0.717946  	2.500000	0.717946  	2.500000	0.721479  	2.500000	0.000510811	
3.000000	0.74778   	3.000000	0.649011  	3.000000	0.650936  	3.000000	0.650936  	3.000000	0.648575  	3.000000	0.000435559	
3.500000	0.675207  	3.500000	0.591458  	3.500000	0.595879  	3.500000	0.595879  	3.500000	0.591077  	3.500000	0.000380499	
4.000000	0.616147  	4.000000	0.544678  	4.000000	0.549878  	4.000000	0.549878  	4.000000	0.544339  	4.000000	0.000338365	
4.500000	0.567124  	4.500000	0.505705  	4.500000	0.510886  	4.500000	0.510886  	4.500000	0.5054    	4.500000	0.000305026	
5.000000	0.525756  	5.000000	0.472568  	5.000000	0.47742   	5.000000	0.47742   	5.000000	0.47229   	5.000000	0.00027795	
5.500000	0.490362  	5.500000	0.443961  	5.500000	0.448382  	5.500000	0.448382  	5.500000	0.443705  	5.500000	0.0002555 	
6.000000	0.459721  	6.000000	0.418965  	6.000000	0.422942  	6.000000	0.422942  	6.000000	0.418728  	6.000000	0.000236567	
6.500000	0.432923  	6.500000	0.396909  	6.500000	0.400462  	6.500000	0.400462  	6.500000	0.396689  	6.500000	0.000220372	
7.000000	0.409279  	7.000000	0.377284  	7.000000	0.380449  	7.000000	0.380449  	7.000000	0.377078  	7.000000	0.000206353	
7.500000	0.388257  	7.500000	0.359698  	7.500000	0.362511  	7.500000	0.362511  	7.500000	0.359504  	7.500000	0.000194092	
8.000000	0.369437  	8.000000	0.343838  	8.000000	0.346336  	8.000000	0.346336  	8.000000	0.343654  	8.000000	0.000183273	
8.500000	0.352485  	8.500000	0.329455  	8.500000	0.331672  	8.500000	0.331672  	8.500000	0.329282  	8.500000	0.000173652	
9.000000	0.337133  	9.000000	0.316348  	9.000000	0.318311  	9.000000	0.318311  	9.000000	0.316183  	9.000000	0.000165038	
9.500000	0.323161  	9.500000	0.304349  	9.500000	0.306084  	9.500000	0.306084  	9.500000	0.304192  	9.500000	0.000157277	
10.000000	0.310389  	10.000000	0.29464   	10.000000	0.29485   	10.000000	0.29485   	10.000000	0.29449   	10.000000	0.000150247	
11.000000	0.287866  	11.000000	0.274798  	11.000000	0.274453  	11.000000	0.27467   	11.000000	0.27466   	11.000000	0.000137998	
12.000000	0.268626  	12.000000	0.257568  	12.000000	0.256845  	12.000000	0.257204  	12.000000	0.257441  	12.000000	0.000127677	
13.000000	0.251989  	13.000000	0.242475  	13.000000	0.241478  	13.000000	0.241928  	13.000000	0.242357  	13.000000	0.000118857	
14.000000	0.237455  	14.000000	0.22915   	14.000000	0.227937  	14.000000	0.228447  	14.000000	0.229039  	14.000000	0.000111228	
15.000000	0.224643  	15.000000	0.217301  	15.000000	0.215907  	15.000000	0.216456  	15.000000	0.217197  	15.000000	0.000104561	
16.000000	0.21326   	16.000000	0.206698  	16.000000	0.205147  	16.000000	0.205714  	16.000000	0.206599  	16.000000	9.86819e-05	
17.000000	0.203076  	17.000000	0.197153  	17.000000	0.195464  	17.000000	0.196032  	17.000000	0.19706   	17.000000	9.3457e-05	
18.000000	0.193908  	18.000000	0.188517  	18.000000	0.186691  	18.000000	0.187257  	18.000000	0.188428  	18.000000	8.87814e-05	
19.000000	0.185609  	19.000000	0.180665  	19.000000	0.178703  	19.000000	0.179264  	19.000000	0.18058   	19.000000	8.45714e-05	
20.000000	0.17806   	20.000000	0.173495  	20.000000	0.171403  	20.000000	0.171951  	20.000000	0.173414  	20.000000	8.07599e-05	
21.000000	0.171161  	21.000000	0.166921  	21.000000	0.164706  	21.000000	0.165233  	21.000000	0.166844  	21.000000	7.72921e-05	
22.000000	0.164831  	22.000000	0.160872  	22.000000	0.158534  	22.000000	0.159039  	22.000000	0.160797  	22.000000	7.41227e-05	
23.000000	0.159001  	23.000000	0.155286  	23.000000	0.152824  	23.000000	0.153309  	23.000000	0.155215  	23.000000	7.12143e-05	
24.000000	0.153614  	24.000000	0.150112  	24.000000	0.147525  	24.000000	0.147992  	24.000000	0.150044  	24.000000	6.85354e-05	
25.000000	0.148619  	25.000000	0.145307  	25.000000	0.142596  	25.000000	0.143044  	25.000000	0.145241  	25.000000	6.60595e-05	
27.000000	0.139645  	27.000000	0.136651  	27.000000	0.133704  	27.000000	0.134111  	27.000000	0.136589  	27.000000	6.16298e-05	
29.000000	0.131807  	29.000000	0.12907   	29.000000	0.125908  	29.000000	0.126264  	29.000000	0.129012  	29.000000	5.77802e-05	
31.000000	0.124899  	31.000000	0.122373  	31.000000	0.119257  	31.000000	0.119548  	31.000000	0.122318  	31.000000	5.44023e-05	
33.000000	0.118762  	33.000000	0.116413  	33.000000	0.113556  	33.000000	0.113788  	33.000000	0.116361  	33.000000	5.14133e-05	
35.000000	0.113271  	35.000000	0.111073  	35.000000	0.108447  	35.000000	0.108626  	35.000000	0.111024  	35.000000	4.87488e-05	
38.000000	0.106038  	38.000000	0.104027  	38.000000	0.1017    	38.000000	0.101814  	38.000000	0.103982  	38.000000	4.52521e-05	
41.000000	0.0997844 	41.000000	0.0979293 	41.000000	0.0958557 	41.000000	0.0959131 	41.000000	0.097887  	41.000000	4.22424e-05	
44.000000	0.0943218 	44.000000	0.0925974 	44.000000	0.0907252 	44.000000	0.0907494 	44.000000	0.0925578 	44.000000	3.96232e-05	
47.000000	0.0895062 	47.000000	0.0878943 	47.000000	0.0862021 	47.000000	0.0861903 	47.000000	0.087857  	47.000000	3.73223e-05	
50.000000	0.0852271 	50.000000	0.0837137 	50.000000	0.0821742 	50.000000	0.0821338 	50.000000	0.0836784 	50.000000	3.52842e-05	
55.000000	0.0790607 	55.000000	0.0776884 	55.000000	0.0763483 	55.000000	0.0762795 	55.000000	0.077656  	55.000000	3.23584e-05	
60.000000	0.073852  	60.000000	0.0725996 	60.000000	0.0714173 	60.000000	0.0713269 	60.000000	0.0725697 	60.000000	2.98977e-05	
65.000000	0.0693901 	65.000000	0.0682425 	65.000000	0.0671802 	65.000000	0.0670796 	65.000000	0.0682147 	65.000000	2.77981e-05	
70.000000	0.0655223 	70.000000	0.0644683 	70.000000	0.0635142 	70.000000	0.0633949 	70.000000	0.0644423 	70.000000	2.59847e-05	
75.000000	0.0621351 	75.000000	0.0611662 	75.000000	0.0602897 	75.000000	0.0601664 	75.000000	0.0611418 	75.000000	2.4402e-05	
80.000000	0.0591424 	80.000000	0.0582519 	80.000000	0.0574477 	80.000000	0.0573133 	80.000000	0.0582289 	80.000000	2.30081e-05	
85.000000	0.0564778 	85.000000	0.0556602 	85.000000	0.0549089 	85.000000	0.0547728 	85.000000	0.0556384 	85.000000	2.17707e-05	
90.000000	0.0540889 	90.000000	0.0533398 	90.000000	0.0526404 	90.000000	0.0524956 	90.000000	0.0533191 	90.000000	2.06645e-05	
95.000000	0.0519342 	95.000000	0.0512498 	95.000000	0.0505874 	95.000000	0.0504424 	95.000000	0.0512301 	95.000000	1.96694e-05	
100.000000	0.0499801 	100.000000	0.0493572 	100.000000	0.0487266 	100.000000	0.0485813 	100.000000	0.0493384 	100.000000	1.87694e-05	
105.000000	0.0481991 	105.000000	0.047635  	105.000000	0.0470311 	105.000000	0.0468862 	105.000000	0.0476171 	105.000000	1.79511e-05	
110.000000	0.0465688 	110.000000	0.0460611 	110.000000	0.0454859 	110.000000	0.0453358 	110.000000	0.0460439 	110.000000	1.7204e-05	
115.000000	0.0450704 	115.000000	0.0446168 	115.000000	0.0440639 	115.000000	0.043912  	115.000000	0.0446003 	115.000000	1.65188e-05	
120.000000	0.043688  	120.000000	0.0432867 	120.000000	0.0427506 	120.000000	0.0425998 	120.000000	0.0432709 	120.000000	1.58882e-05	
125.000000	0.0424084 	125.000000	0.0420577 	125.000000	0.0415371 	125.000000	0.0413866 	125.000000	0.0420424 	125.000000	1.53058e-05	
130.000000	0.0412203 	130.000000	0.0409185 	130.000000	0.0404114 	130.000000	0.0402615 	130.000000	0.0409038 	130.000000	1.47662e-05	
135.000000	0.0401138 	135.000000	0.0398596 	135.000000	0.0393644 	135.000000	0.0392151 	135.000000	0.0398454 	135.000000	1.42647e-05	
140.000000	0.0390808 	140.000000	0.0388728 	140.000000	0.0383882 	140.000000	0.0382394 	140.000000	0.038859  	140.000000	1.37975e-05	
145.000000	0.0381139 	145.000000	0.0379508 	145.000000	0.0374758 	145.000000	0.0373275 	145.000000	0.0379374 	145.000000	1.33611e-05	
150.000000	0.0372068 	150.000000	0.0370874 	150.000000	0.036621  	150.000000	0.0364733 	150.000000	0.0370745 	150.000000	1.29525e-05	
155.000000	0.0359295 	155.000000	0.0362773 	155.000000	0.0358185 	155.000000	0.0356714 	155.000000	0.0362647 	155.000000	1.25691e-05	
160.000000	0.0351809 	160.000000	0.0355156 	160.000000	0.0350638 	160.000000	0.0349173 	160.000000	0.0355034 	160.000000	1.22086e-05	
165.000000	0.0344749 	165.000000	0.034798  	165.000000	0.0343526 	165.000000	0.0342067 	165.000000	0.0347861 	165.000000	1.18689e-05	
170.000000	0.033808  	170.000000	0.0341209 	170.000000	0.0336813 	170.000000	0.0335359 	170.000000	0.0341093 	170.000000	1.15484e-05	
175.000000	0.0331769 	175.000000	0.0334808 	175.000000	0.0330466 	175.000000	0.0329019 	175.000000	0.0334696 	175.000000	1.12454e-05	
180.000000	0.0325789 	180.000000	0.0328749 	180.000000	0.0324457 	180.000000	0.0323015 	180.000000	0.0328639 	180.000000	1.09585e-05	
185.000000	0.0320113 	185.000000	0.0323004 	185.000000	0.0318758 	185.000000	0.0317322 	185.000000	0.0322897 	185.000000	1.06864e-05	
190.000000	0.0314719 	190.000000	0.031755  	190.000000	0.0313348 	190.000000	0.0311917 	190.000000	0.0317446 	190.000000	1.0428e-05	
195.000000	0.0309586 	195.000000	0.0312365 	195.000000	0.0308203 	195.000000	0.0306778 	195.000000	0.0312263 	195.000000	1.01823e-05	
200.000000	0.0304694 	200.000000	0.030743  	200.000000	0.0303306 	200.000000	0.0301887 	200.000000	0.030733  	200.000000	9.9483e-06	
210.000000	0.0295572 	210.000000	0.0298239 	210.000000	0.0294187 	210.000000	0.0292778 	210.000000	0.0298144 	210.000000	9.51235e-06	
220.000000	0.0287235 	220.000000	0.0289857 	220.000000	0.0285868 	220.000000	0.028447  	220.000000	0.0289766 	220.000000	9.11436e-06	
230.000000	0.0279585 	230.000000	0.028218  	230.000000	0.0278252 	230.000000	0.0276863 	230.000000	0.0282092 	230.000000	8.74952e-06	
240.000000	0.0272539 	240.000000	0.0275124 	240.000000	0.027125  	240.000000	0.0269872 	240.000000	0.027504  	240.000000	8.41379e-06	
250.000000	0.0266029 	250.000000	0.0268616 	250.000000	0.02648   	250.000000	0.0263427 	250.000000	0.0268535 	250.000000	8.1038e-06	
260.000000	0.0259996 	260.000000	0.0262597 	260.000000	0.0258817 	260.000000	0.0257467 	260.000000	0.0262519 	260.000000	7.81664e-06	
270.000000	0.0254388 	270.000000	0.0257012 	270.000000	0.0253258 	270.000000	0.0251941 	270.000000	0.0256937 	270.000000	7.54987e-06	
280.000000	0.0249163 	280.000000	0.0251818 	280.000000	0.0248114 	280.000000	0.0246802 	280.000000	0.0251745 	280.000000	7.30135e-06	
290.000000	0.0244283 	290.000000	0.0246975 	290.000000	0.0243319 	290.000000	0.0242014 	290.000000	0.0246904 	290.000000	7.06926e-06	
300.000000	0.0239714 	300.000000	0.0242449 	300.000000	0.0238839 	300.000000	0.0237541 	300.000000	0.024238  	300.000000	6.852e-06 	
310.000000	0.0235428 	310.000000	0.023821  	310.000000	0.0234646 	310.000000	0.0233355 	310.000000	0.0238144 	310.000000	6.64817e-06	
320.000000	0.0231399 	320.000000	0.0234233 	320.000000	0.0230714 	320.000000	0.0229429 	320.000000	0.0234169 	320.000000	6.45655e-06	
330.000000	0.0227606 	330.000000	0.0230494 	330.000000	0.0227019 	330.000000	0.0225741 	330.000000	0.0230432 	330.000000	6.27606e-06	
340.000000	0.0224029 	340.000000	0.0226974 	340.000000	0.0223543 	340.000000	0.0222271 	340.000000	0.0226913 	340.000000	6.10575e-06	
350.000000	0.022065  	350.000000	0.0223653 	350.000000	0.0220268 	350.000000	0.0218999 	350.000000	0.0223594 	350.000000	5.94477e-06	
360.000000	0.0217452 	360.000000	0.0220516 	360.000000	0.0217165 	360.000000	0.0215911 	360.000000	0.0220458 	360.000000	5.79236e-06	
370.000000	0.0214423 	370.000000	0.0217549 	370.000000	0.0214224 	370.000000	0.0212992 	370.000000	0.0217492 	370.000000	5.64785e-06	
380.000000	0.0211549 	380.000000	0.0214737 	380.000000	0.0211449 	380.000000	0.0210229 	380.000000	0.0214682 	380.000000	5.51064e-06	
390.000000	0.020882  	390.000000	0.0212071 	390.000000	0.0208828 	390.000000	0.0207609 	390.000000	0.0212017 	390.000000	5.38017e-06	
400.000000	0.0206224 	400.000000	0.0209539 	400.000000	0.0206339 	400.000000	0.0205124 	400.000000	0.0209486 	400.000000	5.25596e-06	
410.000000	0.0203753 	410.000000	0.0207132 	410.000000	0.0203972 	410.000000	0.0202763 	410.000000	0.020708  	410.000000	5.13756e-06	
420.000000	0.0201397 	420.000000	0.020484  	420.000000	0.0201721 	420.000000	0.0200517 	420.000000	0.020479  	420.000000	5.02457e-06	
430.000000	0.0199151 	430.000000	0.0202657 	430.000000	0.0199579 	430.000000	0.0198379 	430.000000	0.0202608 	430.000000	4.91662e-06	
440.000000	0.0197005 	440.000000	0.0200575 	440.000000	0.019754  	440.000000	0.0196341 	440.000000	0.0200527 	440.000000	4.81337e-06	
450.000000	0.0194954 	450.000000	0.0198588 	450.000000	0.0195592 	450.000000	0.0194398 	450.000000	0.0198541 	450.000000	4.71453e-06	
460.000000	0.0192993 	460.000000	0.0196689 	460.000000	0.0193725 	460.000000	0.0192542 	460.000000	0.0196643 	460.000000	4.61981e-06	
470.000000	0.0191115 	470.000000	0.0194873 	470.000000	0.0191937 	470.000000	0.0190769 	470.000000	0.0194828 	470.000000	4.52896e-06	
480.000000	0.0189315 	480.000000	0.0193135 	480.000000	0.0190231 	480.000000	0.0189074 	480.000000	0.0193091 	480.000000	4.44174e-06	
490.000000	0.018759  	490.000000	0.0191471 	490.000000	0.0188604 	490.000000	0.0187451 	490.000000	0.0191427 	490.000000	4.35793e-06	
500.000000	0.0185934 	500.000000	0.0189876 	500.000000	0.0187048 	500.000000	0.0185896 	500.000000	0.0189833 	500.000000	4.27735e-06	
520.000000	0.0182818 	520.000000	0.0186877 	520.000000	0.0184124 	520.000000	0.0182978 	520.000000	0.0186836 	520.000000	4.1251e-06	
540.000000	0.0179937 	540.000000	0.0184111 	540.000000	0.018143  	540.000000	0.0180289 	540.000000	0.0184071 	540.000000	3.98368e-06	
560.000000	0.0177269 	560.000000	0.0181554 	560.000000	0.0178941 	560.000000	0.0177807 	560.000000	0.0181515 	560.000000	3.85197e-06	
580.000000	0.0174792 	580.000000	0.0179184 	580.000000	0.0176634 	580.000000	0.0175509 	580.000000	0.0179147 	580.000000	3.72898e-06	
600.000000	0.0172488 	600.000000	0.0176984 	600.000000	0.017449  	600.000000	0.0173378 	600.000000	0.0176947 	600.000000	3.61387e-06	
620.000000	0.0170341 	620.000000	0.0174937 	620.000000	0.0172497 	620.000000	0.0171398 	620.000000	0.0174901 	620.000000	3.5059e-06	
640.000000	0.0168337 	640.000000	0.0173029 	640.000000	0.0170648 	640.000000	0.0169554 	640.000000	0.0172995 	640.000000	3.4044e-06	
660.000000	0.0166465 	660.000000	0.0171248 	660.000000	0.0168925 	660.000000	0.0167834 	660.000000	0.0171215 	660.000000	3.30882e-06	
680.000000	0.0164712 	680.000000	0.0169584 	680.000000	0.0167314 	680.000000	0.0166228 	680.000000	0.0169552 	680.000000	3.21864e-06	
700.000000	0.016307  	700.000000	0.0168026 	700.000000	0.0165808 	700.000000	0.0164724 	700.000000	0.0167994 	700.000000	3.13342e-06	
720.000000	0.0161529 	720.000000	0.0166566 	720.000000	0.0164398 	720.000000	0.0163316 	720.000000	0.0166535 	720.000000	3.05274e-06	
740.000000	0.0160082 	740.000000	0.0165195 	740.000000	0.0163071 	740.000000	0.0161995 	740.000000	0.0165166 	740.000000	2.97626e-06	
760.000000	0.0158722 	760.000000	0.0163908 	760.000000	0.0161819 	760.000000	0.0160754 	760.000000	0.0163879 	760.000000	2.90364e-06	
780.000000	0.0157442 	780.000000	0.0162698 	780.000000	0.0160641 	780.000000	0.0159587 	780.000000	0.016267  	780.000000	2.8346e-06	
800.000000	0.0156236 	800.000000	0.0161559 	800.000000	0.0159536 	800.000000	0.0158488 	800.000000	0.0161532 	800.000000	2.76889e-06	
820.000000	0.0155101 	820.000000	0.0160487 	820.000000	0.0158504 	820.000000	0.0157458 	820.000000	0.016046  	820.000000	2.70625e-06	
840.000000	0.015403  	840.000000	0.0159476 	840.000000	0.0157555 	840.000000	0.015651  	840.000000	0.0159449 	840.000000	2.64648e-06	
860.000000	0.015302  	860.000000	0.0158522 	860.000000	0.0156657 	860.000000	0.0155616 	860.000000	0.0158496 	860.000000	2.58938e-06	
880.000000	0.0152066 	880.000000	0.0157622 	880.000000	0.015581  	880.000000	0.0154771 	880.000000	0.0157597 	880.000000	2.53478e-06	
900.000000	0.0151166 	900.000000	0.0156772 	900.000000	0.0155009 	900.000000	0.0153971 	900.000000	0.0156747 	900.000000	2.48251e-06	
920.000000	0.0150315 	920.000000	0.0155969 	920.000000	0.0154252 	920.000000	0.0153215 	920.000000	0.0155944 	920.000000	2.43243e-06	
940.000000	0.0149511 	940.000000	0.015521  	940.000000	0.0153534 	940.000000	0.01525   	940.000000	0.0155186 	940.000000	2.3844e-06	
960.000000	0.0148752 	960.000000	0.0154492 	960.000000	0.0152852 	960.000000	0.0151821 	960.000000	0.0154468 	960.000000	2.33829e-06	
980.000000	0.0148034 	980.000000	0.0153813 	980.000000	0.0152202 	980.000000	0.0151178 	980.000000	0.015379  	980.000000	2.29399e-06	
1000.000000	0.0147355 	1000.000000	0.015317  	1000.000000	0.0151585 	1000.000000	0.0150569 	1000.000000	0.0153147 	1000.000000	2.2514e-06	
1020.000000	0.0146713 	1020.000000	0.0152562 	1020.000000	0.0151    	1020.000000	0.014999  	1020.000000	0.015254  	1020.000000	2.21041e-06	
1040.000000	0.0146106 	1040.000000	0.0151986 	1040.000000	0.0150446 	1040.000000	0.0149441 	1040.000000	0.0151964 	1040.000000	2.17094e-06	
1060.000000	0.0145533 	1060.000000	0.0151441 	1060.000000	0.0149922 	1060.000000	0.0148919 	1060.000000	0.015142  	1060.000000	2.1329e-06	
1080.000000	0.0144991 	1080.000000	0.0150925 	1080.000000	0.0149425 	1080.000000	0.0148423 	1080.000000	0.0150904 	1080.000000	2.09622e-06	
1100.000000	0.0144478 	1100.000000	0.0150437 	1100.000000	0.0148953 	1100.000000	0.0147951 	1100.000000	0.0150416 	1100.000000	2.06082e-06	
1120.000000	0.0143994 	1120.000000	0.0149974 	1120.000000	0.0148503 	1120.000000	0.0147503 	1120.000000	0.0149954 	1120.000000	2.02663e-06	
1140.000000	0.0143537 	1140.000000	0.0149536 	1140.000000	0.0148075 	1140.000000	0.0147076 	1140.000000	0.0149516 	1140.000000	1.9936e-06	
1160.000000	0.0143106 	1160.000000	0.0149122 	1160.000000	0.0147668 	1160.000000	0.014667  	1160.000000	0.0149102 	1160.000000	1.96167e-06	
1180.000000	0.0142699 	1180.000000	0.014873  	1180.000000	0.014728  	1180.000000	0.0146283 	1180.000000	0.014871  	1180.000000	1.93077e-06	
1200.000000	0.0142315 	1200.000000	0.0148359 	1200.000000	0.014691  	1200.000000	0.0145915 	1200.000000	0.014834  	1200.000000	1.90087e-06	
1220.000000	0.0141954 	1220.000000	0.0148008 	1220.000000	0.0146559 	1220.000000	0.0145565 	1220.000000	0.0147989 	1220.000000	1.87191e-06	
1240.000000	0.0141614 	1240.000000	0.0147676 	1240.000000	0.0146225 	1240.000000	0.0145231 	1240.000000	0.0147658 	1240.000000	1.84385e-06	
1260.000000	0.0141294 	1260.000000	0.0147363 	1260.000000	0.0145906 	1260.000000	0.0144913 	1260.000000	0.0147345 	1260.000000	1.81665e-06	
1280.000000	0.0140993 	1280.000000	0.0147067 	1280.000000	0.0145602 	1280.000000	0.014461  	1280.000000	0.0147049 	1280.000000	1.79027e-06	
1300.000000	0.0140711 	1300.000000	0.0146788 	1300.000000	0.0145311 	1300.000000	0.0144321 	1300.000000	0.014677  	1300.000000	1.76466e-06	
1320.000000	0.0140447 	1320.000000	0.0146525 	1320.000000	0.0145033 	1320.000000	0.0144045 	1320.000000	0.0146507 	1320.000000	1.73981e-06	
1340.000000	0.0140199 	1340.000000	0.0146277 	1340.000000	0.0144767 	1340.000000	0.0143783 	1340.000000	0.0146259 	1340.000000	1.71567e-06	
1360.000000	0.0139968 	1360.000000	0.0146043 	1360.000000	0.0144514 	1360.000000	0.0143532 	1360.000000	0.0146026 	1360.000000	1.69221e-06	
1380.000000	0.0139753 	1380.000000	0.0145823 	1380.000000	0.0144271 	1380.000000	0.0143294 	1380.000000	0.0145807 	1380.000000	1.6694e-06	
1400.000000	0.0139553 	1400.000000	0.0145617 	1400.000000	0.014404  	1400.000000	0.0143066 	1400.000000	0.0145601 	1400.000000	1.64723e-06	
1420.000000	0.0139367 	1420.000000	0.0145424 	1420.000000	0.014382  	1420.000000	0.014285  	1420.000000	0.0145407 	1420.000000	1.62565e-06	
1440.000000	0.0139195 	1440.000000	0.0145242 	1440.000000	0.0143611 	1440.000000	0.0142643 	1440.000000	0.0145226 	1440.000000	1.60465e-06	
1460.000000	0.0139037 	1460.000000	0.0145073 	1460.000000	0.0143412 	1460.000000	0.0142446 	1460.000000	0.0145057 	1460.000000	1.58421e-06	
1480.000000	0.0138891 	1480.000000	0.0144915 	1480.000000	0.0143222 	1480.000000	0.0142258 	1480.000000	0.0144899 	1480.000000	1.56429e-06	
1500.000000	0.0138758 	1500.000000	0.0144768 	1500.000000	0.0143042 	1500.000000	0.0142079 	1500.000000	0.0144752 	1500.000000	1.54489e-06	
1520.000000	0.0138636 	1520.000000	0.0144631 	1520.000000	0.0142871 	1520.000000	0.0141908 	1520.000000	0.0144615 	1520.000000	1.52598e-06	
1540.000000	0.0138526 	1540.000000	0.0144504 	1540.000000	0.0142708 	1540.000000	0.0141746 	1540.000000	0.0144489 	1540.000000	1.50754e-06	
1560.000000	0.0138428 	1560.000000	0.0144387 	1560.000000	0.0142553 	1560.000000	0.0141591 	1560.000000	0.0144372 	1560.000000	1.48956e-06	
1580.000000	0.013834  	1580.000000	0.0144279 	1580.000000	0.0142406 	1580.000000	0.0141444 	1580.000000	0.0144264 	1580.000000	1.47202e-06	
1600.000000	0.0138262 	1600.000000	0.014418  	1600.000000	0.0142265 	1600.000000	0.0141304 	1600.000000	0.0144165 	1600.000000	1.4549e-06	
1620.000000	0.0138194 	1620.000000	0.0144089 	1620.000000	0.0142131 	1620.000000	0.014117  	1620.000000	0.0144075 	1620.000000	1.43818e-06	
1640.000000	0.0138136 	1640.000000	0.0144007 	1640.000000	0.0142004 	1640.000000	0.0141043 	1640.000000	0.0143993 	1640.000000	1.42186e-06	
1660.000000	0.0138088 	1660.000000	0.0143933 	1660.000000	0.0141882 	1660.000000	0.0140922 	1660.000000	0.0143919 	1660.000000	1.40592e-06	
1680.000000	0.0138048 	1680.000000	0.0143867 	1680.000000	0.0141767 	1680.000000	0.0140808 	1680.000000	0.0143853 	1680.000000	1.39034e-06	
1700.000000	0.0138017 	1700.000000	0.0143808 	1700.000000	0.0141657 	1700.000000	0.0140699 	1700.000000	0.0143794 	1700.000000	1.37511e-06	
1750.000000	0.0137977 	1750.000000	0.0143692 	1750.000000	0.0141407 	1750.000000	0.014045  	1750.000000	0.0143678 	1750.000000	1.33852e-06	
1800.000000	0.0137985 	1800.000000	0.0143617 	1800.000000	0.0141187 	1800.000000	0.0140232 	1800.000000	0.0143604 	1800.000000	1.30388e-06	
1850.000000	0.0138039 	1850.000000	0.014358  	1850.000000	0.0140995 	1850.000000	0.0140042 	1850.000000	0.0143567 	1850.000000	1.27105e-06	
1900.000000	0.0138134 	1900.000000	0.0143578 	1900.000000	0.0140829 	1900.000000	0.0139878 	1900.000000	0.0143565 	1900.000000	1.23988e-06	
1950.000000	0.0138269 	1950.000000	0.0143608 	1950.000000	0.0140686 	1950.000000	0.0139737 	1950.000000	0.0143596 	1950.000000	1.21026e-06	
2000.000000	0.0138441 	2000.000000	0.0143668 	2000.000000	0.0140564 	2000.000000	0.0139617 	2000.000000	0.0143657 	2000.000000	1.18206e-06	
2100.000000	0.0138884 	2100.000000	0.014387  	2100.000000	0.0140376 	2100.000000	0.0139434 	2100.000000	0.0143859 	2100.000000	1.12955e-06	
2200.000000	0.0139448 	2200.000000	0.0144168 	2200.000000	0.0140251 	2200.000000	0.0139314 	2200.000000	0.0144157 	2200.000000	1.08165e-06	
2300.000000	0.0140118 	2300.000000	0.0144549 	2300.000000	0.0140182 	2300.000000	0.0139249 	2300.000000	0.0144538 	2300.000000	1.03776e-06	
2400.000000	0.0140882 	2400.000000	0.0145003 	2400.000000	0.0140159 	2400.000000	0.0139229 	2400.000000	0.0144993 	2400.000000	9.97405e-07	
2500.000000	0.0141732 	2500.000000	0.0145521 	2500.000000	0.0140175 	2500.000000	0.0139247 	2500.000000	0.0145511 	2500.000000	9.60164e-07	
2600.000000	0.0142658 	2600.000000	0.0146096 	2600.000000	0.0140225 	2600.000000	0.0139298 	2600.000000	0.0146087 	2600.000000	9.25688e-07	
2700.000000	0.0143654 	2700.000000	0.0146721 	2700.000000	0.0140302 	2700.000000	0.0139376 	2700.000000	0.0146712 	2700.000000	8.93676e-07	
2800.000000	0.0144712 	2800.000000	0.0147391 	2800.000000	0.0140402 	2800.000000	0.0139477 	2800.000000	0.0147383 	2800.000000	8.63872e-07	
2900.000000	0.0145829 	2900.000000	0.0148102 	2900.000000	0.0140522 	2900.000000	0.0139598 	2900.000000	0.0148093 	2900.000000	8.36051e-07	
3000.000000	0.0146998 	3000.000000	0.0148848 	3000.000000	0.0140659 	3000.000000	0.0139736 	3000.000000	0.014884  	3000.000000	8.1002e-07	
3200.000000	0.0149481 	3200.000000	0.0150436 	3200.000000	0.0140973 	3200.000000	0.0140052 	3200.000000	0.0150428 	3200.000000	7.62674e-07	
3400.000000	0.0152134 	3400.000000	0.015213  	3400.000000	0.0141328 	3400.000000	0.014041  	3400.000000	0.0152123 	3400.000000	7.2071e-07	
3600.000000	0.0154934 	3600.000000	0.0153913 	3600.000000	0.0141712 	3600.000000	0.0140797 	3600.000000	0.0153906 	3600.000000	6.83253e-07	
3800.000000	0.0157865 	3800.000000	0.015577  	3800.000000	0.0142118 	3800.000000	0.0141204 	3800.000000	0.0155763 	3800.000000	6.49606e-07	
4000.000000	0.0160914 	4000.000000	0.0157689 	4000.000000	0.0142537 	4000.000000	0.0141626 	4000.000000	0.0157683 	4000.000000	6.19211e-07	
4200.000000	0.0164068 	4200.000000	0.0159661 	4200.000000	0.0142966 	4200.000000	0.0142056 	4200.000000	0.0159655 	4200.000000	5.91614e-07	
4400.000000	0.0167319 	4400.000000	0.0161678 	4400.000000	0.0143399 	4400.000000	0.0142491 	4400.000000	0.0161673 	4400.000000	5.66442e-07	
4600.000000	0.017066  	4600.000000	0.0163735 	4600.000000	0.0143835 	4600.000000	0.0142928 	4600.000000	0.0163729 	4600.000000	5.43386e-07	
4800.000000	0.0174083 	4800.000000	0.0165825 	4800.000000	0.0144271 	4800.000000	0.0143365 	4800.000000	0.0165819 	4800.000000	5.22187e-07	
5000.000000	0.0177583 	5000.000000	0.0167944 	5000.000000	0.0144704 	5000.000000	0.01438   	5000.000000	0.0167939 	5000.000000	5.02627e-07	
5250.000000	0.018206  	5250.000000	0.0170629 	5250.000000	0.0145242 	5250.000000	0.0144339 	5250.000000	0.0170624 	5250.000000	4.80204e-07	
5500.000000	0.0186642 	5500.000000	0.0173347 	5500.000000	0.0145772 	5500.000000	0.0144871 	5500.000000	0.0173342 	5500.000000	4.59752e-07	
6000.000000	0.01961   	6000.000000	0.0178866 	6000.000000	0.0146808 	6000.000000	0.0145909 	6000.000000	0.0178862 	6000.000000	4.23797e-07	
6500.000000	0.0205917 	6500.000000	0.018447  	6500.000000	0.0147805 	6500.000000	0.0146908 	6500.000000	0.0184466 	6500.000000	3.932e-07 	
7000.000000	0.0216065 	7000.000000	0.0190138 	7000.000000	0.0148761 	7000.000000	0.0147866 	7000.000000	0.0190134 	7000.000000	3.66836e-07	
7500.000000	0.0226523 	7500.000000	0.0195853 	7500.000000	0.0149672 	7500.000000	0.0148782 	7500.000000	0.019585  	7500.000000	3.43876e-07	
8000.000000	0.0237275 	8000.000000	0.0201605 	8000.000000	0.0150545 	8000.000000	0.0149659 	8000.000000	0.0201602 	8000.000000	3.23696e-07	
8500.000000	0.0248308 	8500.000000	0.0207384 	8500.000000	0.0151383 	8500.000000	0.0150496 	8500.000000	0.0207381 	8500.000000	3.05815e-07	
9000.000000	0.0259613 	9000.000000	0.0213184 	9000.000000	0.0152185 	9000.000000	0.0151298 	9000.000000	0.0213181 	9000.000000	2.89858e-07	
9500.000000	0.0271183 	9500.000000	0.0218999 	9500.000000	0.015295  	9500.000000	0.0152065 	9500.000000	0.0218996 	9500.000000	2.75528e-07	
10000.000000	0.0283012 	10000.000000	0.0224825 	10000.000000	0.0153679 	10000.000000	0.01528   	10000.000000	0.0224823 	10000.000000	2.62586e-07	
11000.000000	0.0307426 	11000.000000	0.0236501 	11000.000000	0.0155051 	11000.000000	0.0154181 	11000.000000	0.0236499 	11000.000000	2.40123e-07	
12000.000000	0.0332829 	12000.000000	0.0248192 	12000.000000	0.0156326 	12000.000000	0.0155455 	12000.000000	0.024819  	12000.000000	2.21292e-07	
13000.000000	0.03592   	13000.000000	0.0259887 	13000.000000	0.0157506 	13000.000000	0.0156637 	13000.000000	0.0259885 	13000.000000	2.05271e-07	
14000.000000	0.0386527 	14000.000000	0.0271577 	14000.000000	0.0158599 	14000.000000	0.0157737 	14000.000000	0.0271575 	14000.000000	1.9147e-07	
15000.000000	0.0414802 	15000.000000	0.0283257 	15000.000000	0.0159617 	15000.000000	0.0158765 	15000.000000	0.0283255 	15000.000000	1.79453e-07	
16000.000000	0.0444018 	16000.000000	0.0294924 	16000.000000	0.016057  	16000.000000	0.0159728 	16000.000000	0.0294922 	16000.000000	1.68893e-07	
17000.000000	0.0474173 	17000.000000	0.0306575 	17000.000000	0.0161467 	17000.000000	0.0160634 	17000.000000	0.0306574 	17000.000000	1.59538e-07	
18000.000000	0.0505265 	18000.000000	0.0318209 	18000.000000	0.0162315 	18000.000000	0.0161488 	18000.000000	0.0318208 	18000.000000	1.51192e-07	
19000.000000	0.0537294 	19000.000000	0.0329825 	19000.000000	0.0163118 	19000.000000	0.0162296 	19000.000000	0.0329824 	19000.000000	1.43697e-07	
20000.000000	0.0570261 	20000.000000	0.0341422 	20000.000000	0.0163881 	20000.000000	0.0163062 	20000.000000	0.0341421 	20000.000000	1.36929e-07	
21000.000000	0.0604165 	21000.000000	0.0353    	21000.000000	0.0164605 	21000.000000	0.016379  	21000.000000	0.0352999 	21000.000000	1.30787e-07	
22000.000000	0.0639011 	22000.000000	0.0364559 	22000.000000	0.0165288 	22000.000000	0.0164484 	22000.000000	0.0364558 	22000.000000	1.25186e-07	
23000.000000	0.0674799 	23000.000000	0.0376099 	23000.000000	0.0165941 	23000.000000	0.0165145 	23000.000000	0.0376098 	23000.000000	1.20057e-07	
24000.000000	0.0711534 	24000.000000	0.038762  	24000.000000	0.0166566 	24000.000000	0.0165778 	24000.000000	0.0387618 	24000.000000	1.15343e-07	
25000.000000	0.0749217 	25000.000000	0.0399122 	25000.000000	0.0167162 	25000.000000	0.0166383 	25000.000000	0.0399121 	25000.000000	1.10995e-07	
26000.000000	0.0787853 	26000.000000	0.0410605 	26000.000000	0.0167734 	26000.000000	0.0166964 	26000.000000	0.0410604 	26000.000000	1.06971e-07	
27000.000000	0.0827446 	27000.000000	0.0422071 	27000.000000	0.0168284 	27000.000000	0.0167522 	27000.000000	0.042207  	27000.000000	1.03237e-07	
28000.000000	0.0867998 	28000.000000	0.0433518 	28000.000000	0.0168812 	28000.000000	0.0168059 	28000.000000	0.0433517 	28000.000000	9.97608e-08	
29000.000000	0.0909515 	29000.000000	0.0444949 	29000.000000	0.0169319 	29000.000000	0.0168575 	29000.000000	0.0444948 	29000.000000	9.65175e-08	
30000.000000	0.0952001 	30000.000000	0.0456362 	30000.000000	0.0169808 	30000.000000	0.0169074 	30000.000000	0.0456361 	30000.000000	9.34841e-08	
32000.000000	0.10399   	32000.000000	0.0479138 	32000.000000	0.0170733 	32000.000000	0.017002  	32000.000000	0.0479138 	32000.000000	8.79693e-08	
34000.000000	0.113172  	34000.000000	0.0501851 	34000.000000	0.0171598 	34000.000000	0.0170905 	34000.000000	0.050185  	34000.000000	8.30846e-08	
36000.000000	0.122751  	36000.000000	0.0524503 	36000.000000	0.0172405 	36000.000000	0.0171737 	36000.000000	0.0524502 	36000.000000	7.8727e-08	
38000.000000	0.132731  	38000.000000	0.0547096 	38000.000000	0.0173161 	38000.000000	0.0172521 	38000.000000	0.0547095 	38000.000000	7.48149e-08	
40000.000000	0.143116  	40000.000000	0.0569633 	40000.000000	0.0173871 	40000.000000	0.0173262 	40000.000000	0.0569632 	40000.000000	7.12827e-08	
42000.000000	0.153909  	42000.000000	0.0592117 	42000.000000	0.0174544 	42000.000000	0.0173965 	42000.000000	0.0592116 	42000.000000	6.80772e-08	
44000.000000	0.165116  	44000.000000	0.0614549 	44000.000000	0.0175182 	44000.000000	0.0174632 	44000.000000	0.0614548 	44000.000000	6.51547e-08	
46000.000000	0.176741  	46000.000000	0.0636932 	46000.000000	0.017579  	46000.000000	0.0175268 	46000.000000	0.0636932 	46000.000000	6.2479e-08	
48000.000000	0.188787  	48000.000000	0.0659268 	48000.000000	0.0176371 	48000.000000	0.0175875 	48000.000000	0.0659268 	48000.000000	6.00199e-08	
50000.000000	0.20126   	50000.000000	0.0681559 	50000.000000	0.0176923 	50000.000000	0.0176456 	50000.000000	0.0681559 	50000.000000	5.77519e-08	
